: , PythonTruncatedBzip2Test::testTruncatedData , PythonTruncatedBzip2Test::testPartialReadTruncatedData , BZip2CompressorInputStream_ESTest::test0 , BZip2CompressorInputStream_ESTest::test1 , BZip2CompressorInputStream_ESTest::test2 , BZip2CompressorInputStream_ESTest::test3 , BZip2CompressorInputStream_ESTest::test4 , BZip2CompressorInputStream_ESTest::test5 , BZip2CompressorInputStream_ESTest::test6 , BZip2CompressorInputStream_ESTest::test7 , RegressionTest0::test01 , RegressionTest0::test02 , RegressionTest0::test03 , RegressionTest0::test04 , RegressionTest0::test05 , RegressionTest0::test06 , RegressionTest0::test07 , RegressionTest0::test08 , RegressionTest0::test09 , RegressionTest0::test10 , RegressionTest0::test11 , RegressionTest0::test12 , RegressionTest0::test13 , RegressionTest0::test14 , RegressionTest0::test15 , RegressionTest0::test16 , RegressionTest0::test17 , RegressionTest0::test18 , RegressionTest0::test19 , RegressionTest0::test20 , RegressionTest0::test21 , RegressionTest0::test22 , RegressionTest0::test23 , RegressionTest0::test24 , RegressionTest0::test25 , RegressionTest0::test26 , RegressionTest0::test27 , RegressionTest0::test28 , RegressionTest0::test29 , RegressionTest0::test30 , RegressionTest0::test31 , RegressionTest0::test32 , RegressionTest0::test33 , RegressionTest0::test34 , RegressionTest0::test35 , RegressionTest0::test36 , RegressionTest0::test37 , RegressionTest0::test38 , RegressionTest0::test39 , RegressionTest0::test40 , RegressionTest0::test41 , RegressionTest0::test42 , RegressionTest0::test43 , RegressionTest0::test44 , RegressionTest0::test45 , RegressionTest0::test46 , RegressionTest0::test47 , RegressionTest0::test48 , RegressionTest0::test49 , RegressionTest0::test50 , RegressionTest0::test51 , RegressionTest0::test52 , RegressionTest0::test53 , RegressionTest0::test54 , RegressionTest0::test55 , RegressionTest0::test56 , RegressionTest0::test57 , RegressionTest0::test58 , RegressionTest0::test59 , RegressionTest0::test60 , RegressionTest0::test61 , RegressionTest0::test62 , RegressionTest0::test63 , RegressionTest0::test64 , RegressionTest0::test65 , RegressionTest0::test66 , RegressionTest0::test67 , RegressionTest0::test68 , RegressionTest0::test69 , RegressionTest0::test70 , RegressionTest0::test71 , 
PythonTruncatedBzip2Test::testTruncatedData , 0 , 332 , 315 , 428 , 458 , 488 , 157 , 158 , 171 , 359 , 449 , 532 , 444 , 448 , 360 , 2619 , 2624 , 6633 , 969 , 294 , 2605 , 3678 , 1680 , 16666 , 1884 , 3804 , 1364 , 6645 , 4630 , 1560 , 5372 , 295 , 2730 , 3790 , 3578 , 281 , 10796 , 734 , 4047 , 470 , 417 , 430 , 414 , 493 , 414 , 439 , 495 , 441 , 447 , 429 , 477 , 472 , 457 , 487 , 469 , 461 , 464 , 442 , 500 , 499 , 491 , 417 , 404 , 418 , 404 , 481 , 430 , 429 , 427 , 416 , 500 , 489 , 485 , 430 , 468 , 454 , 471 , 367 , 425 , 459 , 483 , 
PythonTruncatedBzip2Test::testPartialReadTruncatedData , 332 , 0 , 376 , 411 , 429 , 448 , 393 , 393 , 384 , 378 , 408 , 488 , 404 , 406 , 370 , 2485 , 2491 , 6462 , 862 , 369 , 2476 , 3531 , 1567 , 16448 , 1754 , 3649 , 1262 , 6470 , 4472 , 1449 , 5212 , 369 , 2596 , 3634 , 3432 , 369 , 10583 , 652 , 3880 , 446 , 411 , 420 , 409 , 465 , 409 , 423 , 464 , 424 , 430 , 416 , 450 , 445 , 436 , 457 , 444 , 440 , 441 , 425 , 469 , 468 , 462 , 415 , 407 , 412 , 407 , 452 , 420 , 416 , 418 , 414 , 469 , 461 , 456 , 418 , 444 , 434 , 445 , 373 , 414 , 438 , 454 , 
BZip2CompressorInputStream_ESTest::test0 , 315 , 376 , 0 , 144 , 176 , 208 , 277 , 277 , 280 , 171 , 371 , 476 , 364 , 370 , 328 , 2507 , 2511 , 6478 , 840 , 322 , 2494 , 3555 , 1575 , 16506 , 1758 , 3667 , 1280 , 6493 , 4504 , 1461 , 5211 , 324 , 2617 , 3654 , 3460 , 316 , 10634 , 618 , 3886 , 430 , 383 , 394 , 381 , 454 , 381 , 401 , 453 , 403 , 409 , 393 , 435 , 430 , 416 , 445 , 427 , 420 , 424 , 404 , 458 , 456 , 452 , 380 , 370 , 383 , 370 , 439 , 394 , 394 , 391 , 378 , 458 , 450 , 443 , 394 , 429 , 414 , 429 , 333 , 389 , 417 , 441 , 
BZip2CompressorInputStream_ESTest::test1 , 428 , 411 , 144 , 0 , 33 , 65 , 376 , 376 , 352 , 208 , 380 , 478 , 374 , 380 , 374 , 2468 , 2473 , 6395 , 774 , 377 , 2454 , 3513 , 1540 , 16403 , 1720 , 3625 , 1253 , 6414 , 4459 , 1431 , 5165 , 378 , 2579 , 3613 , 3421 , 379 , 10521 , 589 , 3820 , 436 , 412 , 419 , 413 , 453 , 412 , 420 , 446 , 421 , 426 , 417 , 436 , 437 , 427 , 443 , 433 , 431 , 434 , 422 , 451 , 451 , 450 , 410 , 405 , 414 , 406 , 439 , 419 , 417 , 417 , 408 , 452 , 449 , 442 , 417 , 435 , 426 , 434 , 373 , 414 , 429 , 439 , 
BZip2CompressorInputStream_ESTest::test2 , 458 , 429 , 176 , 33 , 0 , 34 , 408 , 407 , 376 , 221 , 384 , 483 , 377 , 383 , 395 , 2463 , 2468 , 6385 , 770 , 401 , 2451 , 3500 , 1543 , 16382 , 1721 , 3614 , 1253 , 6407 , 4445 , 1433 , 5157 , 400 , 2570 , 3600 , 3408 , 401 , 10501 , 592 , 3808 , 448 , 428 , 432 , 426 , 462 , 426 , 433 , 455 , 435 , 442 , 428 , 447 , 450 , 444 , 455 , 447 , 448 , 448 , 436 , 461 , 459 , 458 , 422 , 417 , 429 , 417 , 450 , 433 , 428 , 431 , 423 , 462 , 458 , 454 , 432 , 447 , 444 , 450 , 394 , 429 , 446 , 452 , 
BZip2CompressorInputStream_ESTest::test3 , 488 , 448 , 208 , 65 , 34 , 0 , 439 , 439 , 407 , 244 , 394 , 494 , 386 , 393 , 413 , 2456 , 2461 , 6373 , 772 , 421 , 2449 , 3493 , 1545 , 16356 , 1713 , 3599 , 1256 , 6395 , 4433 , 1431 , 5148 , 421 , 2563 , 3586 , 3397 , 422 , 10482 , 600 , 3801 , 460 , 437 , 442 , 435 , 474 , 435 , 445 , 467 , 447 , 452 , 441 , 460 , 464 , 455 , 468 , 460 , 458 , 461 , 448 , 474 , 472 , 471 , 436 , 429 , 440 , 430 , 463 , 443 , 441 , 441 , 436 , 475 , 472 , 466 , 443 , 460 , 452 , 462 , 412 , 441 , 456 , 465 , 
BZip2CompressorInputStream_ESTest::test4 , 157 , 393 , 277 , 376 , 408 , 439 , 0 , 3 , 33 , 286 , 432 , 485 , 425 , 430 , 321 , 2591 , 2597 , 6637 , 941 , 236 , 2578 , 3659 , 1653 , 16681 , 1857 , 3786 , 1326 , 6642 , 4615 , 1527 , 5364 , 237 , 2706 , 3770 , 3557 , 231 , 10810 , 696 , 4047 , 420 , 365 , 380 , 362 , 442 , 362 , 388 , 445 , 390 , 396 , 376 , 427 , 421 , 405 , 436 , 417 , 409 , 412 , 390 , 450 , 450 , 441 , 362 , 349 , 366 , 349 , 432 , 379 , 377 , 376 , 361 , 451 , 439 , 436 , 377 , 418 , 404 , 420 , 323 , 374 , 408 , 434 , 
BZip2CompressorInputStream_ESTest::test5 , 158 , 393 , 277 , 376 , 407 , 439 , 3 , 0 , 35 , 288 , 431 , 485 , 425 , 431 , 319 , 2590 , 2596 , 6639 , 942 , 236 , 2577 , 3658 , 1652 , 16683 , 1855 , 3786 , 1326 , 6643 , 4614 , 1526 , 5364 , 237 , 2705 , 3771 , 3555 , 230 , 10811 , 696 , 4047 , 419 , 364 , 379 , 362 , 442 , 361 , 388 , 444 , 389 , 395 , 376 , 427 , 421 , 405 , 436 , 416 , 409 , 412 , 390 , 450 , 448 , 439 , 361 , 348 , 365 , 348 , 430 , 377 , 375 , 375 , 361 , 450 , 438 , 435 , 377 , 416 , 403 , 419 , 323 , 373 , 407 , 433 , 
BZip2CompressorInputStream_ESTest::test6 , 171 , 384 , 280 , 352 , 376 , 407 , 33 , 35 , 0 , 257 , 422 , 480 , 415 , 421 , 312 , 2572 , 2579 , 6614 , 914 , 226 , 2560 , 3636 , 1637 , 16653 , 1838 , 3760 , 1310 , 6615 , 4592 , 1510 , 5341 , 226 , 2687 , 3746 , 3534 , 219 , 10780 , 676 , 4021 , 403 , 356 , 370 , 353 , 424 , 353 , 378 , 427 , 381 , 385 , 368 , 411 , 407 , 396 , 420 , 403 , 399 , 398 , 382 , 432 , 431 , 422 , 357 , 345 , 358 , 345 , 414 , 370 , 368 , 367 , 356 , 431 , 419 , 418 , 368 , 400 , 393 , 404 , 313 , 364 , 397 , 417 , 
BZip2CompressorInputStream_ESTest::test7 , 359 , 378 , 171 , 208 , 221 , 244 , 286 , 288 , 257 , 0 , 399 , 447 , 393 , 398 , 342 , 2490 , 2489 , 6463 , 771 , 344 , 2476 , 3529 , 1566 , 16484 , 1755 , 3645 , 1276 , 6477 , 4480 , 1460 , 5225 , 345 , 2594 , 3633 , 3433 , 338 , 10597 , 551 , 3897 , 411 , 373 , 378 , 372 , 430 , 371 , 384 , 421 , 386 , 401 , 385 , 413 , 407 , 400 , 415 , 406 , 404 , 409 , 387 , 429 , 427 , 431 , 364 , 363 , 372 , 364 , 415 , 378 , 385 , 376 , 363 , 427 , 426 , 418 , 375 , 411 , 398 , 406 , 343 , 375 , 400 , 415 , 
RegressionTest0::test01 , 449 , 408 , 371 , 380 , 384 , 394 , 432 , 431 , 422 , 399 , 0 , 368 , 10 , 6 , 181 , 2345 , 2349 , 6291 , 652 , 270 , 2330 , 3404 , 1415 , 16344 , 1592 , 3501 , 1119 , 6320 , 4356 , 1303 , 5057 , 270 , 2457 , 3488 , 3305 , 271 , 10460 , 434 , 3729 , 345 , 303 , 306 , 304 , 359 , 304 , 315 , 356 , 316 , 327 , 315 , 344 , 340 , 330 , 348 , 338 , 332 , 341 , 316 , 359 , 359 , 355 , 299 , 298 , 306 , 298 , 349 , 306 , 315 , 306 , 299 , 358 , 357 , 347 , 308 , 345 , 327 , 338 , 187 , 307 , 332 , 347 , 
RegressionTest0::test02 , 532 , 488 , 476 , 478 , 483 , 494 , 485 , 485 , 480 , 447 , 368 , 0 , 364 , 366 , 315 , 2214 , 2217 , 6217 , 498 , 276 , 2210 , 3211 , 1183 , 16229 , 1436 , 3351 , 1041 , 6227 , 4212 , 1192 , 4966 , 274 , 2315 , 3338 , 3172 , 289 , 10363 , 354 , 3647 , 217 , 161 , 146 , 160 , 240 , 159 , 162 , 219 , 164 , 193 , 174 , 211 , 194 , 178 , 210 , 191 , 182 , 210 , 164 , 220 , 224 , 238 , 129 , 141 , 160 , 142 , 215 , 148 , 174 , 146 , 130 , 224 , 234 , 205 , 152 , 215 , 177 , 193 , 311 , 158 , 180 , 217 , 
RegressionTest0::test03 , 444 , 404 , 364 , 374 , 377 , 386 , 425 , 425 , 415 , 393 , 10 , 364 , 0 , 9 , 180 , 2347 , 2351 , 6295 , 654 , 264 , 2334 , 3406 , 1415 , 16351 , 1593 , 3503 , 1120 , 6323 , 4358 , 1301 , 5060 , 264 , 2457 , 3489 , 3307 , 266 , 10466 , 433 , 3732 , 338 , 298 , 298 , 296 , 356 , 298 , 309 , 349 , 310 , 324 , 309 , 339 , 333 , 321 , 341 , 331 , 325 , 334 , 310 , 352 , 352 , 354 , 292 , 289 , 298 , 291 , 342 , 298 , 309 , 298 , 292 , 353 , 352 , 338 , 300 , 338 , 320 , 331 , 190 , 299 , 325 , 342 , 
RegressionTest0::test04 , 448 , 406 , 370 , 380 , 383 , 393 , 430 , 431 , 421 , 398 , 6 , 366 , 9 , 0 , 180 , 2344 , 2348 , 6292 , 651 , 269 , 2331 , 3403 , 1414 , 16342 , 1590 , 3500 , 1118 , 6319 , 4355 , 1302 , 5058 , 269 , 2456 , 3485 , 3304 , 270 , 10461 , 433 , 3728 , 344 , 304 , 305 , 304 , 356 , 304 , 314 , 355 , 315 , 328 , 315 , 345 , 339 , 329 , 345 , 337 , 331 , 340 , 315 , 358 , 358 , 356 , 298 , 297 , 303 , 297 , 348 , 305 , 315 , 305 , 298 , 359 , 356 , 346 , 305 , 344 , 326 , 337 , 186 , 306 , 331 , 348 , 
RegressionTest0::test05 , 360 , 370 , 328 , 374 , 395 , 413 , 321 , 319 , 312 , 342 , 181 , 315 , 180 , 180 , 0 , 2363 , 2369 , 6349 , 674 , 159 , 2350 , 3420 , 1441 , 16422 , 1636 , 3547 , 1145 , 6392 , 4375 , 1325 , 5130 , 160 , 2478 , 3532 , 3320 , 148 , 10540 , 430 , 3799 , 243 , 200 , 211 , 198 , 264 , 196 , 218 , 264 , 220 , 225 , 210 , 247 , 245 , 234 , 258 , 241 , 237 , 238 , 221 , 269 , 268 , 262 , 206 , 195 , 202 , 193 , 252 , 211 , 210 , 209 , 205 , 269 , 260 , 256 , 211 , 239 , 232 , 245 , 13 , 207 , 236 , 254 , 
RegressionTest0::test06 , 2619 , 2485 , 2507 , 2468 , 2463 , 2456 , 2591 , 2590 , 2572 , 2490 , 2345 , 2214 , 2347 , 2344 , 2363 , 0 , 11 , 4067 , 2045 , 2383 , 64 , 1080 , 1116 , 14110 , 983 , 1205 , 1293 , 4080 , 2038 , 1102 , 3555 , 2382 , 154 , 1191 , 977 , 2393 , 8238 , 2075 , 1480 , 2220 , 2247 , 2236 , 2248 , 2219 , 2247 , 2226 , 2211 , 2230 , 2232 , 2241 , 2215 , 2217 , 2223 , 2207 , 2218 , 2218 , 2227 , 2229 , 2208 , 2210 , 2221 , 2243 , 2253 , 2246 , 2254 , 2212 , 2235 , 2241 , 2235 , 2242 , 2211 , 2222 , 2209 , 2233 , 2224 , 2222 , 2217 , 2361 , 2240 , 2221 , 2211 , 
RegressionTest0::test07 , 2624 , 2491 , 2511 , 2473 , 2468 , 2461 , 2597 , 2596 , 2579 , 2489 , 2349 , 2217 , 2351 , 2348 , 2369 , 11 , 0 , 4063 , 2045 , 2389 , 65 , 1078 , 1110 , 14105 , 977 , 1203 , 1297 , 4077 , 2040 , 1108 , 3555 , 2388 , 154 , 1188 , 977 , 2401 , 8231 , 2083 , 1472 , 2226 , 2254 , 2243 , 2255 , 2225 , 2254 , 2234 , 2215 , 2236 , 2238 , 2247 , 2220 , 2223 , 2229 , 2213 , 2224 , 2226 , 2231 , 2235 , 2214 , 2216 , 2227 , 2249 , 2259 , 2253 , 2260 , 2218 , 2240 , 2247 , 2242 , 2248 , 2217 , 2228 , 2215 , 2240 , 2230 , 2230 , 2221 , 2363 , 2246 , 2227 , 2215 , 
RegressionTest0::test08 , 6633 , 6462 , 6478 , 6395 , 6385 , 6373 , 6637 , 6639 , 6614 , 6463 , 6291 , 6217 , 6295 , 6292 , 6349 , 4067 , 4063 , 0 , 5835 , 6428 , 4100 , 3110 , 5072 , 10280 , 4875 , 3025 , 5335 , 2482 , 2107 , 5135 , 4390 , 6428 , 3990 , 3026 , 3126 , 6442 , 4511 , 6007 , 3113 , 6262 , 6290 , 6279 , 6293 , 6247 , 6293 , 6271 , 6241 , 6271 , 6273 , 6285 , 6254 , 6255 , 6262 , 6245 , 6257 , 6258 , 6267 , 6270 , 6236 , 6241 , 6250 , 6287 , 6301 , 6290 , 6301 , 6252 , 6278 , 6283 , 6280 , 6287 , 6239 , 6251 , 6249 , 6277 , 6263 , 6265 , 6257 , 6342 , 6283 , 6260 , 6250 , 
RegressionTest0::test09 , 969 , 862 , 840 , 774 , 770 , 772 , 941 , 942 , 914 , 771 , 652 , 498 , 654 , 651 , 674 , 2045 , 2045 , 5835 , 0 , 731 , 2023 , 3063 , 1195 , 15839 , 1192 , 3057 , 927 , 5872 , 3991 , 1112 , 4653 , 732 , 2139 , 3052 , 2962 , 745 , 9931 , 253 , 3311 , 574 , 597 , 586 , 598 , 571 , 598 , 578 , 559 , 579 , 583 , 588 , 569 , 569 , 574 , 564 , 569 , 574 , 579 , 578 , 555 , 559 , 570 , 586 , 599 , 596 , 599 , 569 , 585 , 588 , 582 , 586 , 561 , 571 , 561 , 586 , 576 , 575 , 567 , 670 , 590 , 574 , 569 , 
RegressionTest0::test10 , 294 , 369 , 322 , 377 , 401 , 421 , 236 , 236 , 226 , 344 , 270 , 276 , 264 , 269 , 159 , 2383 , 2389 , 6428 , 731 , 0 , 2369 , 3450 , 1439 , 16475 , 1647 , 3577 , 1113 , 6436 , 4408 , 1314 , 5158 , 5 , 2499 , 3565 , 3350 , 19 , 10604 , 486 , 3835 , 213 , 160 , 171 , 158 , 238 , 158 , 182 , 239 , 183 , 191 , 170 , 221 , 215 , 200 , 231 , 212 , 204 , 208 , 184 , 243 , 241 , 236 , 154 , 142 , 161 , 142 , 225 , 171 , 172 , 168 , 151 , 244 , 234 , 228 , 172 , 213 , 197 , 214 , 154 , 167 , 200 , 227 , 
RegressionTest0::test11 , 2605 , 2476 , 2494 , 2454 , 2451 , 2449 , 2578 , 2577 , 2560 , 2476 , 2330 , 2210 , 2334 , 2331 , 2350 , 64 , 65 , 4100 , 2023 , 2369 , 0 , 1112 , 1095 , 14127 , 995 , 1239 , 1287 , 4098 , 2074 , 1110 , 3567 , 2370 , 163 , 1226 , 1015 , 2383 , 8262 , 2062 , 1510 , 2209 , 2234 , 2225 , 2237 , 2208 , 2236 , 2219 , 2199 , 2221 , 2222 , 2231 , 2202 , 2209 , 2213 , 2196 , 2210 , 2210 , 2217 , 2220 , 2197 , 2199 , 2208 , 2230 , 2240 , 2235 , 2241 , 2202 , 2224 , 2231 , 2224 , 2229 , 2198 , 2211 , 2198 , 2223 , 2213 , 2214 , 2210 , 2347 , 2229 , 2211 , 2198 , 
RegressionTest0::test12 , 3678 , 3531 , 3555 , 3513 , 3500 , 3493 , 3659 , 3658 , 3636 , 3529 , 3404 , 3211 , 3406 , 3403 , 3420 , 1080 , 1078 , 3110 , 3063 , 3450 , 1112 , 0 , 2068 , 13059 , 1974 , 179 , 2359 , 3144 , 1163 , 2166 , 3590 , 3450 , 1005 , 173 , 143 , 3464 , 7199 , 3122 , 1753 , 3287 , 3316 , 3303 , 3317 , 3276 , 3316 , 3295 , 3268 , 3296 , 3296 , 3308 , 3282 , 3278 , 3286 , 3274 , 3281 , 3283 , 3290 , 3295 , 3265 , 3267 , 3278 , 3309 , 3322 , 3315 , 3323 , 3280 , 3304 , 3307 , 3304 , 3310 , 3268 , 3277 , 3276 , 3302 , 3290 , 3287 , 3280 , 3417 , 3309 , 3284 , 3278 , 
RegressionTest0::test13 , 1680 , 1567 , 1575 , 1540 , 1543 , 1545 , 1653 , 1652 , 1637 , 1566 , 1415 , 1183 , 1415 , 1414 , 1441 , 1116 , 1110 , 5072 , 1195 , 1439 , 1095 , 2068 , 0 , 15068 , 313 , 2214 , 365 , 5086 , 3088 , 157 , 4127 , 1441 , 1194 , 2200 , 2049 , 1454 , 9210 , 1186 , 2520 , 1293 , 1311 , 1300 , 1310 , 1286 , 1311 , 1295 , 1278 , 1297 , 1295 , 1307 , 1289 , 1286 , 1282 , 1280 , 1287 , 1281 , 1296 , 1296 , 1275 , 1278 , 1288 , 1304 , 1313 , 1310 , 1316 , 1286 , 1299 , 1307 , 1298 , 1303 , 1279 , 1289 , 1279 , 1298 , 1296 , 1285 , 1286 , 1435 , 1306 , 1282 , 1285 , 
RegressionTest0::test14 , 16666 , 16448 , 16506 , 16403 , 16382 , 16356 , 16681 , 16683 , 16653 , 16484 , 16344 , 16229 , 16351 , 16342 , 16422 , 14110 , 14105 , 10280 , 15839 , 16475 , 14127 , 13059 , 15068 , 0 , 14849 , 12933 , 15375 , 11349 , 12099 , 15178 , 12642 , 16476 , 14002 , 12945 , 13149 , 16490 , 6321 , 16052 , 12788 , 16291 , 16333 , 16321 , 16336 , 16276 , 16335 , 16311 , 16272 , 16311 , 16311 , 16324 , 16282 , 16285 , 16299 , 16273 , 16290 , 16296 , 16297 , 16309 , 16267 , 16270 , 16280 , 16334 , 16348 , 16331 , 16348 , 16282 , 16321 , 16322 , 16321 , 16335 , 16269 , 16281 , 16278 , 16318 , 16294 , 16301 , 16288 , 16413 , 16325 , 16298 , 16279 , 
RegressionTest0::test15 , 1884 , 1754 , 1758 , 1720 , 1721 , 1713 , 1857 , 1855 , 1838 , 1755 , 1592 , 1436 , 1593 , 1590 , 1636 , 983 , 977 , 4875 , 1192 , 1647 , 995 , 1974 , 313 , 14849 , 0 , 1947 , 563 , 4845 , 2885 , 382 , 3970 , 1648 , 1046 , 1960 , 1868 , 1661 , 8985 , 1362 , 2258 , 1489 , 1512 , 1503 , 1514 , 1481 , 1511 , 1494 , 1471 , 1495 , 1496 , 1507 , 1484 , 1475 , 1484 , 1475 , 1475 , 1481 , 1486 , 1493 , 1470 , 1471 , 1482 , 1505 , 1519 , 1510 , 1518 , 1482 , 1501 , 1506 , 1502 , 1507 , 1470 , 1484 , 1479 , 1500 , 1490 , 1483 , 1475 , 1633 , 1506 , 1482 , 1480 , 
RegressionTest0::test16 , 3804 , 3649 , 3667 , 3625 , 3614 , 3599 , 3786 , 3786 , 3760 , 3645 , 3501 , 3351 , 3503 , 3500 , 3547 , 1205 , 1203 , 3025 , 3057 , 3577 , 1239 , 179 , 2214 , 12933 , 1947 , 0 , 2488 , 3126 , 1089 , 2294 , 3472 , 3577 , 1131 , 21 , 254 , 3590 , 7062 , 3233 , 1720 , 3408 , 3442 , 3429 , 3443 , 3396 , 3442 , 3419 , 3387 , 3422 , 3420 , 3434 , 3400 , 3402 , 3410 , 3394 , 3402 , 3405 , 3412 , 3421 , 3385 , 3388 , 3398 , 3438 , 3450 , 3440 , 3451 , 3396 , 3428 , 3433 , 3429 , 3438 , 3386 , 3398 , 3397 , 3428 , 3410 , 3410 , 3403 , 3541 , 3435 , 3408 , 3396 , 
RegressionTest0::test17 , 1364 , 1262 , 1280 , 1253 , 1253 , 1256 , 1326 , 1326 , 1310 , 1276 , 1119 , 1041 , 1120 , 1118 , 1145 , 1293 , 1297 , 5335 , 927 , 1113 , 1287 , 2359 , 365 , 15375 , 563 , 2488 , 0 , 5344 , 3315 , 224 , 4319 , 1114 , 1407 , 2475 , 2258 , 1124 , 9503 , 968 , 2747 , 969 , 987 , 996 , 987 , 963 , 987 , 983 , 971 , 985 , 977 , 978 , 972 , 979 , 988 , 976 , 982 , 985 , 969 , 985 , 972 , 972 , 965 , 998 , 991 , 987 , 991 , 970 , 993 , 978 , 994 , 997 , 974 , 966 , 978 , 992 , 972 , 986 , 979 , 1148 , 987 , 986 , 968 , 
RegressionTest0::test18 , 6645 , 6470 , 6493 , 6414 , 6407 , 6395 , 6642 , 6643 , 6615 , 6477 , 6320 , 6227 , 6323 , 6319 , 6392 , 4080 , 4077 , 2482 , 5872 , 6436 , 4098 , 3144 , 5086 , 11349 , 4845 , 3126 , 5344 , 0 , 2561 , 5149 , 2901 , 6437 , 3963 , 3140 , 3137 , 6449 , 5790 , 6037 , 3184 , 6262 , 6296 , 6285 , 6299 , 6244 , 6299 , 6277 , 6235 , 6274 , 6276 , 6288 , 6254 , 6254 , 6264 , 6245 , 6257 , 6260 , 6264 , 6272 , 6233 , 6235 , 6245 , 6296 , 6308 , 6295 , 6308 , 6254 , 6284 , 6284 , 6286 , 6295 , 6235 , 6247 , 6249 , 6283 , 6263 , 6266 , 6255 , 6384 , 6289 , 6264 , 6250 , 
RegressionTest0::test19 , 4630 , 4472 , 4504 , 4459 , 4445 , 4433 , 4615 , 4614 , 4592 , 4480 , 4356 , 4212 , 4358 , 4355 , 4375 , 2038 , 2040 , 2107 , 3991 , 4408 , 2074 , 1163 , 3088 , 12099 , 2885 , 1089 , 3315 , 2561 , 0 , 3121 , 3647 , 4409 , 1939 , 1080 , 1091 , 4422 , 6230 , 4064 , 2091 , 4240 , 4272 , 4261 , 4274 , 4231 , 4273 , 4252 , 4222 , 4253 , 4249 , 4265 , 4235 , 4233 , 4241 , 4227 , 4234 , 4238 , 4243 , 4252 , 4218 , 4222 , 4233 , 4268 , 4280 , 4271 , 4281 , 4233 , 4260 , 4264 , 4259 , 4267 , 4223 , 4234 , 4229 , 4258 , 4243 , 4243 , 4234 , 4369 , 4262 , 4239 , 4231 , 
RegressionTest0::test20 , 1560 , 1449 , 1461 , 1431 , 1433 , 1431 , 1527 , 1526 , 1510 , 1460 , 1303 , 1192 , 1301 , 1302 , 1325 , 1102 , 1108 , 5135 , 1112 , 1314 , 1110 , 2166 , 157 , 15178 , 382 , 2294 , 224 , 5149 , 3121 , 0 , 4127 , 1314 , 1216 , 2277 , 2061 , 1325 , 9303 , 1095 , 2540 , 1165 , 1185 , 1176 , 1186 , 1160 , 1185 , 1173 , 1155 , 1174 , 1169 , 1179 , 1163 , 1163 , 1162 , 1158 , 1164 , 1159 , 1169 , 1173 , 1150 , 1153 , 1162 , 1182 , 1189 , 1185 , 1190 , 1161 , 1175 , 1180 , 1175 , 1179 , 1156 , 1163 , 1157 , 1176 , 1170 , 1163 , 1163 , 1331 , 1180 , 1158 , 1159 , 
RegressionTest0::test21 , 5372 , 5212 , 5211 , 5165 , 5157 , 5148 , 5364 , 5364 , 5341 , 5225 , 5057 , 4966 , 5060 , 5058 , 5130 , 3555 , 3555 , 4390 , 4653 , 5158 , 3567 , 3590 , 4127 , 12642 , 3970 , 3472 , 4319 , 2901 , 3647 , 4127 , 0 , 5156 , 3547 , 3468 , 3538 , 5168 , 8048 , 4783 , 3465 , 4986 , 5015 , 5005 , 5018 , 4979 , 5019 , 4998 , 4970 , 4999 , 4994 , 5010 , 4978 , 4981 , 4984 , 4976 , 4982 , 4982 , 4992 , 4998 , 4968 , 4969 , 4978 , 5017 , 5031 , 5016 , 5030 , 4978 , 5004 , 5010 , 5005 , 5018 , 4967 , 4980 , 4978 , 5004 , 4989 , 4982 , 4981 , 5121 , 5009 , 4983 , 4977 , 
RegressionTest0::test22 , 295 , 369 , 324 , 378 , 400 , 421 , 237 , 237 , 226 , 345 , 270 , 274 , 264 , 269 , 160 , 2382 , 2388 , 6428 , 732 , 5 , 2370 , 3450 , 1441 , 16476 , 1648 , 3577 , 1114 , 6437 , 4409 , 1314 , 5156 , 0 , 2497 , 3563 , 3348 , 18 , 10602 , 484 , 3834 , 215 , 160 , 168 , 158 , 238 , 158 , 182 , 238 , 182 , 191 , 171 , 220 , 213 , 199 , 231 , 211 , 204 , 208 , 184 , 243 , 242 , 235 , 152 , 142 , 161 , 142 , 224 , 170 , 172 , 168 , 153 , 243 , 231 , 227 , 172 , 212 , 197 , 213 , 155 , 167 , 201 , 227 , 
RegressionTest0::test23 , 2730 , 2596 , 2617 , 2579 , 2570 , 2563 , 2706 , 2705 , 2687 , 2594 , 2457 , 2315 , 2457 , 2456 , 2478 , 154 , 154 , 3990 , 2139 , 2499 , 163 , 1005 , 1194 , 14002 , 1046 , 1131 , 1407 , 3963 , 1939 , 1216 , 3547 , 2497 , 0 , 1114 , 905 , 2509 , 8132 , 2179 , 1400 , 2338 , 2361 , 2350 , 2361 , 2327 , 2362 , 2343 , 2318 , 2344 , 2345 , 2356 , 2332 , 2330 , 2334 , 2325 , 2331 , 2333 , 2339 , 2343 , 2316 , 2318 , 2329 , 2358 , 2366 , 2360 , 2369 , 2330 , 2350 , 2355 , 2350 , 2357 , 2318 , 2329 , 2325 , 2348 , 2340 , 2337 , 2330 , 2472 , 2354 , 2334 , 2328 , 
RegressionTest0::test24 , 3790 , 3634 , 3654 , 3613 , 3600 , 3586 , 3770 , 3771 , 3746 , 3633 , 3488 , 3338 , 3489 , 3485 , 3532 , 1191 , 1188 , 3026 , 3052 , 3565 , 1226 , 173 , 2200 , 12945 , 1960 , 21 , 2475 , 3140 , 1080 , 2277 , 3468 , 3563 , 1114 , 0 , 250 , 3575 , 7075 , 3215 , 1716 , 3392 , 3428 , 3417 , 3429 , 3379 , 3428 , 3406 , 3372 , 3407 , 3405 , 3419 , 3386 , 3386 , 3395 , 3377 , 3388 , 3392 , 3397 , 3406 , 3371 , 3372 , 3382 , 3424 , 3435 , 3425 , 3436 , 3385 , 3416 , 3418 , 3416 , 3423 , 3372 , 3383 , 3382 , 3412 , 3395 , 3397 , 3387 , 3526 , 3421 , 3393 , 3383 , 
RegressionTest0::test25 , 3578 , 3432 , 3460 , 3421 , 3408 , 3397 , 3557 , 3555 , 3534 , 3433 , 3305 , 3172 , 3307 , 3304 , 3320 , 977 , 977 , 3126 , 2962 , 3350 , 1015 , 143 , 2049 , 13149 , 1868 , 254 , 2258 , 3137 , 1091 , 2061 , 3538 , 3348 , 905 , 250 , 0 , 3360 , 7281 , 3022 , 1698 , 3185 , 3213 , 3202 , 3214 , 3174 , 3211 , 3193 , 3165 , 3194 , 3194 , 3206 , 3180 , 3178 , 3184 , 3172 , 3177 , 3181 , 3187 , 3193 , 3163 , 3165 , 3175 , 3208 , 3220 , 3211 , 3219 , 3178 , 3201 , 3205 , 3201 , 3208 , 3166 , 3177 , 3174 , 3199 , 3186 , 3185 , 3178 , 3317 , 3206 , 3182 , 3176 , 
RegressionTest0::test26 , 281 , 369 , 316 , 379 , 401 , 422 , 231 , 230 , 219 , 338 , 271 , 289 , 266 , 270 , 148 , 2393 , 2401 , 6442 , 745 , 19 , 2383 , 3464 , 1454 , 16490 , 1661 , 3590 , 1124 , 6449 , 4422 , 1325 , 5168 , 18 , 2509 , 3575 , 3360 , 0 , 10617 , 497 , 3848 , 225 , 170 , 186 , 168 , 248 , 167 , 191 , 251 , 197 , 201 , 182 , 233 , 227 , 212 , 243 , 224 , 214 , 218 , 197 , 256 , 255 , 246 , 166 , 152 , 173 , 152 , 235 , 185 , 182 , 182 , 165 , 256 , 244 , 241 , 184 , 223 , 207 , 226 , 156 , 180 , 214 , 239 , 
RegressionTest0::test27 , 10796 , 10583 , 10634 , 10521 , 10501 , 10482 , 10810 , 10811 , 10780 , 10597 , 10460 , 10363 , 10466 , 10461 , 10540 , 8238 , 8231 , 4511 , 9931 , 10604 , 8262 , 7199 , 9210 , 6321 , 8985 , 7062 , 9503 , 5790 , 6230 , 9303 , 8048 , 10602 , 8132 , 7075 , 7281 , 10617 , 0 , 10157 , 6937 , 10422 , 10463 , 10451 , 10466 , 10407 , 10466 , 10440 , 10399 , 10442 , 10441 , 10453 , 10414 , 10418 , 10429 , 10406 , 10421 , 10427 , 10427 , 10440 , 10397 , 10400 , 10408 , 10463 , 10476 , 10462 , 10476 , 10413 , 10448 , 10453 , 10453 , 10463 , 10399 , 10409 , 10409 , 10450 , 10425 , 10432 , 10417 , 10534 , 10456 , 10429 , 10409 , 
RegressionTest0::test28 , 734 , 652 , 618 , 589 , 592 , 600 , 696 , 696 , 676 , 551 , 434 , 354 , 433 , 433 , 430 , 2075 , 2083 , 6007 , 253 , 486 , 2062 , 3122 , 1186 , 16052 , 1362 , 3233 , 968 , 6037 , 4064 , 1095 , 4783 , 484 , 2179 , 3215 , 3022 , 497 , 10157 , 0 , 3453 , 353 , 352 , 345 , 352 , 361 , 352 , 341 , 347 , 340 , 353 , 351 , 349 , 345 , 343 , 347 , 343 , 345 , 355 , 339 , 350 , 348 , 359 , 340 , 352 , 353 , 352 , 351 , 345 , 348 , 344 , 339 , 348 , 358 , 347 , 345 , 353 , 341 , 344 , 435 , 350 , 344 , 351 , 
RegressionTest0::test29 , 4047 , 3880 , 3886 , 3820 , 3808 , 3801 , 4047 , 4047 , 4021 , 3897 , 3729 , 3647 , 3732 , 3728 , 3799 , 1480 , 1472 , 3113 , 3311 , 3835 , 1510 , 1753 , 2520 , 12788 , 2258 , 1720 , 2747 , 3184 , 2091 , 2540 , 3465 , 3834 , 1400 , 1716 , 1698 , 3848 , 6937 , 3453 , 0 , 3665 , 3696 , 3685 , 3699 , 3651 , 3698 , 3677 , 3644 , 3676 , 3678 , 3691 , 3655 , 3657 , 3667 , 3648 , 3658 , 3664 , 3667 , 3675 , 3641 , 3644 , 3653 , 3694 , 3707 , 3695 , 3706 , 3654 , 3684 , 3688 , 3683 , 3695 , 3643 , 3654 , 3653 , 3683 , 3665 , 3668 , 3657 , 3791 , 3687 , 3666 , 3652 , 
RegressionTest0::test30 , 470 , 446 , 430 , 436 , 448 , 460 , 420 , 419 , 403 , 411 , 345 , 217 , 338 , 344 , 243 , 2220 , 2226 , 6262 , 574 , 213 , 2209 , 3287 , 1293 , 16291 , 1489 , 3408 , 969 , 6262 , 4240 , 1165 , 4986 , 215 , 2338 , 3392 , 3185 , 225 , 10422 , 353 , 3665 , 0 , 66 , 83 , 68 , 34 , 67 , 68 , 43 , 68 , 37 , 54 , 29 , 44 , 58 , 26 , 46 , 52 , 30 , 69 , 44 , 44 , 36 , 95 , 80 , 71 , 81 , 31 , 83 , 54 , 84 , 91 , 47 , 32 , 30 , 78 , 18 , 56 , 42 , 251 , 74 , 56 , 21 , 
RegressionTest0::test31 , 417 , 411 , 383 , 412 , 428 , 437 , 365 , 364 , 356 , 373 , 303 , 161 , 298 , 304 , 200 , 2247 , 2254 , 6290 , 597 , 160 , 2234 , 3316 , 1311 , 16333 , 1512 , 3442 , 987 , 6296 , 4272 , 1185 , 5015 , 160 , 2361 , 3428 , 3213 , 170 , 10463 , 352 , 3696 , 66 , 0 , 22 , 5 , 89 , 5 , 36 , 91 , 38 , 42 , 29 , 74 , 70 , 53 , 84 , 65 , 57 , 61 , 39 , 98 , 98 , 87 , 39 , 25 , 7 , 25 , 80 , 20 , 25 , 21 , 37 , 97 , 87 , 83 , 19 , 66 , 52 , 67 , 207 , 15 , 55 , 80 , 
RegressionTest0::test32 , 430 , 420 , 394 , 419 , 432 , 442 , 380 , 379 , 370 , 378 , 306 , 146 , 298 , 305 , 211 , 2236 , 2243 , 6279 , 586 , 171 , 2225 , 3303 , 1300 , 16321 , 1503 , 3429 , 996 , 6285 , 4261 , 1176 , 5005 , 168 , 2350 , 3417 , 3202 , 186 , 10451 , 345 , 3685 , 83 , 22 , 0 , 21 , 106 , 22 , 30 , 85 , 28 , 59 , 40 , 76 , 62 , 47 , 80 , 59 , 53 , 78 , 31 , 88 , 90 , 104 , 27 , 40 , 22 , 39 , 81 , 8 , 42 , 9 , 31 , 89 , 100 , 71 , 17 , 81 , 44 , 61 , 206 , 20 , 49 , 84 , 
RegressionTest0::test33 , 414 , 409 , 381 , 413 , 426 , 435 , 362 , 362 , 353 , 372 , 304 , 160 , 296 , 304 , 198 , 2248 , 2255 , 6293 , 598 , 158 , 2237 , 3317 , 1310 , 16336 , 1514 , 3443 , 987 , 6299 , 4274 , 1186 , 5018 , 158 , 2361 , 3429 , 3214 , 168 , 10466 , 352 , 3699 , 68 , 5 , 21 , 0 , 91 , 3 , 35 , 94 , 39 , 44 , 27 , 78 , 71 , 54 , 87 , 68 , 60 , 63 , 40 , 101 , 99 , 91 , 36 , 21 , 9 , 22 , 82 , 21 , 27 , 18 , 36 , 100 , 89 , 84 , 22 , 68 , 53 , 70 , 206 , 17 , 58 , 84 , 
RegressionTest0::test34 , 493 , 465 , 454 , 453 , 462 , 474 , 442 , 442 , 424 , 430 , 359 , 240 , 356 , 356 , 264 , 2219 , 2225 , 6247 , 571 , 238 , 2208 , 3276 , 1286 , 16276 , 1481 , 3396 , 963 , 6244 , 4231 , 1160 , 4979 , 238 , 2327 , 3379 , 3174 , 248 , 10407 , 361 , 3651 , 34 , 89 , 106 , 91 , 0 , 90 , 91 , 33 , 91 , 56 , 79 , 47 , 59 , 79 , 42 , 65 , 73 , 41 , 92 , 24 , 43 , 18 , 118 , 103 , 92 , 104 , 43 , 106 , 77 , 107 , 116 , 29 , 20 , 54 , 99 , 38 , 79 , 63 , 272 , 97 , 77 , 41 , 
RegressionTest0::test35 , 414 , 409 , 381 , 412 , 426 , 435 , 362 , 361 , 353 , 371 , 304 , 159 , 298 , 304 , 196 , 2247 , 2254 , 6293 , 598 , 158 , 2236 , 3316 , 1311 , 16335 , 1511 , 3442 , 987 , 6299 , 4273 , 1185 , 5019 , 158 , 2362 , 3428 , 3211 , 167 , 10466 , 352 , 3698 , 67 , 5 , 22 , 3 , 90 , 0 , 36 , 93 , 40 , 43 , 26 , 78 , 72 , 56 , 87 , 66 , 60 , 62 , 41 , 100 , 100 , 90 , 37 , 22 , 10 , 21 , 82 , 22 , 26 , 19 , 35 , 101 , 88 , 85 , 21 , 65 , 54 , 70 , 206 , 17 , 58 , 84 , 
RegressionTest0::test36 , 439 , 423 , 401 , 420 , 433 , 445 , 388 , 388 , 378 , 384 , 315 , 162 , 309 , 314 , 218 , 2226 , 2234 , 6271 , 578 , 182 , 2219 , 3295 , 1295 , 16311 , 1494 , 3419 , 983 , 6277 , 4252 , 1173 , 4998 , 182 , 2343 , 3406 , 3193 , 191 , 10440 , 341 , 3677 , 68 , 36 , 30 , 35 , 91 , 36 , 0 , 68 , 8 , 44 , 22 , 63 , 45 , 32 , 61 , 42 , 32 , 63 , 9 , 79 , 73 , 91 , 36 , 49 , 36 , 48 , 66 , 30 , 22 , 29 , 36 , 74 , 89 , 64 , 25 , 68 , 25 , 44 , 213 , 32 , 32 , 69 , 
RegressionTest0::test37 , 495 , 464 , 453 , 446 , 455 , 467 , 445 , 444 , 427 , 421 , 356 , 219 , 349 , 355 , 264 , 2211 , 2215 , 6241 , 559 , 239 , 2199 , 3268 , 1278 , 16272 , 1471 , 3387 , 971 , 6235 , 4222 , 1155 , 4970 , 238 , 2318 , 3372 , 3165 , 251 , 10399 , 347 , 3644 , 43 , 91 , 85 , 94 , 33 , 93 , 68 , 0 , 66 , 63 , 80 , 37 , 40 , 56 , 35 , 46 , 52 , 52 , 69 , 21 , 21 , 35 , 95 , 106 , 92 , 107 , 44 , 85 , 80 , 88 , 93 , 18 , 37 , 39 , 78 , 43 , 56 , 38 , 259 , 86 , 58 , 41 , 
RegressionTest0::test38 , 441 , 424 , 403 , 421 , 435 , 447 , 390 , 389 , 381 , 386 , 316 , 164 , 310 , 315 , 220 , 2230 , 2236 , 6271 , 579 , 183 , 2221 , 3296 , 1297 , 16311 , 1495 , 3422 , 985 , 6274 , 4253 , 1174 , 4999 , 182 , 2344 , 3407 , 3194 , 197 , 10442 , 340 , 3676 , 68 , 38 , 28 , 39 , 91 , 40 , 8 , 66 , 0 , 44 , 24 , 61 , 45 , 30 , 61 , 40 , 34 , 63 , 7 , 79 , 71 , 91 , 38 , 51 , 38 , 50 , 66 , 32 , 20 , 33 , 38 , 72 , 89 , 62 , 27 , 66 , 27 , 42 , 213 , 34 , 30 , 69 , 
RegressionTest0::test39 , 447 , 430 , 409 , 426 , 442 , 452 , 396 , 395 , 385 , 401 , 327 , 193 , 324 , 328 , 225 , 2232 , 2238 , 6273 , 583 , 191 , 2222 , 3296 , 1295 , 16311 , 1496 , 3420 , 977 , 6276 , 4249 , 1169 , 4994 , 191 , 2345 , 3405 , 3194 , 201 , 10441 , 353 , 3678 , 37 , 42 , 59 , 44 , 56 , 43 , 44 , 63 , 44 , 0 , 34 , 46 , 44 , 27 , 57 , 42 , 27 , 28 , 45 , 64 , 68 , 56 , 71 , 56 , 47 , 57 , 48 , 59 , 30 , 58 , 69 , 69 , 56 , 61 , 54 , 41 , 27 , 48 , 233 , 48 , 25 , 50 , 
RegressionTest0::test40 , 429 , 416 , 393 , 417 , 428 , 441 , 376 , 376 , 368 , 385 , 315 , 174 , 309 , 315 , 210 , 2241 , 2247 , 6285 , 588 , 170 , 2231 , 3308 , 1307 , 16324 , 1507 , 3434 , 978 , 6288 , 4265 , 1179 , 5010 , 171 , 2356 , 3419 , 3206 , 182 , 10453 , 351 , 3691 , 54 , 29 , 40 , 27 , 79 , 26 , 22 , 80 , 24 , 34 , 0 , 61 , 57 , 39 , 72 , 53 , 45 , 47 , 21 , 85 , 83 , 75 , 52 , 37 , 32 , 38 , 71 , 44 , 8 , 41 , 48 , 86 , 73 , 70 , 41 , 52 , 41 , 55 , 218 , 37 , 47 , 71 , 
RegressionTest0::test41 , 477 , 450 , 435 , 436 , 447 , 460 , 427 , 427 , 411 , 413 , 344 , 211 , 339 , 345 , 247 , 2215 , 2220 , 6254 , 569 , 221 , 2202 , 3282 , 1289 , 16282 , 1484 , 3400 , 972 , 6254 , 4235 , 1163 , 4978 , 220 , 2332 , 3386 , 3180 , 233 , 10414 , 349 , 3655 , 29 , 74 , 76 , 78 , 47 , 78 , 63 , 37 , 61 , 46 , 61 , 0 , 35 , 46 , 26 , 36 , 44 , 37 , 60 , 40 , 41 , 45 , 88 , 89 , 74 , 89 , 15 , 76 , 63 , 77 , 87 , 40 , 49 , 24 , 72 , 25 , 51 , 40 , 242 , 66 , 50 , 16 , 
RegressionTest0::test42 , 472 , 445 , 430 , 437 , 450 , 464 , 421 , 421 , 407 , 407 , 340 , 194 , 333 , 339 , 245 , 2217 , 2223 , 6255 , 569 , 215 , 2209 , 3278 , 1286 , 16285 , 1475 , 3402 , 979 , 6254 , 4233 , 1163 , 4981 , 213 , 2330 , 3386 , 3178 , 227 , 10418 , 345 , 3657 , 44 , 70 , 62 , 71 , 59 , 72 , 45 , 40 , 45 , 44 , 57 , 35 , 0 , 30 , 27 , 15 , 26 , 20 , 42 , 43 , 45 , 59 , 68 , 83 , 68 , 82 , 40 , 62 , 57 , 63 , 70 , 40 , 55 , 36 , 55 , 44 , 31 , 11 , 240 , 62 , 34 , 35 , 
RegressionTest0::test43 , 457 , 436 , 416 , 427 , 444 , 455 , 405 , 405 , 396 , 400 , 330 , 178 , 321 , 329 , 234 , 2223 , 2229 , 6262 , 574 , 200 , 2213 , 3286 , 1282 , 16299 , 1484 , 3410 , 988 , 6264 , 4241 , 1162 , 4984 , 199 , 2334 , 3395 , 3184 , 212 , 10429 , 343 , 3667 , 58 , 53 , 47 , 54 , 79 , 56 , 32 , 56 , 30 , 27 , 39 , 46 , 30 , 0 , 46 , 29 , 14 , 47 , 27 , 63 , 58 , 75 , 55 , 65 , 53 , 67 , 57 , 47 , 41 , 48 , 54 , 61 , 73 , 48 , 41 , 58 , 11 , 31 , 229 , 49 , 12 , 56 , 
RegressionTest0::test44 , 487 , 457 , 445 , 443 , 455 , 468 , 436 , 436 , 420 , 415 , 348 , 210 , 341 , 345 , 258 , 2207 , 2213 , 6245 , 564 , 231 , 2196 , 3274 , 1280 , 16273 , 1475 , 3394 , 976 , 6245 , 4227 , 1158 , 4976 , 231 , 2325 , 3377 , 3172 , 243 , 10406 , 347 , 3648 , 26 , 84 , 80 , 87 , 42 , 87 , 61 , 35 , 61 , 57 , 72 , 26 , 27 , 46 , 0 , 30 , 38 , 38 , 58 , 34 , 37 , 50 , 86 , 98 , 82 , 98 , 32 , 78 , 72 , 79 , 85 , 32 , 44 , 22 , 68 , 28 , 47 , 32 , 253 , 78 , 44 , 18 , 
RegressionTest0::test45 , 469 , 444 , 427 , 433 , 447 , 460 , 417 , 416 , 403 , 406 , 338 , 191 , 331 , 337 , 241 , 2218 , 2224 , 6257 , 569 , 212 , 2210 , 3281 , 1287 , 16290 , 1475 , 3402 , 982 , 6257 , 4234 , 1164 , 4982 , 211 , 2331 , 3388 , 3177 , 224 , 10421 , 343 , 3658 , 46 , 65 , 59 , 68 , 65 , 66 , 42 , 46 , 40 , 42 , 53 , 36 , 15 , 29 , 30 , 0 , 27 , 28 , 41 , 51 , 50 , 63 , 67 , 79 , 65 , 77 , 43 , 59 , 55 , 60 , 66 , 45 , 61 , 40 , 51 , 40 , 32 , 18 , 238 , 59 , 27 , 42 , 
RegressionTest0::test46 , 461 , 440 , 420 , 431 , 448 , 458 , 409 , 409 , 399 , 404 , 332 , 182 , 325 , 331 , 237 , 2218 , 2226 , 6258 , 574 , 204 , 2210 , 3283 , 1281 , 16296 , 1481 , 3405 , 985 , 6260 , 4238 , 1159 , 4982 , 204 , 2333 , 3392 , 3181 , 214 , 10427 , 345 , 3664 , 52 , 57 , 53 , 60 , 73 , 60 , 32 , 52 , 34 , 27 , 45 , 44 , 26 , 14 , 38 , 27 , 0 , 41 , 31 , 57 , 58 , 73 , 59 , 71 , 57 , 71 , 51 , 51 , 45 , 52 , 58 , 57 , 69 , 48 , 43 , 56 , 15 , 29 , 232 , 51 , 18 , 50 , 
RegressionTest0::test47 , 464 , 441 , 424 , 434 , 448 , 461 , 412 , 412 , 398 , 409 , 341 , 210 , 334 , 340 , 238 , 2227 , 2231 , 6267 , 579 , 208 , 2217 , 3290 , 1296 , 16297 , 1486 , 3412 , 969 , 6264 , 4243 , 1169 , 4992 , 208 , 2339 , 3397 , 3187 , 218 , 10427 , 355 , 3667 , 30 , 61 , 78 , 63 , 41 , 62 , 63 , 52 , 63 , 28 , 47 , 37 , 20 , 47 , 38 , 28 , 41 , 0 , 60 , 51 , 57 , 41 , 88 , 73 , 64 , 74 , 39 , 74 , 47 , 77 , 86 , 56 , 41 , 48 , 71 , 32 , 49 , 26 , 246 , 67 , 49 , 37 , 
RegressionTest0::test48 , 442 , 425 , 404 , 422 , 436 , 448 , 390 , 390 , 382 , 387 , 316 , 164 , 310 , 315 , 221 , 2229 , 2235 , 6270 , 578 , 184 , 2220 , 3295 , 1296 , 16309 , 1493 , 3421 , 985 , 6272 , 4252 , 1173 , 4998 , 184 , 2343 , 3406 , 3193 , 197 , 10440 , 339 , 3675 , 69 , 39 , 31 , 40 , 92 , 41 , 9 , 69 , 7 , 45 , 21 , 60 , 42 , 27 , 58 , 41 , 31 , 60 , 0 , 76 , 72 , 90 , 37 , 52 , 37 , 51 , 67 , 29 , 17 , 32 , 39 , 71 , 88 , 63 , 26 , 69 , 24 , 43 , 214 , 33 , 33 , 68 , 
RegressionTest0::test49 , 500 , 469 , 458 , 451 , 461 , 474 , 450 , 450 , 432 , 429 , 359 , 220 , 352 , 358 , 269 , 2208 , 2214 , 6236 , 555 , 243 , 2197 , 3265 , 1275 , 16267 , 1470 , 3385 , 972 , 6233 , 4218 , 1150 , 4968 , 243 , 2316 , 3371 , 3163 , 256 , 10397 , 350 , 3641 , 44 , 98 , 88 , 101 , 24 , 100 , 79 , 21 , 79 , 64 , 85 , 40 , 43 , 63 , 34 , 51 , 57 , 51 , 76 , 0 , 30 , 34 , 104 , 111 , 97 , 112 , 41 , 86 , 85 , 85 , 102 , 19 , 34 , 36 , 87 , 48 , 65 , 51 , 264 , 89 , 63 , 42 , 
RegressionTest0::test50 , 499 , 468 , 456 , 451 , 459 , 472 , 450 , 448 , 431 , 427 , 359 , 224 , 352 , 358 , 268 , 2210 , 2216 , 6241 , 559 , 241 , 2199 , 3267 , 1278 , 16270 , 1471 , 3388 , 972 , 6235 , 4222 , 1153 , 4969 , 242 , 2318 , 3372 , 3165 , 255 , 10400 , 348 , 3644 , 44 , 98 , 90 , 99 , 43 , 100 , 73 , 21 , 71 , 68 , 83 , 41 , 45 , 58 , 37 , 50 , 58 , 57 , 72 , 30 , 0 , 28 , 96 , 109 , 94 , 108 , 36 , 88 , 83 , 89 , 96 , 25 , 34 , 38 , 83 , 54 , 59 , 44 , 263 , 90 , 54 , 43 , 
RegressionTest0::test51 , 491 , 462 , 452 , 450 , 458 , 471 , 441 , 439 , 422 , 431 , 355 , 238 , 354 , 356 , 262 , 2221 , 2227 , 6250 , 570 , 236 , 2208 , 3278 , 1288 , 16280 , 1482 , 3398 , 965 , 6245 , 4233 , 1162 , 4978 , 235 , 2329 , 3382 , 3175 , 246 , 10408 , 359 , 3653 , 36 , 87 , 104 , 91 , 18 , 90 , 91 , 35 , 91 , 56 , 75 , 45 , 59 , 75 , 50 , 63 , 73 , 41 , 90 , 34 , 28 , 0 , 114 , 99 , 90 , 100 , 39 , 102 , 73 , 103 , 114 , 33 , 18 , 50 , 99 , 40 , 77 , 63 , 270 , 95 , 75 , 41 , 
RegressionTest0::test52 , 417 , 415 , 380 , 410 , 422 , 436 , 362 , 361 , 357 , 364 , 299 , 129 , 292 , 298 , 206 , 2243 , 2249 , 6287 , 586 , 154 , 2230 , 3309 , 1304 , 16334 , 1505 , 3438 , 998 , 6296 , 4268 , 1182 , 5017 , 152 , 2358 , 3424 , 3208 , 166 , 10463 , 340 , 3694 , 95 , 39 , 27 , 36 , 118 , 37 , 36 , 95 , 38 , 71 , 52 , 88 , 68 , 55 , 86 , 67 , 59 , 88 , 37 , 104 , 96 , 114 , 0 , 17 , 35 , 16 , 91 , 27 , 50 , 26 , 6 , 97 , 112 , 89 , 28 , 93 , 50 , 69 , 201 , 35 , 57 , 94 , 
RegressionTest0::test53 , 404 , 407 , 370 , 405 , 417 , 429 , 349 , 348 , 345 , 363 , 298 , 141 , 289 , 297 , 195 , 2253 , 2259 , 6301 , 599 , 142 , 2240 , 3322 , 1313 , 16348 , 1519 , 3450 , 991 , 6308 , 4280 , 1189 , 5031 , 142 , 2366 , 3435 , 3220 , 152 , 10476 , 352 , 3707 , 80 , 25 , 40 , 21 , 103 , 22 , 49 , 106 , 51 , 56 , 37 , 89 , 83 , 65 , 98 , 79 , 71 , 73 , 52 , 111 , 109 , 99 , 17 , 0 , 26 , 3 , 91 , 38 , 35 , 35 , 17 , 112 , 99 , 94 , 39 , 78 , 65 , 81 , 203 , 35 , 69 , 95 , 
RegressionTest0::test54 , 418 , 412 , 383 , 414 , 429 , 440 , 366 , 365 , 358 , 372 , 306 , 160 , 298 , 303 , 202 , 2246 , 2253 , 6290 , 596 , 161 , 2235 , 3315 , 1310 , 16331 , 1510 , 3440 , 987 , 6295 , 4271 , 1185 , 5016 , 161 , 2360 , 3425 , 3211 , 173 , 10462 , 353 , 3695 , 71 , 7 , 22 , 9 , 92 , 10 , 36 , 92 , 38 , 47 , 32 , 74 , 68 , 53 , 82 , 65 , 57 , 64 , 37 , 97 , 94 , 90 , 35 , 26 , 0 , 25 , 76 , 16 , 26 , 17 , 36 , 97 , 90 , 82 , 16 , 69 , 50 , 67 , 205 , 13 , 55 , 80 , 
RegressionTest0::test55 , 404 , 407 , 370 , 406 , 417 , 430 , 349 , 348 , 345 , 364 , 298 , 142 , 291 , 297 , 193 , 2254 , 2260 , 6301 , 599 , 142 , 2241 , 3323 , 1316 , 16348 , 1518 , 3451 , 991 , 6308 , 4281 , 1190 , 5030 , 142 , 2369 , 3436 , 3219 , 152 , 10476 , 352 , 3706 , 81 , 25 , 39 , 22 , 104 , 21 , 48 , 107 , 50 , 57 , 38 , 89 , 82 , 67 , 98 , 77 , 71 , 74 , 51 , 112 , 108 , 100 , 16 , 3 , 25 , 0 , 91 , 37 , 36 , 34 , 18 , 111 , 100 , 97 , 40 , 77 , 64 , 81 , 203 , 35 , 69 , 95 , 
RegressionTest0::test56 , 481 , 452 , 439 , 439 , 450 , 463 , 432 , 430 , 414 , 415 , 349 , 215 , 342 , 348 , 252 , 2212 , 2218 , 6252 , 569 , 225 , 2202 , 3280 , 1286 , 16282 , 1482 , 3396 , 970 , 6254 , 4233 , 1161 , 4978 , 224 , 2330 , 3385 , 3178 , 235 , 10413 , 351 , 3654 , 31 , 80 , 81 , 82 , 43 , 82 , 66 , 44 , 66 , 48 , 71 , 15 , 40 , 57 , 32 , 43 , 51 , 39 , 67 , 41 , 36 , 39 , 91 , 91 , 76 , 91 , 0 , 79 , 65 , 80 , 92 , 43 , 49 , 35 , 77 , 31 , 54 , 45 , 245 , 70 , 51 , 19 , 
RegressionTest0::test57 , 430 , 420 , 394 , 419 , 433 , 443 , 379 , 377 , 370 , 378 , 306 , 148 , 298 , 305 , 211 , 2235 , 2240 , 6278 , 585 , 171 , 2224 , 3304 , 1299 , 16321 , 1501 , 3428 , 993 , 6284 , 4260 , 1175 , 5004 , 170 , 2350 , 3416 , 3201 , 185 , 10448 , 345 , 3684 , 83 , 20 , 8 , 21 , 106 , 22 , 30 , 85 , 32 , 59 , 44 , 76 , 62 , 47 , 78 , 59 , 51 , 74 , 29 , 86 , 88 , 102 , 27 , 38 , 16 , 37 , 79 , 0 , 38 , 5 , 31 , 89 , 102 , 71 , 13 , 81 , 42 , 59 , 206 , 16 , 49 , 82 , 
RegressionTest0::test58 , 429 , 416 , 394 , 417 , 428 , 441 , 377 , 375 , 368 , 385 , 315 , 174 , 309 , 315 , 210 , 2241 , 2247 , 6283 , 588 , 172 , 2231 , 3307 , 1307 , 16322 , 1506 , 3433 , 978 , 6284 , 4264 , 1180 , 5010 , 172 , 2355 , 3418 , 3205 , 182 , 10453 , 348 , 3688 , 54 , 25 , 42 , 27 , 77 , 26 , 22 , 80 , 20 , 30 , 8 , 63 , 57 , 41 , 72 , 55 , 45 , 47 , 17 , 85 , 83 , 73 , 50 , 35 , 26 , 36 , 65 , 38 , 0 , 39 , 50 , 86 , 73 , 70 , 37 , 54 , 39 , 55 , 216 , 33 , 45 , 69 , 
RegressionTest0::test59 , 427 , 418 , 391 , 417 , 431 , 441 , 376 , 375 , 367 , 376 , 306 , 146 , 298 , 305 , 209 , 2235 , 2242 , 6280 , 582 , 168 , 2224 , 3304 , 1298 , 16321 , 1502 , 3429 , 994 , 6286 , 4259 , 1175 , 5005 , 168 , 2350 , 3416 , 3201 , 182 , 10453 , 344 , 3683 , 84 , 21 , 9 , 18 , 107 , 19 , 29 , 88 , 33 , 58 , 41 , 77 , 63 , 48 , 79 , 60 , 52 , 77 , 32 , 85 , 89 , 103 , 26 , 35 , 17 , 34 , 80 , 5 , 39 , 0 , 28 , 92 , 103 , 72 , 14 , 82 , 45 , 62 , 204 , 15 , 50 , 83 , 
RegressionTest0::test60 , 416 , 414 , 378 , 408 , 423 , 436 , 361 , 361 , 356 , 363 , 299 , 130 , 292 , 298 , 205 , 2242 , 2248 , 6287 , 586 , 151 , 2229 , 3310 , 1303 , 16335 , 1507 , 3438 , 997 , 6295 , 4267 , 1179 , 5018 , 153 , 2357 , 3423 , 3208 , 165 , 10463 , 339 , 3695 , 91 , 37 , 31 , 36 , 116 , 35 , 36 , 93 , 38 , 69 , 48 , 87 , 70 , 54 , 85 , 66 , 58 , 86 , 39 , 102 , 96 , 114 , 6 , 17 , 36 , 18 , 92 , 31 , 50 , 28 , 0 , 97 , 110 , 85 , 24 , 89 , 50 , 66 , 198 , 32 , 54 , 93 , 
