: , RegressionTest0::test001 , RegressionTest0::test002 , RegressionTest0::test003 , RegressionTest0::test004 , RegressionTest0::test005 , RegressionTest0::test006 , RegressionTest0::test007 , RegressionTest0::test008 , RegressionTest0::test009 , RegressionTest0::test010 , RegressionTest0::test011 , RegressionTest0::test012 , RegressionTest0::test013 , RegressionTest0::test014 , RegressionTest0::test015 , RegressionTest0::test016 , RegressionTest0::test017 , RegressionTest0::test018 , RegressionTest0::test019 , RegressionTest0::test020 , RegressionTest0::test021 , RegressionTest0::test022 , RegressionTest0::test023 , RegressionTest0::test024 , RegressionTest0::test025 , RegressionTest0::test026 , RegressionTest0::test027 , RegressionTest0::test028 , RegressionTest0::test029 , RegressionTest0::test030 , RegressionTest0::test031 , RegressionTest0::test032 , RegressionTest0::test033 , RegressionTest0::test034 , RegressionTest0::test035 , RegressionTest0::test036 , RegressionTest0::test037 , RegressionTest0::test038 , RegressionTest0::test039 , RegressionTest0::test040 , RegressionTest0::test041 , RegressionTest0::test042 , RegressionTest0::test043 , RegressionTest0::test044 , RegressionTest0::test045 , RegressionTest0::test046 , RegressionTest0::test047 , RegressionTest0::test048 , RegressionTest0::test049 , RegressionTest0::test050 , RegressionTest0::test051 , RegressionTest0::test052 , RegressionTest0::test053 , RegressionTest0::test054 , RegressionTest0::test055 , RegressionTest0::test056 , RegressionTest0::test057 , RegressionTest0::test058 , RegressionTest0::test059 , RegressionTest0::test060 , RegressionTest0::test061 , RegressionTest0::test062 , RegressionTest0::test063 , RegressionTest0::test064 , RegressionTest0::test065 , RegressionTest0::test066 , RegressionTest0::test067 , RegressionTest0::test068 , RegressionTest0::test069 , RegressionTest0::test070 , RegressionTest0::test071 , RegressionTest0::test072 , RegressionTest0::test073 , RegressionTest0::test074 , RegressionTest0::test075 , RegressionTest0::test076 , RegressionTest0::test077 , RegressionTest0::test078 , RegressionTest0::test079 , RegressionTest0::test080 , RegressionTest0::test081 , RegressionTest0::test082 , RegressionTest0::test083 , RegressionTest0::test084 , RegressionTest0::test085 , RegressionTest0::test086 , RegressionTest0::test087 , RegressionTest0::test088 , RegressionTest0::test089 , RegressionTest0::test090 , RegressionTest0::test091 , RegressionTest0::test092 , RegressionTest0::test093 , RegressionTest0::test094 , RegressionTest0::test095 , RegressionTest0::test096 , RegressionTest0::test097 , RegressionTest0::test098 , RegressionTest0::test099 , RegressionTest0::test100 , RegressionTest0::test101 , RegressionTest0::test102 , RegressionTest0::test103 , RegressionTest0::test104 , RegressionTest0::test105 , RegressionTest0::test106 , RegressionTest0::test107 , RegressionTest0::test108 , RegressionTest0::test109 , RegressionTest0::test110 , RegressionTest0::test111 , RegressionTest0::test112 , RegressionTest0::test113 , RegressionTest0::test114 , RegressionTest0::test115 , RegressionTest0::test116 , RegressionTest0::test117 , RegressionTest0::test118 , RegressionTest0::test119 , RegressionTest0::test120 , RegressionTest0::test121 , RegressionTest0::test122 , RegressionTest0::test123 , RegressionTest0::test124 , RegressionTest0::test125 , RegressionTest0::test126 , RegressionTest0::test127 , RegressionTest0::test128 , RegressionTest0::test129 , RegressionTest0::test130 , RegressionTest0::test131 , RegressionTest0::test132 , RegressionTest0::test133 , RegressionTest0::test134 , RegressionTest0::test135 , RegressionTest0::test136 , RegressionTest0::test137 , RegressionTest0::test138 , RegressionTest0::test139 , RegressionTest0::test140 , RegressionTest0::test141 , RegressionTest0::test142 , RegressionTest0::test143 , RegressionTest0::test144 , RegressionTest0::test145 , RegressionTest0::test146 , RegressionTest0::test147 , RegressionTest0::test148 , RegressionTest0::test149 , RegressionTest0::test150 , RegressionTest0::test151 , RegressionTest0::test152 , RegressionTest0::test153 , DataUtilTest::testCharset , DataUtilTest::testQuotedCharset , DataUtilTest::discardsSpuriousByteOrderMark , DataUtil_ESTest::test0 , DataUtil_ESTest::test1 , DataUtil_ESTest::test2 , DataUtil_ESTest::test3 , DataUtil_ESTest::test4 , DataUtil_ESTest::test5 , DataUtil_ESTest::test6 , DataUtil_ESTest::test7 , DataUtil_ESTest::test8 , 
RegressionTest0::test001 , 0 , 251 , 114 , 67 , 251 , 510 , 83 , 59 , 64 , 656 , 534 , 83 , 253 , 588 , 67 , 67 , 251 , 76 , 78 , 294 , 81 , 251 , 83 , 331 , 573 , 91 , 250 , 111 , 650 , 78 , 67 , 704 , 79 , 88 , 249 , 715 , 252 , 839 , 83 , 238 , 913 , 792 , 982 , 1085 , 68 , 650 , 880 , 193 , 104 , 149 , 1127 , 108 , 773 , 248 , 141 , 254 , 654 , 255 , 612 , 827 , 884 , 79 , 137 , 631 , 242 , 251 , 252 , 515 , 254 , 1013 , 740 , 102 , 77 , 345 , 115 , 249 , 68 , 149 , 973 , 80 , 83 , 817 , 248 , 1056 , 780 , 85 , 856 , 118 , 87 , 99 , 109 , 69 , 868 , 1065 , 685 , 734 , 79 , 1281 , 254 , 700 , 251 , 766 , 923 , 813 , 78 , 372 , 506 , 119 , 255 , 252 , 1070 , 122 , 129 , 113 , 95 , 138 , 681 , 64 , 111 , 82 , 103 , 253 , 740 , 68 , 773 , 77 , 124 , 870 , 140 , 91 , 901 , 142 , 716 , 1290 , 831 , 66 , 111 , 81 , 91 , 190 , 86 , 81 , 80 , 253 , 124 , 112 , 85 , 121 , 126 , 185 , 212 , 257 , 235 , 381 , 366 , 360 , 300 , 312 , 353 , 333 , 296 , 339 , 303 , 371 , 363 , 
RegressionTest0::test002 , 251 , 0 , 307 , 255 , 10 , 652 , 245 , 256 , 255 , 796 , 676 , 240 , 10 , 771 , 261 , 259 , 27 , 262 , 268 , 432 , 275 , 10 , 247 , 480 , 757 , 248 , 15 , 295 , 791 , 243 , 263 , 884 , 244 , 242 , 12 , 900 , 62 , 1025 , 249 , 396 , 1059 , 935 , 1169 , 1231 , 263 , 795 , 1068 , 354 , 264 , 337 , 1285 , 264 , 960 , 12 , 299 , 26 , 823 , 15 , 751 , 966 , 1068 , 244 , 292 , 814 , 398 , 12 , 12 , 654 , 86 , 1196 , 926 , 292 , 269 , 520 , 306 , 44 , 261 , 306 , 1119 , 248 , 248 , 963 , 22 , 1241 , 926 , 242 , 1005 , 277 , 248 , 259 , 266 , 258 , 1049 , 1214 , 826 , 918 , 269 , 1425 , 12 , 885 , 12 , 942 , 1068 , 960 , 243 , 561 , 684 , 281 , 15 , 20 , 1223 , 309 , 288 , 301 , 255 , 293 , 823 , 262 , 301 , 248 , 264 , 20 , 916 , 264 , 960 , 265 , 311 , 1049 , 297 , 252 , 1083 , 292 , 895 , 1445 , 981 , 261 , 296 , 245 , 242 , 373 , 277 , 240 , 242 , 14 , 316 , 306 , 250 , 314 , 318 , 344 , 405 , 24 , 394 , 331 , 248 , 272 , 289 , 228 , 182 , 292 , 212 , 205 , 239 , 155 , 160 , 
RegressionTest0::test003 , 114 , 307 , 0 , 71 , 307 , 439 , 98 , 68 , 70 , 581 , 462 , 98 , 307 , 500 , 71 , 69 , 309 , 79 , 81 , 220 , 86 , 309 , 97 , 255 , 487 , 107 , 309 , 113 , 577 , 99 , 74 , 617 , 97 , 102 , 308 , 630 , 311 , 755 , 98 , 162 , 841 , 722 , 901 , 1018 , 73 , 582 , 798 , 116 , 117 , 145 , 1059 , 118 , 685 , 308 , 151 , 309 , 579 , 311 , 539 , 754 , 799 , 98 , 145 , 545 , 245 , 309 , 309 , 439 , 313 , 929 , 658 , 104 , 77 , 246 , 14 , 303 , 73 , 159 , 904 , 100 , 100 , 746 , 306 , 973 , 707 , 106 , 790 , 132 , 103 , 111 , 122 , 72 , 782 , 995 , 612 , 647 , 82 , 1204 , 309 , 619 , 309 , 670 , 852 , 742 , 98 , 375 , 415 , 133 , 310 , 310 , 1004 , 127 , 134 , 115 , 109 , 151 , 607 , 72 , 118 , 102 , 116 , 311 , 644 , 73 , 689 , 83 , 129 , 782 , 155 , 105 , 815 , 154 , 622 , 1226 , 760 , 72 , 111 , 101 , 106 , 90 , 90 , 99 , 99 , 311 , 21 , 12 , 102 , 17 , 23 , 201 , 221 , 311 , 160 , 413 , 417 , 407 , 355 , 352 , 397 , 379 , 341 , 362 , 375 , 430 , 426 , 
RegressionTest0::test004 , 67 , 255 , 71 , 0 , 259 , 483 , 52 , 16 , 7 , 631 , 501 , 48 , 255 , 544 , 21 , 12 , 269 , 27 , 28 , 261 , 30 , 261 , 54 , 307 , 545 , 51 , 262 , 55 , 621 , 51 , 22 , 664 , 51 , 48 , 261 , 682 , 268 , 811 , 51 , 211 , 889 , 774 , 958 , 1064 , 25 , 620 , 854 , 170 , 65 , 100 , 1103 , 69 , 736 , 259 , 98 , 271 , 628 , 262 , 580 , 807 , 843 , 51 , 97 , 590 , 205 , 260 , 261 , 490 , 266 , 981 , 708 , 54 , 23 , 295 , 70 , 267 , 20 , 110 , 949 , 51 , 54 , 787 , 261 , 1018 , 754 , 51 , 836 , 79 , 45 , 60 , 66 , 15 , 839 , 1044 , 659 , 700 , 29 , 1251 , 261 , 663 , 261 , 722 , 899 , 788 , 51 , 326 , 461 , 84 , 263 , 268 , 1051 , 73 , 91 , 57 , 59 , 98 , 655 , 23 , 56 , 52 , 68 , 269 , 700 , 23 , 741 , 27 , 65 , 836 , 101 , 56 , 868 , 95 , 685 , 1263 , 811 , 21 , 60 , 52 , 50 , 135 , 32 , 53 , 53 , 261 , 78 , 73 , 57 , 78 , 83 , 148 , 167 , 271 , 212 , 389 , 383 , 380 , 307 , 322 , 352 , 346 , 299 , 341 , 348 , 387 , 380 , 
RegressionTest0::test005 , 251 , 10 , 307 , 259 , 0 , 654 , 242 , 257 , 259 , 797 , 680 , 248 , 12 , 774 , 259 , 259 , 30 , 270 , 271 , 438 , 275 , 11 , 246 , 483 , 758 , 249 , 16 , 301 , 794 , 244 , 263 , 890 , 244 , 250 , 9 , 902 , 58 , 1026 , 248 , 398 , 1061 , 938 , 1168 , 1232 , 261 , 800 , 1069 , 356 , 267 , 340 , 1284 , 268 , 961 , 11 , 300 , 26 , 826 , 15 , 755 , 967 , 1070 , 242 , 295 , 817 , 398 , 13 , 11 , 656 , 90 , 1197 , 927 , 296 , 270 , 523 , 304 , 44 , 261 , 307 , 1121 , 241 , 247 , 967 , 24 , 1242 , 926 , 246 , 1006 , 279 , 249 , 260 , 269 , 256 , 1050 , 1214 , 826 , 920 , 272 , 1426 , 5 , 887 , 6 , 945 , 1070 , 961 , 240 , 563 , 687 , 281 , 17 , 18 , 1222 , 312 , 288 , 304 , 254 , 296 , 824 , 261 , 306 , 245 , 262 , 22 , 917 , 264 , 960 , 265 , 316 , 1051 , 299 , 252 , 1083 , 297 , 896 , 1446 , 981 , 260 , 301 , 244 , 250 , 379 , 278 , 243 , 243 , 13 , 316 , 307 , 249 , 315 , 319 , 346 , 406 , 26 , 395 , 330 , 249 , 273 , 290 , 228 , 182 , 292 , 213 , 204 , 238 , 154 , 159 , 
RegressionTest0::test006 , 510 , 652 , 439 , 483 , 654 , 0 , 495 , 477 , 483 , 221 , 39 , 495 , 654 , 308 , 489 , 483 , 649 , 492 , 496 , 281 , 497 , 657 , 496 , 345 , 307 , 495 , 652 , 509 , 197 , 495 , 490 , 391 , 495 , 496 , 657 , 427 , 642 , 557 , 495 , 392 , 454 , 342 , 706 , 635 , 492 , 216 , 595 , 356 , 506 , 518 , 741 , 506 , 483 , 657 , 512 , 653 , 316 , 657 , 164 , 359 , 584 , 495 , 512 , 310 , 520 , 650 , 657 , 31 , 635 , 688 , 456 , 513 , 494 , 268 , 435 , 642 , 489 , 513 , 517 , 495 , 497 , 351 , 645 , 756 , 292 , 494 , 403 , 513 , 493 , 501 , 505 , 486 , 550 , 616 , 194 , 441 , 497 , 836 , 656 , 408 , 655 , 482 , 480 , 334 , 495 , 606 , 222 , 515 , 656 , 653 , 623 , 511 , 514 , 515 , 501 , 508 , 244 , 490 , 514 , 497 , 507 , 654 , 460 , 493 , 480 , 491 , 507 , 574 , 517 , 499 , 621 , 516 , 409 , 838 , 443 , 489 , 515 , 496 , 492 , 465 , 497 , 497 , 496 , 659 , 443 , 437 , 500 , 444 , 445 , 521 , 524 , 657 , 394 , 691 , 737 , 709 , 670 , 657 , 747 , 691 , 704 , 668 , 711 , 789 , 782 , 
RegressionTest0::test007 , 83 , 245 , 98 , 52 , 242 , 495 , 0 , 49 , 51 , 641 , 520 , 23 , 248 , 585 , 50 , 51 , 251 , 62 , 62 , 270 , 62 , 247 , 10 , 309 , 574 , 28 , 249 , 85 , 634 , 20 , 54 , 702 , 19 , 15 , 247 , 715 , 252 , 841 , 23 , 211 , 899 , 782 , 985 , 1075 , 53 , 626 , 878 , 173 , 33 , 131 , 1120 , 45 , 767 , 247 , 77 , 254 , 636 , 245 , 591 , 815 , 882 , 19 , 75 , 621 , 185 , 249 , 245 , 498 , 254 , 1011 , 739 , 85 , 59 , 324 , 101 , 251 , 52 , 89 , 961 , 17 , 25 , 802 , 250 , 1053 , 762 , 27 , 842 , 56 , 26 , 38 , 44 , 46 , 868 , 1057 , 669 , 729 , 61 , 1257 , 245 , 700 , 243 , 756 , 917 , 794 , 15 , 359 , 492 , 55 , 252 , 253 , 1060 , 104 , 66 , 88 , 34 , 76 , 660 , 52 , 97 , 19 , 35 , 254 , 721 , 54 , 768 , 54 , 100 , 867 , 80 , 15 , 887 , 79 , 710 , 1282 , 820 , 53 , 93 , 23 , 27 , 163 , 66 , 23 , 22 , 249 , 107 , 101 , 24 , 106 , 113 , 124 , 194 , 256 , 214 , 384 , 362 , 368 , 312 , 308 , 327 , 330 , 274 , 325 , 348 , 367 , 361 , 
RegressionTest0::test008 , 59 , 256 , 68 , 16 , 257 , 477 , 49 , 0 , 15 , 631 , 509 , 46 , 257 , 550 , 19 , 15 , 262 , 29 , 26 , 266 , 30 , 256 , 48 , 307 , 543 , 52 , 261 , 58 , 624 , 46 , 23 , 666 , 44 , 51 , 255 , 683 , 261 , 810 , 49 , 211 , 888 , 773 , 956 , 1065 , 19 , 626 , 852 , 168 , 67 , 103 , 1105 , 70 , 739 , 254 , 102 , 264 , 630 , 260 , 583 , 808 , 853 , 46 , 100 , 596 , 206 , 260 , 257 , 487 , 261 , 976 , 710 , 58 , 30 , 296 , 69 , 260 , 22 , 107 , 952 , 48 , 50 , 788 , 256 , 1025 , 753 , 46 , 834 , 79 , 51 , 61 , 72 , 17 , 839 , 1045 , 658 , 700 , 27 , 1250 , 260 , 661 , 258 , 723 , 896 , 790 , 46 , 329 , 460 , 84 , 262 , 263 , 1051 , 71 , 89 , 63 , 60 , 96 , 656 , 13 , 67 , 51 , 66 , 264 , 702 , 20 , 740 , 28 , 75 , 835 , 105 , 56 , 869 , 99 , 682 , 1271 , 808 , 19 , 62 , 43 , 49 , 142 , 37 , 48 , 45 , 257 , 77 , 69 , 50 , 74 , 81 , 151 , 168 , 267 , 211 , 383 , 375 , 373 , 303 , 315 , 347 , 339 , 297 , 338 , 341 , 380 , 372 , 
RegressionTest0::test009 , 64 , 255 , 70 , 7 , 259 , 483 , 51 , 15 , 0 , 630 , 506 , 45 , 255 , 551 , 20 , 17 , 265 , 26 , 24 , 266 , 35 , 260 , 52 , 309 , 544 , 56 , 263 , 60 , 624 , 48 , 20 , 664 , 48 , 50 , 260 , 681 , 265 , 810 , 46 , 209 , 887 , 774 , 956 , 1066 , 23 , 625 , 854 , 169 , 61 , 98 , 1108 , 67 , 739 , 259 , 97 , 268 , 626 , 263 , 580 , 807 , 848 , 48 , 95 , 590 , 207 , 260 , 261 , 488 , 264 , 982 , 706 , 53 , 23 , 295 , 67 , 263 , 19 , 109 , 952 , 48 , 52 , 788 , 260 , 1023 , 752 , 51 , 837 , 80 , 48 , 58 , 62 , 20 , 839 , 1047 , 657 , 698 , 27 , 1253 , 259 , 663 , 261 , 721 , 896 , 790 , 48 , 327 , 459 , 84 , 261 , 266 , 1051 , 74 , 92 , 61 , 57 , 96 , 655 , 22 , 59 , 51 , 65 , 267 , 700 , 22 , 740 , 28 , 70 , 835 , 98 , 55 , 868 , 97 , 684 , 1269 , 810 , 20 , 59 , 51 , 50 , 140 , 37 , 50 , 50 , 262 , 78 , 70 , 54 , 78 , 81 , 150 , 168 , 271 , 210 , 388 , 379 , 377 , 307 , 320 , 349 , 344 , 297 , 338 , 346 , 384 , 376 , 
RegressionTest0::test010 , 656 , 796 , 581 , 631 , 797 , 221 , 641 , 631 , 630 , 0 , 231 , 633 , 793 , 232 , 633 , 627 , 787 , 632 , 633 , 432 , 641 , 797 , 640 , 452 , 234 , 642 , 794 , 656 , 144 , 636 , 634 , 322 , 638 , 639 , 798 , 319 , 781 , 449 , 637 , 539 , 355 , 250 , 528 , 528 , 635 , 321 , 496 , 500 , 646 , 658 , 577 , 650 , 385 , 798 , 656 , 793 , 255 , 796 , 267 , 289 , 414 , 639 , 654 , 286 , 656 , 794 , 798 , 219 , 775 , 607 , 341 , 659 , 632 , 411 , 580 , 784 , 634 , 660 , 344 , 637 , 638 , 271 , 791 , 585 , 327 , 640 , 312 , 662 , 637 , 643 , 652 , 634 , 464 , 441 , 176 , 328 , 636 , 639 , 797 , 315 , 797 , 333 , 298 , 274 , 638 , 708 , 330 , 665 , 796 , 791 , 469 , 658 , 656 , 663 , 643 , 653 , 41 , 634 , 660 , 639 , 645 , 796 , 286 , 634 , 388 , 638 , 662 , 396 , 664 , 643 , 438 , 663 , 261 , 718 , 342 , 634 , 664 , 641 , 640 , 623 , 643 , 640 , 640 , 799 , 588 , 583 , 640 , 587 , 588 , 664 , 662 , 798 , 543 , 820 , 873 , 842 , 803 , 789 , 889 , 818 , 842 , 809 , 844 , 932 , 925 , 
RegressionTest0::test011 , 534 , 676 , 462 , 501 , 680 , 39 , 520 , 509 , 506 , 231 , 0 , 512 , 676 , 316 , 511 , 500 , 663 , 503 , 486 , 285 , 506 , 681 , 519 , 360 , 327 , 517 , 676 , 519 , 206 , 519 , 510 , 413 , 519 , 516 , 681 , 412 , 665 , 577 , 517 , 388 , 446 , 364 , 728 , 637 , 513 , 206 , 605 , 374 , 513 , 517 , 755 , 500 , 464 , 681 , 517 , 678 , 293 , 681 , 143 , 381 , 583 , 519 , 511 , 304 , 537 , 676 , 681 , 39 , 644 , 692 , 456 , 515 , 508 , 263 , 460 , 667 , 511 , 529 , 518 , 519 , 513 , 362 , 670 , 735 , 272 , 516 , 405 , 521 , 508 , 493 , 518 , 506 , 549 , 628 , 187 , 441 , 489 , 830 , 680 , 434 , 679 , 502 , 499 , 349 , 520 , 611 , 225 , 528 , 682 , 674 , 633 , 528 , 524 , 519 , 493 , 514 , 245 , 513 , 523 , 519 , 497 , 678 , 476 , 510 , 478 , 513 , 529 , 580 , 533 , 522 , 632 , 533 , 429 , 825 , 462 , 513 , 522 , 520 , 514 , 485 , 509 , 521 , 521 , 683 , 465 , 464 , 517 , 463 , 460 , 538 , 543 , 681 , 398 , 711 , 760 , 732 , 687 , 677 , 770 , 708 , 727 , 691 , 731 , 813 , 805 , 
RegressionTest0::test012 , 83 , 240 , 98 , 48 , 248 , 495 , 23 , 46 , 45 , 633 , 512 , 0 , 245 , 580 , 47 , 44 , 248 , 48 , 58 , 270 , 62 , 243 , 23 , 310 , 574 , 24 , 249 , 86 , 634 , 19 , 48 , 694 , 19 , 13 , 244 , 709 , 249 , 837 , 12 , 215 , 898 , 779 , 984 , 1075 , 52 , 633 , 879 , 169 , 36 , 129 , 1112 , 40 , 768 , 243 , 76 , 252 , 631 , 251 , 589 , 816 , 875 , 17 , 72 , 614 , 181 , 249 , 245 , 493 , 249 , 1010 , 738 , 82 , 58 , 327 , 96 , 248 , 48 , 87 , 957 , 19 , 23 , 799 , 247 , 1050 , 758 , 18 , 846 , 55 , 24 , 34 , 42 , 46 , 868 , 1055 , 668 , 727 , 60 , 1259 , 249 , 700 , 247 , 739 , 912 , 801 , 20 , 358 , 497 , 58 , 251 , 249 , 1058 , 102 , 64 , 84 , 32 , 71 , 653 , 47 , 89 , 19 , 40 , 250 , 726 , 50 , 767 , 54 , 103 , 859 , 78 , 24 , 895 , 70 , 710 , 1281 , 819 , 51 , 86 , 22 , 22 , 166 , 66 , 19 , 21 , 247 , 106 , 99 , 24 , 106 , 110 , 125 , 200 , 253 , 214 , 380 , 361 , 362 , 310 , 304 , 327 , 327 , 268 , 317 , 347 , 366 , 359 , 
RegressionTest0::test013 , 253 , 10 , 307 , 255 , 12 , 654 , 248 , 257 , 255 , 793 , 676 , 245 , 0 , 770 , 259 , 256 , 25 , 266 , 267 , 435 , 275 , 12 , 245 , 479 , 758 , 249 , 14 , 299 , 793 , 242 , 263 , 888 , 240 , 248 , 12 , 901 , 61 , 1025 , 249 , 398 , 1060 , 938 , 1167 , 1232 , 263 , 796 , 1069 , 356 , 265 , 336 , 1284 , 266 , 959 , 12 , 300 , 26 , 824 , 15 , 750 , 964 , 1068 , 244 , 289 , 814 , 399 , 11 , 12 , 653 , 84 , 1196 , 926 , 294 , 261 , 520 , 306 , 43 , 261 , 305 , 1119 , 248 , 248 , 965 , 18 , 1241 , 926 , 247 , 1006 , 277 , 247 , 259 , 264 , 261 , 1047 , 1214 , 825 , 919 , 270 , 1424 , 12 , 888 , 12 , 945 , 1068 , 960 , 244 , 564 , 686 , 281 , 18 , 18 , 1221 , 306 , 283 , 303 , 253 , 290 , 820 , 260 , 301 , 249 , 264 , 21 , 913 , 264 , 961 , 268 , 310 , 1049 , 297 , 250 , 1080 , 296 , 892 , 1444 , 980 , 259 , 297 , 242 , 246 , 377 , 276 , 241 , 239 , 14 , 318 , 306 , 250 , 315 , 319 , 345 , 404 , 26 , 393 , 331 , 247 , 271 , 289 , 227 , 183 , 290 , 212 , 205 , 238 , 155 , 159 , 
RegressionTest0::test014 , 588 , 771 , 500 , 544 , 774 , 308 , 585 , 550 , 551 , 232 , 316 , 580 , 770 , 0 , 550 , 538 , 761 , 556 , 548 , 507 , 546 , 775 , 585 , 494 , 23 , 583 , 768 , 576 , 131 , 585 , 554 , 153 , 581 , 580 , 776 , 158 , 757 , 290 , 584 , 592 , 380 , 268 , 442 , 559 , 552 , 359 , 329 , 578 , 589 , 582 , 599 , 592 , 206 , 774 , 600 , 771 , 132 , 776 , 346 , 383 , 323 , 586 , 600 , 162 , 600 , 769 , 775 , 304 , 748 , 482 , 173 , 581 , 553 , 315 , 497 , 757 , 555 , 603 , 460 , 582 , 585 , 285 , 762 , 485 , 419 , 582 , 330 , 606 , 576 , 587 , 595 , 545 , 341 , 556 , 237 , 179 , 551 , 853 , 774 , 154 , 773 , 338 , 446 , 374 , 587 , 618 , 231 , 610 , 774 , 766 , 545 , 578 , 601 , 574 , 584 , 599 , 258 , 554 , 582 , 586 , 587 , 770 , 262 , 553 , 221 , 557 , 581 , 333 , 607 , 588 , 391 , 606 , 216 , 752 , 305 , 555 , 583 , 586 , 577 , 528 , 550 , 585 , 585 , 776 , 497 , 500 , 585 , 502 , 503 , 609 , 586 , 774 , 591 , 791 , 850 , 833 , 767 , 746 , 859 , 788 , 814 , 816 , 822 , 906 , 898 , 
RegressionTest0::test015 , 67 , 261 , 71 , 21 , 259 , 489 , 50 , 19 , 20 , 633 , 511 , 47 , 259 , 550 , 0 , 16 , 265 , 27 , 30 , 266 , 26 , 259 , 47 , 306 , 539 , 49 , 264 , 62 , 628 , 44 , 14 , 673 , 44 , 51 , 258 , 684 , 267 , 802 , 47 , 208 , 894 , 770 , 958 , 1066 , 17 , 629 , 852 , 155 , 62 , 104 , 1106 , 70 , 736 , 260 , 94 , 266 , 635 , 263 , 582 , 805 , 853 , 48 , 103 , 594 , 208 , 261 , 257 , 487 , 267 , 979 , 705 , 57 , 27 , 297 , 68 , 265 , 17 , 115 , 947 , 46 , 47 , 793 , 264 , 1020 , 756 , 55 , 839 , 83 , 54 , 63 , 75 , 19 , 839 , 1044 , 658 , 703 , 33 , 1254 , 261 , 673 , 261 , 727 , 906 , 792 , 47 , 335 , 469 , 86 , 265 , 266 , 1047 , 78 , 92 , 57 , 56 , 102 , 652 , 15 , 66 , 49 , 66 , 267 , 700 , 22 , 739 , 30 , 79 , 833 , 107 , 52 , 868 , 95 , 682 , 1270 , 809 , 16 , 62 , 49 , 53 , 142 , 36 , 46 , 49 , 259 , 71 , 70 , 52 , 73 , 81 , 147 , 163 , 264 , 205 , 389 , 379 , 377 , 305 , 320 , 349 , 345 , 296 , 338 , 345 , 384 , 377 , 
RegressionTest0::test016 , 67 , 259 , 69 , 12 , 259 , 483 , 51 , 15 , 17 , 627 , 500 , 44 , 256 , 538 , 16 , 0 , 263 , 28 , 23 , 261 , 25 , 259 , 50 , 306 , 542 , 45 , 264 , 54 , 622 , 49 , 22 , 670 , 47 , 51 , 259 , 677 , 266 , 810 , 52 , 209 , 890 , 771 , 956 , 1065 , 22 , 618 , 853 , 167 , 61 , 99 , 1099 , 64 , 731 , 259 , 94 , 268 , 627 , 262 , 575 , 807 , 844 , 51 , 97 , 591 , 207 , 259 , 259 , 485 , 261 , 979 , 707 , 56 , 25 , 295 , 68 , 263 , 22 , 112 , 947 , 51 , 53 , 788 , 264 , 1015 , 753 , 44 , 836 , 81 , 47 , 56 , 73 , 11 , 838 , 1045 , 657 , 697 , 26 , 1251 , 259 , 668 , 259 , 719 , 902 , 792 , 52 , 329 , 464 , 85 , 266 , 266 , 1049 , 72 , 84 , 57 , 53 , 94 , 647 , 18 , 59 , 51 , 65 , 269 , 700 , 23 , 741 , 20 , 68 , 834 , 103 , 56 , 868 , 95 , 680 , 1265 , 808 , 17 , 58 , 50 , 48 , 135 , 30 , 51 , 51 , 261 , 75 , 69 , 54 , 73 , 81 , 148 , 166 , 270 , 209 , 387 , 380 , 378 , 307 , 320 , 351 , 345 , 298 , 340 , 345 , 385 , 378 , 
RegressionTest0::test017 , 251 , 27 , 309 , 269 , 30 , 649 , 251 , 262 , 265 , 787 , 663 , 248 , 25 , 761 , 265 , 263 , 0 , 273 , 252 , 432 , 277 , 29 , 250 , 475 , 751 , 259 , 25 , 297 , 787 , 242 , 269 , 880 , 243 , 255 , 30 , 882 , 54 , 1018 , 250 , 393 , 1041 , 931 , 1161 , 1225 , 269 , 787 , 1059 , 353 , 261 , 318 , 1276 , 243 , 943 , 30 , 283 , 26 , 807 , 28 , 733 , 957 , 1061 , 244 , 273 , 808 , 393 , 27 , 28 , 649 , 65 , 1189 , 920 , 290 , 276 , 504 , 308 , 33 , 266 , 300 , 1111 , 248 , 252 , 958 , 26 , 1225 , 907 , 254 , 996 , 276 , 255 , 240 , 264 , 270 , 1043 , 1206 , 806 , 909 , 253 , 1415 , 30 , 881 , 29 , 939 , 1063 , 955 , 244 , 558 , 670 , 283 , 28 , 27 , 1212 , 307 , 281 , 301 , 239 , 272 , 812 , 261 , 300 , 249 , 252 , 29 , 908 , 269 , 952 , 276 , 305 , 1041 , 291 , 259 , 1073 , 297 , 888 , 1438 , 975 , 266 , 297 , 244 , 258 , 373 , 278 , 241 , 241 , 32 , 317 , 305 , 250 , 314 , 319 , 340 , 401 , 31 , 391 , 340 , 246 , 272 , 289 , 235 , 198 , 299 , 219 , 213 , 245 , 172 , 174 , 
RegressionTest0::test018 , 76 , 262 , 79 , 27 , 270 , 492 , 62 , 29 , 26 , 632 , 503 , 48 , 266 , 556 , 27 , 28 , 273 , 0 , 30 , 266 , 37 , 269 , 63 , 311 , 553 , 54 , 263 , 42 , 630 , 59 , 28 , 673 , 60 , 54 , 269 , 672 , 274 , 814 , 58 , 212 , 888 , 777 , 964 , 1067 , 33 , 619 , 854 , 170 , 64 , 97 , 1110 , 69 , 740 , 268 , 99 , 274 , 626 , 268 , 585 , 802 , 848 , 58 , 99 , 577 , 204 , 262 , 269 , 489 , 274 , 983 , 709 , 48 , 20 , 298 , 76 , 276 , 24 , 110 , 940 , 58 , 48 , 784 , 261 , 1024 , 753 , 48 , 835 , 76 , 52 , 64 , 63 , 30 , 839 , 1046 , 661 , 700 , 32 , 1245 , 270 , 671 , 269 , 726 , 908 , 788 , 59 , 327 , 462 , 82 , 270 , 262 , 1045 , 65 , 92 , 54 , 63 , 97 , 637 , 29 , 48 , 55 , 72 , 264 , 693 , 31 , 737 , 26 , 64 , 816 , 104 , 64 , 866 , 96 , 691 , 1261 , 804 , 26 , 46 , 56 , 58 , 125 , 37 , 61 , 62 , 272 , 84 , 79 , 61 , 79 , 83 , 147 , 159 , 273 , 211 , 392 , 390 , 389 , 311 , 327 , 359 , 354 , 309 , 345 , 355 , 396 , 388 , 
RegressionTest0::test019 , 78 , 268 , 81 , 28 , 271 , 496 , 62 , 26 , 24 , 633 , 486 , 58 , 267 , 548 , 30 , 23 , 252 , 30 , 0 , 268 , 33 , 271 , 61 , 312 , 554 , 63 , 271 , 59 , 630 , 62 , 33 , 675 , 61 , 60 , 271 , 661 , 277 , 819 , 60 , 206 , 869 , 780 , 967 , 1064 , 29 , 620 , 850 , 173 , 63 , 83 , 1113 , 51 , 719 , 271 , 85 , 274 , 609 , 269 , 561 , 797 , 854 , 62 , 80 , 586 , 200 , 269 , 271 , 493 , 260 , 983 , 706 , 53 , 33 , 274 , 79 , 268 , 32 , 95 , 951 , 62 , 62 , 793 , 274 , 1005 , 733 , 57 , 830 , 77 , 58 , 43 , 67 , 29 , 838 , 1047 , 636 , 686 , 5 , 1246 , 269 , 672 , 270 , 732 , 911 , 794 , 63 , 324 , 443 , 88 , 271 , 273 , 1050 , 65 , 85 , 60 , 40 , 75 , 656 , 30 , 63 , 63 , 47 , 275 , 703 , 32 , 731 , 35 , 71 , 833 , 84 , 65 , 871 , 98 , 693 , 1264 , 817 , 33 , 58 , 61 , 57 , 137 , 39 , 64 , 62 , 273 , 85 , 82 , 62 , 84 , 82 , 145 , 162 , 275 , 211 , 393 , 387 , 388 , 309 , 329 , 360 , 354 , 312 , 349 , 356 , 396 , 388 , 
RegressionTest0::test020 , 294 , 432 , 220 , 261 , 438 , 281 , 270 , 266 , 266 , 432 , 285 , 270 , 435 , 507 , 266 , 261 , 432 , 266 , 268 , 0 , 259 , 434 , 270 , 160 , 505 , 266 , 432 , 277 , 406 , 270 , 269 , 632 , 269 , 270 , 439 , 631 , 426 , 767 , 272 , 137 , 668 , 568 , 890 , 855 , 268 , 383 , 809 , 118 , 275 , 321 , 951 , 274 , 681 , 439 , 291 , 436 , 512 , 439 , 340 , 605 , 785 , 270 , 295 , 540 , 350 , 435 , 436 , 287 , 421 , 913 , 654 , 284 , 265 , 268 , 217 , 428 , 270 , 309 , 732 , 264 , 270 , 571 , 430 , 952 , 535 , 269 , 620 , 285 , 263 , 270 , 277 , 258 , 768 , 840 , 438 , 650 , 269 , 1033 , 439 , 627 , 440 , 676 , 707 , 579 , 272 , 514 , 422 , 285 , 436 , 433 , 845 , 301 , 287 , 279 , 274 , 297 , 441 , 272 , 286 , 267 , 274 , 431 , 642 , 267 , 687 , 263 , 291 , 777 , 298 , 273 , 796 , 289 , 615 , 1034 , 661 , 270 , 289 , 274 , 267 , 256 , 261 , 274 , 275 , 440 , 218 , 222 , 273 , 222 , 223 , 329 , 356 , 438 , 146 , 505 , 535 , 506 , 473 , 461 , 533 , 503 , 489 , 456 , 505 , 572 , 567 , 
RegressionTest0::test021 , 81 , 275 , 86 , 30 , 275 , 497 , 62 , 30 , 35 , 641 , 506 , 62 , 275 , 546 , 26 , 25 , 277 , 37 , 33 , 259 , 0 , 270 , 60 , 314 , 554 , 57 , 274 , 50 , 628 , 64 , 32 , 678 , 61 , 64 , 275 , 681 , 283 , 818 , 62 , 203 , 888 , 779 , 970 , 1064 , 26 , 618 , 850 , 171 , 67 , 102 , 1105 , 74 , 723 , 275 , 88 , 274 , 631 , 273 , 570 , 805 , 842 , 66 , 102 , 591 , 204 , 276 , 272 , 495 , 281 , 974 , 700 , 59 , 35 , 294 , 82 , 282 , 33 , 111 , 947 , 63 , 64 , 794 , 276 , 1011 , 754 , 61 , 836 , 84 , 61 , 68 , 76 , 26 , 838 , 1045 , 657 , 700 , 33 , 1252 , 275 , 672 , 275 , 725 , 911 , 794 , 67 , 331 , 464 , 87 , 274 , 278 , 1048 , 75 , 94 , 43 , 68 , 101 , 659 , 34 , 62 , 64 , 63 , 274 , 703 , 34 , 735 , 31 , 67 , 835 , 104 , 65 , 869 , 79 , 694 , 1264 , 818 , 36 , 61 , 66 , 60 , 130 , 31 , 67 , 66 , 277 , 84 , 88 , 68 , 84 , 87 , 146 , 158 , 271 , 210 , 395 , 393 , 394 , 314 , 331 , 363 , 360 , 314 , 351 , 361 , 401 , 395 , 
RegressionTest0::test022 , 251 , 10 , 309 , 261 , 11 , 657 , 247 , 256 , 260 , 797 , 681 , 243 , 12 , 775 , 259 , 259 , 29 , 269 , 271 , 434 , 270 , 0 , 243 , 481 , 758 , 245 , 15 , 298 , 793 , 244 , 261 , 890 , 242 , 249 , 8 , 904 , 65 , 1028 , 243 , 396 , 1062 , 938 , 1171 , 1235 , 260 , 799 , 1071 , 354 , 264 , 340 , 1287 , 265 , 964 , 8 , 300 , 26 , 828 , 13 , 754 , 968 , 1070 , 242 , 295 , 818 , 400 , 14 , 6 , 657 , 90 , 1201 , 930 , 294 , 270 , 524 , 306 , 47 , 257 , 307 , 1121 , 244 , 244 , 966 , 26 , 1243 , 929 , 244 , 1008 , 279 , 249 , 260 , 269 , 259 , 1054 , 1216 , 829 , 922 , 272 , 1426 , 12 , 891 , 13 , 945 , 1072 , 964 , 245 , 566 , 690 , 282 , 15 , 23 , 1225 , 310 , 288 , 303 , 256 , 296 , 824 , 258 , 305 , 244 , 263 , 17 , 916 , 260 , 962 , 266 , 313 , 1049 , 297 , 248 , 1085 , 294 , 896 , 1449 , 985 , 258 , 299 , 245 , 250 , 378 , 277 , 242 , 244 , 10 , 317 , 306 , 247 , 313 , 319 , 346 , 405 , 20 , 395 , 331 , 249 , 273 , 290 , 226 , 181 , 290 , 214 , 204 , 237 , 154 , 160 , 
RegressionTest0::test023 , 83 , 247 , 97 , 54 , 246 , 496 , 10 , 48 , 52 , 640 , 519 , 23 , 245 , 585 , 47 , 50 , 250 , 63 , 61 , 270 , 60 , 243 , 0 , 306 , 571 , 23 , 246 , 85 , 635 , 14 , 50 , 702 , 14 , 16 , 244 , 715 , 251 , 838 , 20 , 210 , 899 , 778 , 982 , 1075 , 50 , 629 , 879 , 170 , 31 , 132 , 1120 , 45 , 764 , 244 , 75 , 251 , 639 , 242 , 590 , 817 , 883 , 22 , 74 , 623 , 185 , 248 , 245 , 497 , 251 , 1011 , 740 , 85 , 59 , 328 , 100 , 248 , 53 , 89 , 961 , 21 , 22 , 804 , 245 , 1051 , 762 , 25 , 844 , 56 , 27 , 38 , 46 , 52 , 866 , 1057 , 665 , 725 , 62 , 1258 , 247 , 702 , 248 , 755 , 916 , 800 , 23 , 361 , 496 , 58 , 254 , 250 , 1060 , 106 , 63 , 86 , 34 , 77 , 664 , 49 , 97 , 21 , 39 , 249 , 718 , 51 , 766 , 58 , 101 , 864 , 78 , 15 , 889 , 77 , 707 , 1282 , 819 , 48 , 93 , 20 , 28 , 165 , 68 , 17 , 17 , 243 , 103 , 100 , 22 , 105 , 110 , 122 , 194 , 253 , 210 , 382 , 360 , 366 , 309 , 307 , 326 , 327 , 273 , 324 , 347 , 365 , 358 , 
RegressionTest0::test024 , 331 , 480 , 255 , 307 , 483 , 345 , 309 , 307 , 309 , 452 , 360 , 310 , 479 , 494 , 306 , 306 , 475 , 311 , 312 , 160 , 314 , 481 , 306 , 0 , 486 , 314 , 476 , 339 , 455 , 309 , 310 , 605 , 309 , 310 , 483 , 609 , 469 , 744 , 310 , 252 , 709 , 604 , 867 , 875 , 310 , 476 , 778 , 233 , 322 , 375 , 828 , 323 , 672 , 481 , 351 , 480 , 498 , 483 , 422 , 633 , 765 , 308 , 349 , 531 , 402 , 479 , 483 , 345 , 463 , 896 , 640 , 333 , 312 , 289 , 258 , 469 , 310 , 362 , 762 , 311 , 309 , 629 , 472 , 933 , 590 , 315 , 663 , 332 , 313 , 317 , 326 , 309 , 749 , 853 , 487 , 629 , 313 , 1057 , 483 , 605 , 484 , 648 , 722 , 627 , 309 , 528 , 425 , 341 , 483 , 480 , 865 , 354 , 338 , 343 , 316 , 350 , 478 , 308 , 348 , 310 , 316 , 478 , 610 , 306 , 671 , 313 , 351 , 748 , 352 , 314 , 769 , 355 , 597 , 1077 , 523 , 308 , 345 , 311 , 313 , 321 , 320 , 309 , 311 , 482 , 261 , 256 , 312 , 259 , 264 , 369 , 412 , 483 , 256 , 552 , 579 , 547 , 517 , 501 , 579 , 534 , 526 , 504 , 550 , 616 , 611 , 
RegressionTest0::test025 , 573 , 757 , 487 , 545 , 758 , 307 , 574 , 543 , 544 , 234 , 327 , 574 , 758 , 23 , 539 , 542 , 751 , 553 , 554 , 505 , 554 , 758 , 571 , 486 , 0 , 578 , 752 , 569 , 131 , 572 , 546 , 152 , 569 , 576 , 760 , 163 , 743 , 287 , 573 , 579 , 386 , 265 , 432 , 561 , 543 , 351 , 325 , 575 , 591 , 573 , 597 , 592 , 222 , 762 , 591 , 757 , 138 , 762 , 363 , 372 , 328 , 572 , 591 , 167 , 585 , 755 , 761 , 303 , 736 , 482 , 178 , 573 , 551 , 322 , 487 , 743 , 546 , 588 , 463 , 571 , 575 , 292 , 748 , 501 , 424 , 579 , 333 , 594 , 576 , 585 , 594 , 545 , 338 , 556 , 241 , 184 , 555 , 858 , 760 , 156 , 761 , 333 , 448 , 379 , 571 , 611 , 239 , 599 , 761 , 754 , 546 , 565 , 593 , 574 , 580 , 590 , 259 , 543 , 572 , 573 , 588 , 754 , 258 , 544 , 217 , 553 , 568 , 330 , 593 , 579 , 388 , 594 , 200 , 770 , 297 , 544 , 574 , 574 , 580 , 526 , 560 , 572 , 574 , 763 , 495 , 487 , 576 , 491 , 499 , 595 , 573 , 760 , 581 , 777 , 836 , 819 , 761 , 738 , 843 , 779 , 802 , 800 , 807 , 892 , 884 , 
RegressionTest0::test026 , 91 , 248 , 107 , 51 , 249 , 495 , 28 , 52 , 56 , 642 , 517 , 24 , 249 , 583 , 49 , 45 , 259 , 54 , 63 , 266 , 57 , 245 , 23 , 314 , 578 , 0 , 250 , 73 , 632 , 26 , 54 , 700 , 28 , 28 , 249 , 709 , 256 , 845 , 30 , 208 , 896 , 785 , 992 , 1075 , 58 , 616 , 881 , 170 , 37 , 131 , 1114 , 35 , 761 , 249 , 67 , 254 , 636 , 251 , 584 , 804 , 863 , 31 , 74 , 611 , 181 , 247 , 246 , 497 , 256 , 1009 , 731 , 85 , 61 , 325 , 105 , 256 , 55 , 86 , 941 , 30 , 23 , 797 , 253 , 1043 , 758 , 8 , 843 , 56 , 28 , 37 , 47 , 48 , 868 , 1055 , 666 , 723 , 64 , 1256 , 249 , 690 , 251 , 748 , 918 , 792 , 32 , 356 , 492 , 61 , 253 , 256 , 1053 , 99 , 66 , 86 , 35 , 73 , 648 , 57 , 82 , 27 , 36 , 251 , 730 , 59 , 755 , 38 , 90 , 852 , 75 , 30 , 898 , 68 , 715 , 1264 , 820 , 52 , 78 , 29 , 31 , 154 , 61 , 29 , 31 , 248 , 111 , 106 , 30 , 109 , 113 , 122 , 190 , 256 , 211 , 385 , 371 , 373 , 320 , 317 , 332 , 335 , 284 , 332 , 354 , 375 , 369 , 
RegressionTest0::test027 , 250 , 15 , 309 , 262 , 16 , 652 , 249 , 261 , 263 , 794 , 676 , 249 , 14 , 768 , 264 , 264 , 25 , 263 , 271 , 432 , 274 , 15 , 246 , 476 , 752 , 250 , 0 , 292 , 788 , 240 , 265 , 885 , 241 , 252 , 17 , 897 , 58 , 1021 , 249 , 397 , 1056 , 934 , 1165 , 1228 , 266 , 794 , 1063 , 354 , 265 , 337 , 1280 , 266 , 957 , 17 , 299 , 25 , 818 , 16 , 748 , 963 , 1065 , 243 , 292 , 811 , 397 , 7 , 15 , 651 , 84 , 1194 , 923 , 295 , 262 , 517 , 309 , 41 , 262 , 305 , 1116 , 247 , 247 , 963 , 13 , 1238 , 923 , 248 , 1000 , 278 , 237 , 262 , 260 , 264 , 1047 , 1211 , 822 , 915 , 270 , 1422 , 16 , 882 , 17 , 941 , 1067 , 958 , 242 , 562 , 681 , 284 , 17 , 13 , 1219 , 308 , 287 , 305 , 258 , 293 , 819 , 262 , 302 , 246 , 262 , 9 , 910 , 264 , 954 , 268 , 309 , 1044 , 296 , 254 , 1078 , 298 , 892 , 1442 , 978 , 264 , 295 , 242 , 253 , 372 , 271 , 239 , 239 , 18 , 317 , 305 , 249 , 314 , 321 , 345 , 395 , 25 , 396 , 334 , 248 , 272 , 289 , 227 , 187 , 292 , 214 , 208 , 241 , 159 , 159 , 
RegressionTest0::test028 , 111 , 295 , 113 , 55 , 301 , 509 , 85 , 58 , 60 , 656 , 519 , 86 , 299 , 576 , 62 , 54 , 297 , 42 , 59 , 277 , 50 , 298 , 85 , 339 , 569 , 73 , 292 , 0 , 648 , 94 , 62 , 692 , 94 , 79 , 303 , 697 , 306 , 831 , 94 , 219 , 886 , 791 , 973 , 1066 , 63 , 583 , 872 , 194 , 89 , 96 , 1115 , 81 , 727 , 303 , 91 , 300 , 621 , 292 , 574 , 772 , 847 , 95 , 97 , 576 , 196 , 293 , 300 , 508 , 304 , 980 , 719 , 64 , 51 , 308 , 110 , 297 , 62 , 110 , 953 , 92 , 84 , 802 , 292 , 1014 , 747 , 77 , 845 , 92 , 80 , 91 , 80 , 54 , 837 , 1058 , 664 , 703 , 60 , 1234 , 301 , 686 , 302 , 748 , 920 , 790 , 96 , 318 , 462 , 87 , 300 , 295 , 1062 , 74 , 99 , 62 , 93 , 98 , 661 , 64 , 54 , 91 , 88 , 293 , 716 , 63 , 727 , 44 , 31 , 839 , 103 , 88 , 891 , 102 , 694 , 1251 , 822 , 65 , 51 , 94 , 82 , 88 , 41 , 98 , 97 , 304 , 113 , 115 , 95 , 111 , 109 , 143 , 148 , 301 , 218 , 412 , 412 , 420 , 337 , 359 , 390 , 376 , 345 , 376 , 389 , 431 , 424 , 
RegressionTest0::test029 , 650 , 791 , 577 , 621 , 794 , 197 , 634 , 624 , 624 , 144 , 206 , 634 , 793 , 131 , 628 , 622 , 787 , 630 , 630 , 406 , 628 , 793 , 635 , 455 , 131 , 632 , 788 , 648 , 0 , 635 , 629 , 255 , 635 , 635 , 795 , 261 , 778 , 397 , 632 , 527 , 291 , 177 , 546 , 474 , 630 , 249 , 434 , 489 , 640 , 654 , 579 , 644 , 313 , 795 , 654 , 792 , 140 , 795 , 262 , 298 , 428 , 633 , 652 , 270 , 649 , 790 , 795 , 208 , 770 , 596 , 288 , 653 , 628 , 398 , 575 , 781 , 627 , 653 , 348 , 633 , 635 , 192 , 786 , 604 , 313 , 634 , 240 , 657 , 625 , 640 , 646 , 618 , 449 , 478 , 159 , 279 , 633 , 761 , 792 , 253 , 795 , 418 , 363 , 292 , 633 , 696 , 328 , 660 , 793 , 791 , 460 , 652 , 656 , 655 , 640 , 651 , 167 , 630 , 654 , 629 , 640 , 790 , 343 , 628 , 313 , 623 , 651 , 417 , 653 , 641 , 498 , 654 , 324 , 669 , 279 , 626 , 654 , 633 , 635 , 604 , 632 , 637 , 637 , 796 , 581 , 579 , 637 , 583 , 581 , 656 , 656 , 796 , 530 , 806 , 866 , 838 , 800 , 786 , 883 , 817 , 838 , 803 , 842 , 927 , 919 , 
RegressionTest0::test030 , 78 , 243 , 99 , 51 , 244 , 495 , 20 , 46 , 48 , 636 , 519 , 19 , 242 , 585 , 44 , 49 , 242 , 59 , 62 , 270 , 64 , 244 , 14 , 309 , 572 , 26 , 240 , 94 , 635 , 0 , 42 , 699 , 10 , 21 , 240 , 713 , 241 , 833 , 16 , 211 , 903 , 775 , 977 , 1075 , 49 , 636 , 881 , 168 , 38 , 133 , 1120 , 46 , 770 , 241 , 76 , 243 , 641 , 245 , 590 , 813 , 884 , 14 , 79 , 627 , 187 , 241 , 245 , 493 , 246 , 1010 , 739 , 86 , 59 , 330 , 98 , 240 , 49 , 92 , 963 , 14 , 20 , 804 , 239 , 1052 , 766 , 26 , 847 , 57 , 24 , 32 , 50 , 51 , 868 , 1056 , 667 , 730 , 63 , 1264 , 244 , 700 , 246 , 756 , 914 , 799 , 15 , 365 , 499 , 58 , 246 , 240 , 1061 , 108 , 69 , 93 , 33 , 81 , 661 , 43 , 99 , 16 , 43 , 243 , 729 , 50 , 772 , 61 , 110 , 863 , 82 , 21 , 894 , 77 , 707 , 1281 , 816 , 41 , 92 , 13 , 26 , 172 , 71 , 9 , 9 , 242 , 100 , 95 , 16 , 102 , 104 , 121 , 198 , 246 , 210 , 377 , 354 , 359 , 306 , 302 , 323 , 321 , 268 , 319 , 344 , 357 , 350 , 
RegressionTest0::test031 , 67 , 263 , 74 , 22 , 263 , 490 , 54 , 23 , 20 , 634 , 510 , 48 , 263 , 554 , 14 , 22 , 269 , 28 , 33 , 269 , 32 , 261 , 50 , 310 , 546 , 54 , 265 , 62 , 629 , 42 , 0 , 672 , 44 , 49 , 260 , 680 , 268 , 804 , 46 , 208 , 891 , 767 , 953 , 1067 , 18 , 628 , 853 , 163 , 61 , 104 , 1109 , 70 , 736 , 263 , 94 , 265 , 634 , 263 , 580 , 809 , 850 , 50 , 103 , 594 , 209 , 263 , 261 , 484 , 270 , 979 , 702 , 55 , 26 , 298 , 69 , 268 , 18 , 115 , 953 , 49 , 49 , 794 , 267 , 1020 , 759 , 56 , 839 , 82 , 55 , 60 , 73 , 22 , 840 , 1045 , 660 , 702 , 34 , 1256 , 263 , 672 , 263 , 727 , 906 , 789 , 52 , 334 , 469 , 84 , 265 , 270 , 1048 , 78 , 95 , 58 , 62 , 104 , 652 , 17 , 67 , 52 , 68 , 270 , 701 , 19 , 740 , 34 , 79 , 832 , 106 , 52 , 864 , 95 , 683 , 1269 , 812 , 17 , 60 , 50 , 54 , 140 , 37 , 49 , 49 , 262 , 71 , 72 , 48 , 71 , 77 , 144 , 161 , 265 , 203 , 391 , 382 , 380 , 306 , 322 , 351 , 346 , 299 , 338 , 348 , 387 , 380 , 
RegressionTest0::test032 , 704 , 884 , 617 , 664 , 890 , 391 , 702 , 666 , 664 , 322 , 413 , 694 , 888 , 153 , 673 , 670 , 880 , 673 , 675 , 632 , 678 , 890 , 702 , 605 , 152 , 700 , 885 , 692 , 255 , 699 , 672 , 0 , 699 , 693 , 890 , 90 , 867 , 209 , 698 , 703 , 310 , 208 , 356 , 464 , 675 , 427 , 257 , 693 , 708 , 697 , 512 , 710 , 161 , 892 , 718 , 888 , 245 , 891 , 460 , 288 , 316 , 699 , 717 , 287 , 709 , 885 , 892 , 394 , 862 , 441 , 114 , 696 , 672 , 440 , 617 , 872 , 673 , 714 , 437 , 701 , 700 , 242 , 879 , 448 , 476 , 699 , 268 , 722 , 699 , 705 , 713 , 671 , 288 , 494 , 365 , 104 , 676 , 890 , 890 , 76 , 891 , 336 , 373 , 348 , 703 , 714 , 352 , 727 , 891 , 884 , 459 , 693 , 719 , 701 , 705 , 715 , 340 , 675 , 698 , 703 , 709 , 885 , 280 , 674 , 182 , 674 , 690 , 307 , 717 , 702 , 384 , 716 , 246 , 669 , 228 , 672 , 698 , 701 , 699 , 647 , 681 , 701 , 703 , 893 , 619 , 619 , 702 , 620 , 621 , 721 , 697 , 890 , 702 , 901 , 958 , 947 , 884 , 862 , 971 , 904 , 929 , 928 , 935 , 1023 , 1014 , 
RegressionTest0::test033 , 79 , 244 , 97 , 51 , 244 , 495 , 19 , 44 , 48 , 638 , 519 , 19 , 240 , 581 , 44 , 47 , 243 , 60 , 61 , 269 , 61 , 242 , 14 , 309 , 569 , 28 , 241 , 94 , 635 , 10 , 44 , 699 , 0 , 20 , 238 , 712 , 242 , 833 , 16 , 212 , 903 , 779 , 982 , 1075 , 45 , 636 , 880 , 168 , 40 , 135 , 1115 , 45 , 768 , 241 , 78 , 244 , 641 , 244 , 590 , 814 , 883 , 16 , 78 , 628 , 188 , 242 , 240 , 494 , 246 , 1009 , 737 , 87 , 55 , 329 , 97 , 241 , 48 , 92 , 960 , 14 , 25 , 803 , 238 , 1053 , 766 , 23 , 848 , 58 , 25 , 34 , 51 , 49 , 866 , 1054 , 670 , 733 , 62 , 1266 , 244 , 703 , 246 , 754 , 912 , 799 , 16 , 366 , 500 , 60 , 245 , 243 , 1059 , 109 , 68 , 94 , 34 , 80 , 663 , 41 , 101 , 18 , 41 , 244 , 727 , 48 , 770 , 60 , 109 , 866 , 84 , 21 , 894 , 76 , 700 , 1281 , 817 , 44 , 94 , 11 , 24 , 173 , 68 , 14 , 10 , 245 , 104 , 96 , 24 , 103 , 111 , 129 , 200 , 246 , 211 , 377 , 354 , 359 , 305 , 302 , 323 , 322 , 268 , 318 , 344 , 356 , 351 , 
RegressionTest0::test034 , 88 , 242 , 102 , 48 , 250 , 496 , 15 , 51 , 50 , 639 , 516 , 13 , 248 , 580 , 51 , 51 , 255 , 54 , 60 , 270 , 64 , 249 , 16 , 310 , 576 , 28 , 252 , 79 , 635 , 21 , 49 , 693 , 20 , 0 , 248 , 710 , 253 , 837 , 19 , 213 , 899 , 781 , 988 , 1072 , 56 , 627 , 877 , 171 , 27 , 129 , 1114 , 42 , 768 , 247 , 73 , 257 , 635 , 251 , 588 , 812 , 874 , 24 , 73 , 614 , 180 , 249 , 248 , 496 , 254 , 1010 , 736 , 85 , 60 , 324 , 101 , 254 , 52 , 88 , 956 , 22 , 27 , 801 , 253 , 1046 , 760 , 22 , 843 , 56 , 26 , 36 , 44 , 53 , 867 , 1053 , 667 , 728 , 60 , 1258 , 250 , 702 , 251 , 750 , 913 , 798 , 25 , 359 , 495 , 56 , 251 , 256 , 1060 , 103 , 67 , 75 , 33 , 75 , 655 , 54 , 93 , 25 , 42 , 257 , 719 , 53 , 768 , 60 , 98 , 864 , 79 , 14 , 884 , 68 , 710 , 1277 , 819 , 53 , 85 , 24 , 20 , 158 , 67 , 26 , 25 , 250 , 106 , 101 , 28 , 107 , 111 , 120 , 195 , 258 , 212 , 386 , 366 , 371 , 315 , 310 , 330 , 332 , 276 , 325 , 349 , 371 , 364 , 
RegressionTest0::test035 , 249 , 12 , 308 , 261 , 9 , 657 , 247 , 255 , 260 , 798 , 681 , 244 , 12 , 776 , 258 , 259 , 30 , 269 , 271 , 439 , 275 , 8 , 244 , 483 , 760 , 249 , 17 , 303 , 795 , 240 , 260 , 890 , 238 , 248 , 0 , 902 , 63 , 1026 , 243 , 398 , 1062 , 939 , 1171 , 1234 , 260 , 801 , 1070 , 355 , 266 , 340 , 1287 , 268 , 963 , 5 , 300 , 26 , 828 , 15 , 755 , 968 , 1071 , 242 , 295 , 818 , 399 , 14 , 9 , 657 , 91 , 1201 , 929 , 296 , 270 , 524 , 304 , 47 , 260 , 306 , 1122 , 243 , 244 , 968 , 26 , 1244 , 927 , 243 , 1007 , 279 , 247 , 260 , 269 , 261 , 1054 , 1217 , 827 , 922 , 272 , 1427 , 12 , 890 , 13 , 948 , 1071 , 964 , 240 , 565 , 690 , 282 , 19 , 23 , 1225 , 311 , 288 , 304 , 254 , 296 , 825 , 257 , 307 , 244 , 264 , 24 , 919 , 261 , 962 , 268 , 317 , 1052 , 299 , 249 , 1084 , 295 , 895 , 1449 , 981 , 256 , 299 , 240 , 248 , 380 , 279 , 244 , 243 , 9 , 315 , 305 , 246 , 315 , 319 , 347 , 407 , 26 , 395 , 331 , 250 , 272 , 288 , 225 , 179 , 289 , 212 , 202 , 237 , 153 , 157 , 
RegressionTest0::test036 , 715 , 900 , 630 , 682 , 902 , 427 , 715 , 683 , 681 , 319 , 412 , 709 , 901 , 158 , 684 , 677 , 882 , 672 , 661 , 631 , 681 , 904 , 715 , 609 , 163 , 709 , 897 , 697 , 261 , 713 , 680 , 90 , 712 , 710 , 902 , 0 , 881 , 193 , 710 , 704 , 250 , 192 , 349 , 443 , 684 , 443 , 234 , 700 , 709 , 690 , 500 , 687 , 113 , 904 , 717 , 898 , 226 , 903 , 437 , 335 , 286 , 715 , 711 , 256 , 718 , 895 , 904 , 423 , 862 , 433 , 70 , 684 , 682 , 424 , 628 , 884 , 677 , 724 , 397 , 715 , 711 , 238 , 892 , 397 , 443 , 709 , 238 , 714 , 713 , 690 , 715 , 682 , 282 , 461 , 328 , 52 , 661 , 906 , 902 , 42 , 903 , 339 , 372 , 341 , 716 , 720 , 341 , 725 , 903 , 897 , 440 , 705 , 726 , 696 , 691 , 714 , 331 , 687 , 699 , 712 , 688 , 899 , 259 , 682 , 159 , 681 , 703 , 263 , 727 , 715 , 355 , 728 , 229 , 641 , 197 , 677 , 693 , 711 , 710 , 660 , 681 , 717 , 717 , 905 , 633 , 630 , 713 , 629 , 628 , 730 , 707 , 904 , 711 , 912 , 973 , 956 , 896 , 872 , 985 , 910 , 941 , 941 , 946 , 1035 , 1027 , 
