:,DocumentTypeTest::constructorValidationOkWithBlankPublicAndSystemIds,DocumentTypeTest::constructorValidationThrowsExceptionOnBlankName,DocumentTypeTest::constructorValidationThrowsExceptionOnNulls,DocumentTypeTest::outerHtmlGeneration,DocumentType_ESTest::test0,DocumentType_ESTest::test1,DocumentType_ESTest::test2,DocumentType_ESTest::test3,RegressionTest0::test001,RegressionTest0::test002,RegressionTest0::test003,RegressionTest0::test004,RegressionTest0::test005,RegressionTest0::test006,RegressionTest0::test007,RegressionTest0::test008,RegressionTest0::test009,RegressionTest0::test010,RegressionTest0::test011,RegressionTest0::test012,RegressionTest0::test013,RegressionTest0::test014,RegressionTest0::test015,RegressionTest0::test016,RegressionTest0::test017,RegressionTest0::test018,RegressionTest0::test019,RegressionTest0::test020,RegressionTest0::test021,RegressionTest0::test022,RegressionTest0::test023,RegressionTest0::test024,RegressionTest0::test025,RegressionTest0::test026,RegressionTest0::test027,RegressionTest0::test028,RegressionTest0::test029,RegressionTest0::test030,RegressionTest0::test031,RegressionTest0::test032,RegressionTest0::test033,RegressionTest0::test034,RegressionTest0::test035,RegressionTest0::test036,RegressionTest0::test037,RegressionTest0::test038,RegressionTest0::test039,RegressionTest0::test040,RegressionTest0::test041,RegressionTest0::test042,RegressionTest0::test043,RegressionTest0::test044,RegressionTest0::test045,RegressionTest0::test046,RegressionTest0::test047,RegressionTest0::test048,RegressionTest0::test049,RegressionTest0::test050,RegressionTest0::test051,RegressionTest0::test052,RegressionTest0::test053,RegressionTest0::test054,RegressionTest0::test055,RegressionTest0::test056,RegressionTest0::test057,RegressionTest0::test058,RegressionTest0::test059,RegressionTest0::test060,RegressionTest0::test061,RegressionTest0::test062,RegressionTest0::test063,RegressionTest0::test064,RegressionTest0::test065,RegressionTest0::test066,RegressionTest0::test067,RegressionTest0::test068,RegressionTest0::test069,RegressionTest0::test070,RegressionTest0::test071,RegressionTest0::test072,RegressionTest0::test073,RegressionTest0::test074,RegressionTest0::test075,RegressionTest0::test076,RegressionTest0::test077,RegressionTest0::test078,RegressionTest0::test079,RegressionTest0::test080,RegressionTest0::test081,RegressionTest0::test082,RegressionTest0::test083,RegressionTest0::test084,RegressionTest0::test085,RegressionTest0::test086,RegressionTest0::test087,RegressionTest0::test088,RegressionTest0::test089,RegressionTest0::test090,RegressionTest0::test091,RegressionTest0::test092,RegressionTest0::test093,RegressionTest0::test094,RegressionTest0::test095,RegressionTest0::test096,RegressionTest0::test097,RegressionTest0::test098,RegressionTest0::test099,RegressionTest0::test100,RegressionTest0::test101,RegressionTest0::test102,RegressionTest0::test103,RegressionTest0::test104,RegressionTest0::test105,RegressionTest0::test106,RegressionTest0::test107,RegressionTest0::test108,RegressionTest0::test109,RegressionTest0::test110,RegressionTest0::test111,RegressionTest0::test112,RegressionTest0::test113,RegressionTest0::test114,RegressionTest0::test115,RegressionTest0::test116,RegressionTest0::test117,RegressionTest0::test118,RegressionTest0::test119,RegressionTest0::test120,RegressionTest0::test121,RegressionTest0::test122,RegressionTest0::test123,RegressionTest0::test124,RegressionTest0::test125,RegressionTest0::test126,RegressionTest0::test127,RegressionTest0::test128,RegressionTest0::test129,RegressionTest0::test130,RegressionTest0::test131,RegressionTest0::test132,RegressionTest0::test133,RegressionTest0::test134,RegressionTest0::test135,RegressionTest0::test136,RegressionTest0::test137,RegressionTest0::test138,RegressionTest0::test139,RegressionTest0::test140,RegressionTest0::test141,RegressionTest0::test142,RegressionTest0::test143,RegressionTest0::test144,RegressionTest0::test145,RegressionTest0::test146,RegressionTest0::test147,RegressionTest0::test148,RegressionTest0::test149,RegressionTest0::test150,RegressionTest0::test151,RegressionTest0::test152,RegressionTest0::test153,RegressionTest0::test154,RegressionTest0::test155,RegressionTest0::test156,RegressionTest0::test157,RegressionTest0::test158,RegressionTest0::test159,RegressionTest0::test160,RegressionTest0::test161,RegressionTest0::test162,RegressionTest0::test163,RegressionTest0::test164,RegressionTest0::test165,RegressionTest0::test166,RegressionTest0::test167,RegressionTest0::test168,RegressionTest0::test169,RegressionTest0::test170,RegressionTest0::test171,RegressionTest0::test172,RegressionTest0::test173,RegressionTest0::test174,RegressionTest0::test175,RegressionTest0::test176,RegressionTest0::test177,RegressionTest0::test178,
DocumentTypeTest::constructorValidationOkWithBlankPublicAndSystemIds ,0,0,2,47,19,9,28,24,17,32,339,32,395,454,577,354,586,74,121,105,344,17,17,485,32,388,24,547,360,155,198,452,17,371,555,285,12,319,165,52,52,497,214,12,543,43,627,12,210,374,108,458,345,40,31,535,32,52,12,316,175,12,272,351,12,12,442,427,33,543,32,12,384,32,194,12,375,12,32,663,377,470,21,455,178,581,273,564,388,376,523,245,281,236,40,12,557,33,12,398,560,275,32,331,12,359,583,293,312,12,648,144,522,32,418,445,596,642,140,164,54,396,240,506,83,142,17,32,244,198,173,40,212,166,560,393,507,103,425,540,17,284,59,165,339,12,514,111,212,156,607,127,118,442,590,373,156,12,411,178,203,510,396,595,104,438,278,355,401,389,321,111,32,60,17,464,167,297,232,413,258,48,246,142,59,287,
DocumentTypeTest::constructorValidationThrowsExceptionOnBlankName ,0,0,2,47,19,9,28,24,17,32,339,32,395,454,577,354,586,74,121,105,344,17,17,485,32,388,24,547,360,155,198,452,17,371,555,285,12,319,165,52,52,497,214,12,543,43,627,12,210,374,108,458,345,40,31,535,32,52,12,316,175,12,272,351,12,12,442,427,33,543,32,12,384,32,194,12,375,12,32,663,377,470,21,455,178,581,273,564,388,376,523,245,281,236,40,12,557,33,12,398,560,275,32,331,12,359,583,293,312,12,648,144,522,32,418,445,596,642,140,164,54,396,240,506,83,142,17,32,244,198,173,40,212,166,560,393,507,103,425,540,17,284,59,165,339,12,514,111,212,156,607,127,118,442,590,373,156,12,411,178,203,510,396,595,104,438,278,355,401,389,321,111,32,60,17,464,167,297,232,413,258,48,246,142,59,287,
DocumentTypeTest::constructorValidationThrowsExceptionOnNulls ,2,2,0,48,21,11,30,26,19,34,339,34,395,454,577,354,586,76,122,105,344,19,19,485,34,388,26,547,360,155,198,452,19,371,555,285,14,319,165,54,54,497,214,14,543,45,627,14,210,374,108,458,345,42,33,535,34,54,14,317,176,14,273,351,14,14,442,427,34,543,34,14,384,34,195,14,375,14,34,663,377,470,23,455,178,581,273,564,388,376,523,245,281,236,42,14,557,35,14,398,560,275,34,331,14,360,583,293,312,14,648,144,522,34,418,445,596,642,140,164,56,396,240,506,83,143,19,34,245,199,174,42,213,166,560,393,507,104,425,540,19,284,61,166,340,14,515,113,213,157,608,128,119,442,590,374,157,14,411,178,204,511,397,596,105,438,279,356,402,390,322,112,34,62,19,465,168,298,233,414,259,50,247,143,61,288,
DocumentTypeTest::outerHtmlGeneration ,47,47,48,0,36,38,32,32,41,38,300,38,356,413,536,316,545,58,97,85,306,41,41,444,36,347,40,507,320,129,166,413,41,331,515,249,43,281,137,42,40,457,184,43,503,35,586,43,176,335,87,419,306,35,38,495,36,40,43,278,148,43,235,313,43,43,402,388,36,503,36,43,345,38,165,43,337,43,36,621,339,430,39,416,148,541,237,523,349,336,483,211,245,203,35,43,519,37,43,358,516,237,36,293,43,322,543,255,275,43,606,121,481,36,378,405,555,600,114,135,44,356,207,465,63,120,41,36,214,168,143,35,187,140,520,355,467,81,387,503,41,248,46,142,308,43,478,88,183,133,572,110,100,405,550,340,133,43,376,150,175,475,363,559,87,399,245,323,363,352,292,95,36,44,41,427,142,271,199,377,228,39,217,120,46,256,
DocumentType_ESTest::test0 ,19,19,21,36,0,13,23,15,27,26,324,27,380,439,562,341,572,63,109,91,330,27,27,471,25,374,26,532,346,141,184,439,27,356,540,273,26,305,153,41,40,482,201,26,529,33,612,26,195,361,94,443,330,30,27,520,25,40,26,305,162,26,260,336,26,26,428,413,28,529,25,26,370,27,180,26,360,26,25,649,362,455,23,442,164,567,261,549,373,363,509,231,267,222,30,26,544,26,26,385,545,261,25,316,26,347,568,278,298,26,633,132,507,25,404,431,582,627,126,150,43,381,225,492,70,131,27,25,232,187,160,30,201,152,544,379,492,94,412,527,27,271,50,154,326,26,502,100,201,146,594,118,109,429,575,361,146,26,397,164,192,498,383,582,95,423,266,342,389,377,309,102,25,48,27,453,155,286,221,400,247,37,233,130,50,274,
DocumentType_ESTest::test1 ,9,9,11,38,13,0,24,20,20,28,330,28,387,445,568,346,577,66,112,97,336,20,20,476,23,380,18,539,352,146,189,444,20,362,547,278,18,311,157,43,43,489,206,18,535,34,619,18,202,366,100,450,336,32,27,527,23,43,18,310,167,18,265,343,18,18,433,419,29,535,23,18,376,28,186,18,367,18,23,654,369,462,14,448,169,574,266,556,380,368,515,236,273,227,32,18,550,24,18,391,551,266,23,323,18,352,574,284,304,18,639,136,514,23,409,436,588,634,131,155,45,387,231,497,74,134,20,23,236,189,165,32,203,158,551,385,498,97,416,531,20,275,51,157,330,18,506,103,204,148,598,120,111,434,581,366,148,18,403,170,195,501,387,586,97,429,269,347,392,380,314,104,23,51,20,456,158,288,224,407,250,39,240,133,51,279,
DocumentType_ESTest::test2 ,28,28,30,32,23,24,0,15,26,28,320,28,374,433,555,333,565,63,108,91,323,26,26,464,28,366,25,525,339,138,180,431,26,349,533,263,27,299,147,44,40,475,196,27,522,37,605,27,191,353,94,437,326,33,27,513,28,40,27,295,158,27,252,330,27,27,421,406,28,522,28,27,364,28,177,27,354,27,28,640,356,447,24,433,160,558,251,542,367,354,501,225,260,217,33,27,534,29,27,375,539,254,28,309,27,339,561,272,292,27,625,128,500,28,396,424,574,620,123,144,46,374,221,485,69,126,26,28,227,181,154,33,195,150,537,371,485,85,401,518,26,264,46,149,321,27,495,94,194,141,588,112,103,420,567,354,141,27,390,161,186,491,378,576,89,416,259,337,379,367,303,96,28,49,26,443,151,279,213,393,240,40,226,127,46,267,
DocumentType_ESTest::test3 ,24,24,26,32,15,20,15,0,27,24,322,24,377,436,558,337,568,62,109,89,326,27,27,466,27,369,28,528,341,140,182,435,27,352,535,267,28,302,149,42,39,478,198,28,525,35,608,28,191,356,92,439,328,29,24,516,27,39,28,297,158,28,253,333,28,28,423,408,28,525,27,28,366,24,176,28,357,28,27,644,359,451,26,436,163,562,255,545,370,357,504,228,262,219,29,28,538,28,28,379,540,258,27,312,28,339,563,275,295,28,628,128,503,27,400,427,577,622,125,147,43,378,221,488,69,128,27,27,229,183,159,29,199,149,541,376,488,93,406,523,27,266,47,151,324,28,499,98,197,143,592,115,106,425,571,357,143,28,394,161,188,495,382,580,92,420,263,340,385,373,306,99,27,47,27,448,154,283,216,395,244,39,229,131,47,271,
RegressionTest0::test001 ,17,17,19,41,27,20,26,27,0,16,323,16,379,438,560,338,570,60,105,89,328,0,0,469,19,372,8,531,344,139,182,435,0,355,539,269,5,303,149,36,38,481,198,5,527,27,611,5,195,358,92,442,329,26,15,519,19,38,5,301,159,5,257,335,5,5,425,411,17,527,19,5,368,16,178,5,359,5,19,647,361,454,8,439,162,564,257,548,372,360,507,229,265,220,26,5,541,20,5,382,545,258,19,315,5,343,567,277,296,5,632,128,506,19,402,429,580,626,124,147,40,380,224,490,67,126,0,19,228,181,156,26,196,150,544,377,491,86,409,524,0,268,45,149,323,5,498,95,196,140,591,111,102,426,574,357,140,5,395,162,187,494,380,579,88,422,262,339,385,373,305,95,19,46,0,448,151,281,216,397,242,34,229,126,45,271,
RegressionTest0::test002 ,32,32,34,38,26,28,28,24,16,0,308,1,365,423,549,328,555,48,91,77,316,16,16,458,16,357,12,516,330,127,167,424,16,343,527,258,20,291,135,24,27,465,183,20,512,22,596,20,180,346,81,429,314,17,2,504,16,27,20,292,150,20,248,322,20,20,415,399,19,512,16,20,358,1,167,20,347,20,16,636,348,439,16,427,147,552,245,534,360,347,495,215,251,208,17,20,529,17,20,370,530,250,16,300,20,333,556,265,281,20,620,115,493,16,389,418,567,611,113,139,29,367,212,476,54,111,16,16,212,168,145,17,182,139,530,363,475,81,396,509,16,255,37,135,310,20,482,86,182,126,578,97,90,413,559,342,126,20,380,151,173,480,366,566,79,407,248,323,370,358,291,86,16,34,16,436,138,269,202,387,229,24,219,113,37,259,
RegressionTest0::test003 ,339,339,339,300,324,330,320,322,323,308,0,309,158,187,318,148,319,274,247,258,123,323,323,248,307,204,316,298,101,213,178,192,323,110,308,184,327,128,209,289,289,249,186,327,294,297,375,327,212,116,257,214,6,301,309,286,307,289,327,195,189,327,186,126,327,327,179,166,314,294,307,327,221,308,179,327,143,327,307,400,143,260,318,222,192,329,182,313,157,138,279,155,162,167,301,327,309,307,327,204,356,192,307,160,327,190,331,116,118,327,392,227,272,307,170,184,343,390,221,222,290,190,174,242,269,243,323,307,197,220,230,301,189,232,369,236,323,268,261,368,323,188,290,232,230,327,342,264,200,237,415,248,255,282,396,226,237,327,258,222,200,322,239,403,265,274,180,234,237,226,217,259,307,285,323,293,211,212,192,253,186,296,218,234,290,201,
RegressionTest0::test004 ,32,32,34,38,27,28,28,24,16,1,309,0,365,423,549,328,556,48,92,77,317,16,16,458,16,358,13,516,330,128,168,425,16,343,527,259,20,291,135,24,27,465,184,20,512,22,595,20,179,346,82,429,315,17,2,504,16,27,20,292,150,20,248,322,20,20,414,398,19,512,16,20,358,1,168,20,347,20,16,635,348,439,16,427,148,553,246,534,361,347,494,215,252,208,17,20,529,17,20,370,530,250,16,300,20,333,555,265,282,20,619,116,492,16,390,418,567,611,113,139,29,366,213,477,55,112,16,16,212,169,146,17,182,140,530,364,475,81,397,508,16,255,37,135,310,20,482,86,182,127,577,98,91,413,559,342,127,20,379,152,173,479,366,565,79,407,248,323,370,358,291,86,16,34,16,436,138,269,203,388,229,24,220,114,37,260,
RegressionTest0::test005 ,395,395,395,356,380,387,374,377,379,365,158,365,0,151,281,206,295,333,306,312,72,379,379,220,365,178,372,178,192,276,243,226,379,201,262,200,383,91,232,350,347,126,196,383,178,355,237,383,262,199,310,92,158,358,365,166,365,347,383,232,265,383,232,65,383,383,222,220,369,178,365,383,226,364,255,383,62,383,365,400,56,183,375,225,256,282,205,202,65,203,225,182,205,234,358,383,292,364,383,226,350,229,365,193,383,214,291,199,92,383,370,261,159,365,188,222,320,271,282,278,350,151,226,240,331,292,379,365,237,266,284,358,240,282,354,249,302,322,251,342,379,211,347,277,230,383,323,317,250,284,402,298,305,270,378,231,285,383,251,271,253,319,252,391,315,271,215,220,227,216,223,309,365,340,379,285,276,231,234,265,222,352,244,295,347,233,
RegressionTest0::test006 ,454,454,454,413,439,445,433,436,438,423,187,423,151,0,279,232,203,385,362,370,196,438,438,200,422,215,431,237,187,301,264,181,438,183,248,259,442,219,322,403,404,203,298,442,214,412,270,442,318,209,368,172,188,416,424,229,422,404,442,271,322,442,284,202,442,442,169,171,426,214,422,442,252,423,311,442,188,442,422,327,190,219,433,226,287,281,272,253,183,203,259,268,250,271,416,442,259,422,442,245,328,275,422,238,442,259,295,251,214,442,369,342,209,422,233,177,272,316,317,333,402,203,272,128,383,354,438,422,294,323,345,416,288,341,356,264,313,381,280,347,438,269,403,341,268,442,329,378,311,346,384,361,368,287,369,244,347,442,280,329,313,312,265,372,376,275,272,254,249,245,262,370,422,399,438,299,326,266,293,270,296,410,307,347,403,278,
RegressionTest0::test007 ,577,577,577,536,562,568,555,558,560,549,318,549,281,279,0,316,282,511,487,492,324,560,560,286,546,315,554,270,317,455,422,263,560,308,300,369,565,342,447,531,528,241,420,565,301,536,297,565,442,313,490,259,315,540,551,258,546,528,565,382,439,565,401,319,565,565,238,266,549,302,546,565,353,549,428,565,308,565,546,359,307,316,556,287,435,189,379,313,301,313,222,391,371,396,540,565,283,545,565,315,362,364,546,337,565,350,238,363,343,565,270,466,298,546,297,274,294,329,464,446,529,329,397,286,508,481,560,546,417,445,455,540,429,468,384,364,361,498,346,382,560,389,529,467,372,565,372,501,439,474,395,490,496,341,401,364,474,565,341,456,441,359,334,389,502,356,401,365,361,355,381,497,546,524,560,338,465,386,417,361,407,535,423,484,529,396,
RegressionTest0::test008 ,354,354,354,316,341,346,333,337,338,328,148,328,206,232,316,0,343,292,268,274,172,338,338,239,324,197,332,302,132,236,203,190,338,171,310,197,342,159,227,312,306,272,204,342,311,316,375,342,230,142,270,232,149,317,327,292,324,306,342,210,217,342,210,173,342,342,210,199,327,311,324,342,198,327,198,342,193,342,324,400,194,266,334,198,218,320,185,335,205,138,284,180,189,188,317,342,289,323,342,218,338,205,324,165,342,208,320,176,168,342,384,244,292,324,175,193,357,399,245,225,310,226,190,271,294,264,338,324,213,230,225,317,215,254,343,239,327,276,257,368,338,203,299,254,230,342,345,268,220,259,422,272,277,276,396,235,260,342,267,243,228,344,251,412,282,283,199,239,236,238,232,278,324,302,338,278,243,235,211,242,215,312,228,259,299,190,
RegressionTest0::test009 ,586,586,586,545,572,577,565,568,570,555,319,556,295,203,282,343,0,517,494,503,330,570,570,279,554,314,563,266,309,433,396,260,570,303,270,378,574,356,455,535,536,267,428,574,254,545,247,574,448,313,500,279,318,548,557,269,554,536,574,391,453,574,408,334,574,574,261,270,558,253,554,574,358,555,442,574,320,574,554,283,319,291,565,310,419,278,387,284,317,305,293,397,373,403,548,574,297,554,574,337,339,396,554,338,574,353,310,366,351,574,312,474,274,554,313,258,265,297,449,461,534,324,402,197,515,487,570,554,420,453,471,548,427,472,360,367,338,512,341,369,570,397,536,470,370,574,348,510,439,477,380,493,500,328,371,346,478,574,348,460,442,337,328,372,509,332,398,360,349,351,380,503,554,531,570,335,458,384,419,366,422,542,437,479,536,409,
RegressionTest0::test010 ,74,74,76,58,63,66,63,62,60,48,274,48,333,385,511,292,517,0,57,55,284,60,60,422,44,326,55,484,297,91,130,387,60,304,494,225,62,259,107,30,27,434,155,62,482,39,564,62,152,313,59,396,280,37,47,472,44,27,62,258,117,62,214,289,62,62,380,365,56,482,44,62,325,48,136,62,313,62,44,599,315,408,55,395,112,518,214,502,326,313,460,182,218,169,37,62,496,44,62,337,495,213,44,267,62,300,519,225,252,62,587,86,460,44,354,382,534,579,76,105,24,333,178,437,38,94,60,44,189,144,125,37,160,118,496,329,443,63,366,475,60,224,36,115,285,62,454,57,153,106,541,85,77,382,525,314,107,62,350,122,144,444,333,529,64,376,218,297,338,326,266,70,44,28,60,404,109,240,171,356,199,35,199,91,36,233,
RegressionTest0::test011 ,121,121,122,97,109,112,108,109,105,91,247,92,306,362,487,268,494,57,0,69,257,105,105,396,91,293,99,458,275,79,110,368,105,285,470,202,109,225,83,75,77,407,121,109,455,82,537,109,129,290,70,370,253,84,91,446,91,77,109,233,99,109,186,262,109,109,357,342,101,455,91,109,300,92,110,109,287,109,91,573,288,376,100,364,88,492,190,469,301,291,436,155,195,151,84,109,461,90,109,315,464,175,91,240,109,270,498,194,223,109,549,77,427,91,327,359,504,546,71,100,72,304,162,416,62,63,105,91,157,114,113,84,145,92,464,298,410,64,333,448,105,194,81,85,251,109,420,62,126,76,518,74,70,347,494,282,76,109,320,104,120,416,302,506,65,344,186,262,308,296,234,66,91,71,105,374,79,225,148,327,170,80,173,60,81,204,
RegressionTest0::test012 ,105,105,105,85,91,97,91,89,89,77,258,77,312,370,492,274,503,55,69,0,262,89,89,404,75,303,83,464,276,85,124,369,89,289,457,207,93,237,94,61,63,413,142,93,460,68,542,93,135,295,13,375,264,70,77,452,75,63,93,247,103,93,203,268,93,93,360,345,83,460,75,93,305,76,123,93,293,93,75,582,294,387,86,375,105,498,193,481,306,293,442,172,178,143,70,93,474,75,93,318,482,200,75,228,93,281,501,213,229,93,567,79,440,75,336,364,496,558,71,85,61,318,158,423,61,77,89,75,170,131,118,70,148,97,485,318,427,65,355,463,89,212,65,96,268,93,438,66,139,89,534,68,61,371,511,300,89,93,333,108,130,435,326,522,54,360,204,281,325,313,250,60,75,60,89,392,108,233,159,345,182,70,184,87,65,224,
RegressionTest0::test013 ,344,344,344,306,330,336,323,326,328,316,123,317,72,196,324,172,330,284,257,262,0,328,328,255,314,190,322,213,163,225,196,223,328,172,288,168,332,38,183,301,297,172,147,332,205,307,291,332,217,164,260,125,127,308,316,201,314,297,332,191,221,332,198,46,332,332,238,223,319,205,314,332,207,316,210,332,61,332,314,423,65,202,324,227,209,325,172,229,61,174,268,134,180,188,308,332,315,313,332,223,355,199,314,157,332,201,317,154,46,332,388,211,184,314,181,224,351,307,236,232,300,146,187,261,283,245,328,314,201,218,237,308,200,233,353,247,314,273,263,347,328,179,297,235,217,332,338,269,211,237,405,250,256,284,390,219,238,332,252,221,212,322,243,398,264,274,180,220,220,225,209,258,314,289,328,280,228,208,185,260,188,301,208,247,297,201,
RegressionTest0::test014 ,17,17,19,41,27,20,26,27,0,16,323,16,379,438,560,338,570,60,105,89,328,0,0,469,19,372,8,531,344,139,182,435,0,355,539,269,5,303,149,36,38,481,198,5,527,27,611,5,195,358,92,442,329,26,15,519,19,38,5,301,159,5,257,335,5,5,425,411,17,527,19,5,368,16,178,5,359,5,19,647,361,454,8,439,162,564,257,548,372,360,507,229,265,220,26,5,541,20,5,382,545,258,19,315,5,343,567,277,296,5,632,128,506,19,402,429,580,626,124,147,40,380,224,490,67,126,0,19,228,181,156,26,196,150,544,377,491,86,409,524,0,268,45,149,323,5,498,95,196,140,591,111,102,426,574,357,140,5,395,162,187,494,380,579,88,422,262,339,385,373,305,95,19,46,0,448,151,281,216,397,242,34,229,126,45,271,
RegressionTest0::test015 ,17,17,19,41,27,20,26,27,0,16,323,16,379,438,560,338,570,60,105,89,328,0,0,469,19,372,8,531,344,139,182,435,0,355,539,269,5,303,149,36,38,481,198,5,527,27,611,5,195,358,92,442,329,26,15,519,19,38,5,301,159,5,257,335,5,5,425,411,17,527,19,5,368,16,178,5,359,5,19,647,361,454,8,439,162,564,257,548,372,360,507,229,265,220,26,5,541,20,5,382,545,258,19,315,5,343,567,277,296,5,632,128,506,19,402,429,580,626,124,147,40,380,224,490,67,126,0,19,228,181,156,26,196,150,544,377,491,86,409,524,0,268,45,149,323,5,498,95,196,140,591,111,102,426,574,357,140,5,395,162,187,494,380,579,88,422,262,339,385,373,305,95,19,46,0,448,151,281,216,397,242,34,229,126,45,271,
RegressionTest0::test016 ,485,485,485,444,471,476,464,466,469,458,248,458,220,200,286,239,279,422,396,404,255,469,469,0,454,254,462,249,248,362,329,208,469,247,298,302,473,261,355,438,436,209,328,473,262,446,309,473,344,247,402,205,253,448,458,237,454,436,473,278,350,473,303,258,473,473,250,232,456,262,454,473,239,458,340,473,252,473,454,316,252,262,464,212,343,274,284,272,234,251,276,299,291,304,448,473,250,453,473,241,302,308,454,277,473,267,288,288,266,473,343,375,266,454,241,191,319,338,372,358,437,255,306,246,419,391,469,454,329,357,364,448,331,376,341,286,301,404,284,343,469,296,431,377,295,473,330,394,346,383,389,397,404,289,363,293,384,473,276,364,348,324,279,376,413,279,313,291,278,273,304,407,454,431,469,301,366,300,323,272,328,442,339,385,431,332,
RegressionTest0::test017 ,32,32,34,36,25,23,28,27,19,16,307,16,365,422,546,324,554,44,91,75,314,19,19,454,0,358,14,517,330,123,166,422,19,340,525,256,20,289,135,20,20,467,184,20,513,11,597,20,180,344,78,428,313,10,15,505,0,20,20,288,145,20,243,321,20,20,411,397,23,513,0,20,354,16,164,20,345,20,0,632,347,440,12,426,146,552,244,534,358,346,493,214,251,204,10,20,528,1,20,369,528,244,0,301,20,330,551,261,282,20,616,114,492,0,388,414,566,612,108,133,22,365,210,474,51,115,19,0,215,169,145,10,184,138,528,363,476,78,395,510,19,253,29,137,311,20,484,82,182,128,577,102,93,412,559,344,128,20,381,148,173,480,364,565,80,407,248,326,371,359,294,87,0,28,19,434,135,269,202,385,229,16,220,114,29,258,
RegressionTest0::test018 ,388,388,388,347,374,380,366,369,372,357,204,358,178,215,315,197,314,326,293,303,190,372,372,254,358,0,365,272,193,271,243,240,372,196,299,187,376,175,247,344,341,228,219,376,281,348,344,376,250,209,302,211,208,351,359,263,358,341,376,223,259,376,235,182,376,376,212,207,359,281,358,376,228,357,243,376,195,376,358,413,195,236,368,233,256,317,216,290,194,199,268,206,198,232,351,376,301,357,376,220,343,218,358,181,376,207,333,204,188,376,396,263,258,358,214,220,326,368,280,266,343,196,217,250,325,270,372,358,232,249,279,351,247,270,361,262,312,310,256,360,372,226,340,263,252,376,323,307,233,269,404,290,295,275,386,237,269,376,265,261,243,335,256,397,304,276,205,232,229,217,247,301,358,333,372,283,265,256,228,256,241,345,254,281,340,242,
RegressionTest0::test019 ,24,24,26,40,26,18,25,28,8,12,316,13,372,431,554,332,563,55,99,83,322,8,8,462,14,365,0,525,337,134,175,430,8,350,533,264,12,297,142,32,33,474,191,12,521,22,604,12,189,351,88,436,322,22,13,513,14,33,12,297,154,12,253,328,12,12,420,405,17,521,14,12,363,13,172,12,353,12,14,641,354,449,7,433,155,559,251,541,366,354,500,222,259,215,22,12,535,15,12,377,539,253,14,309,12,338,561,271,289,12,626,123,500,14,395,422,574,619,120,142,35,374,219,484,62,119,8,14,221,175,152,22,190,145,537,370,484,84,401,517,8,261,40,142,316,12,491,89,189,133,585,106,97,419,567,352,133,12,388,157,180,488,374,573,86,415,255,332,378,366,300,93,14,41,8,442,145,276,210,394,236,29,226,120,40,265,
RegressionTest0::test020 ,547,547,547,507,532,539,525,528,531,516,298,516,178,237,270,302,266,484,458,464,213,531,531,249,517,272,525,0,298,424,391,288,531,297,250,321,535,243,385,502,499,75,347,535,181,507,177,535,409,293,460,91,295,510,517,13,517,499,535,348,410,535,369,217,535,535,290,287,518,181,517,535,326,516,400,535,200,535,517,338,202,256,527,287,408,275,348,178,186,296,205,333,332,370,510,535,299,516,535,311,350,360,517,325,535,315,288,339,245,535,334,412,151,517,280,282,296,205,433,422,501,250,361,259,483,444,531,517,385,414,433,510,394,430,365,340,329,472,307,348,531,358,499,430,327,535,344,469,400,436,370,450,457,317,373,323,436,535,306,418,405,339,316,375,465,306,364,333,317,324,340,460,517,492,531,311,428,344,378,330,372,504,391,447,499,359,
RegressionTest0::test021 ,360,360,360,320,346,352,339,341,344,330,101,330,192,187,317,132,309,297,275,276,163,344,344,248,330,193,337,298,0,241,207,183,344,102,292,199,348,169,226,315,313,251,204,348,286,321,363,348,228,32,274,236,99,323,331,286,330,313,348,197,218,348,198,162,348,348,169,154,332,286,330,348,234,329,207,348,177,348,330,385,177,255,340,214,220,321,190,331,193,81,273,173,172,193,323,348,295,329,348,198,356,214,330,168,348,189,319,175,161,348,387,247,283,330,131,172,327,391,249,243,314,200,176,232,296,263,344,330,203,228,253,323,207,248,365,248,316,290,266,362,344,195,314,248,233,348,333,286,220,255,415,274,279,282,388,229,256,348,263,237,224,326,243,402,288,272,195,237,231,220,224,282,330,308,344,289,247,223,212,256,208,319,232,268,314,208,
RegressionTest0::test022 ,155,155,155,129,141,146,138,140,139,127,213,128,276,301,455,236,433,91,79,85,225,139,139,362,123,271,134,424,241,0,44,330,139,247,434,171,143,200,61,109,105,374,106,143,421,117,505,143,121,255,80,336,218,117,128,412,123,105,143,215,58,143,174,232,143,143,321,306,133,421,123,143,269,127,79,143,255,143,123,540,256,351,134,336,30,459,154,442,269,256,402,130,165,110,117,143,435,123,143,281,446,171,123,210,143,246,461,173,192,143,528,51,401,123,298,320,475,520,21,86,105,275,121,352,87,90,139,123,160,132,112,117,132,102,448,287,396,97,318,437,139,190,109,99,248,143,409,95,133,93,496,87,85,334,479,274,94,143,302,110,124,400,287,483,81,330,184,261,295,283,228,83,123,101,139,358,92,209,137,309,164,112,169,86,109,207,
RegressionTest0::test023 ,198,198,198,166,184,189,180,182,182,167,178,168,243,264,422,203,396,130,110,124,196,182,182,329,166,243,175,391,207,44,0,298,182,217,401,174,186,175,87,149,148,341,96,186,389,157,471,186,125,222,122,306,183,160,169,381,166,148,186,193,83,186,162,203,186,186,289,275,175,389,166,186,248,167,75,186,226,186,166,506,227,323,177,303,39,424,146,408,236,225,368,100,145,103,160,186,401,166,186,259,416,147,166,185,186,225,428,152,167,186,494,92,369,166,268,287,442,486,63,109,147,244,113,313,127,111,182,166,156,131,128,160,138,118,423,266,370,136,299,406,182,160,150,113,237,186,390,126,114,111,463,112,116,319,455,253,110,186,291,115,118,373,272,457,122,310,173,244,268,258,222,117,166,144,182,332,99,202,120,289,162,155,166,103,150,194,
RegressionTest0::test024 ,452,452,452,413,439,444,431,435,435,424,192,425,226,181,263,190,260,387,368,369,223,435,435,208,422,240,430,288,183,330,298,0,435,179,295,279,440,242,319,406,405,254,297,440,278,413,322,440,325,194,365,247,189,416,425,280,422,405,440,278,316,440,289,236,440,440,166,149,425,278,422,440,235,424,305,440,233,440,422,317,238,264,432,186,311,256,241,317,228,192,280,264,253,275,416,440,258,421,440,234,331,277,422,238,440,250,282,261,241,440,311,341,277,422,216,126,292,363,340,324,406,248,275,202,387,359,435,422,310,326,321,416,317,350,343,283,325,373,290,365,435,284,398,350,284,440,346,367,322,352,401,367,372,299,377,272,353,440,297,339,326,330,285,388,379,292,296,280,264,266,287,375,422,399,435,285,345,294,304,276,298,411,318,359,398,288,
RegressionTest0::test025 ,17,17,19,41,27,20,26,27,0,16,323,16,379,438,560,338,570,60,105,89,328,0,0,469,19,372,8,531,344,139,182,435,0,355,539,269,5,303,149,36,38,481,198,5,527,27,611,5,195,358,92,442,329,26,15,519,19,38,5,301,159,5,257,335,5,5,425,411,17,527,19,5,368,16,178,5,359,5,19,647,361,454,8,439,162,564,257,548,372,360,507,229,265,220,26,5,541,20,5,382,545,258,19,315,5,343,567,277,296,5,632,128,506,19,402,429,580,626,124,147,40,380,224,490,67,126,0,19,228,181,156,26,196,150,544,377,491,86,409,524,0,268,45,149,323,5,498,95,196,140,591,111,102,426,574,357,140,5,395,162,187,494,380,579,88,422,262,339,385,373,305,95,19,46,0,448,151,281,216,397,242,34,229,126,45,271,
RegressionTest0::test026 ,371,371,371,331,356,362,349,352,355,343,110,343,201,183,308,171,303,304,285,289,172,355,355,247,340,196,350,297,102,247,217,179,355,0,297,215,359,180,242,324,323,252,219,359,285,332,361,359,240,114,286,237,107,333,343,285,340,323,359,207,238,359,212,173,359,359,162,146,345,285,340,359,230,342,228,359,181,359,340,380,182,254,351,220,232,320,211,329,201,139,270,184,185,200,333,359,302,340,359,211,347,217,340,181,359,187,285,180,166,359,381,260,281,340,164,169,327,392,254,240,323,192,191,226,302,280,355,340,221,244,267,333,216,259,355,252,312,301,259,360,355,199,323,269,240,359,332,299,242,272,407,285,291,283,385,224,272,359,264,247,244,314,239,398,297,268,205,235,237,229,221,293,340,318,355,287,258,227,228,250,218,329,252,275,323,212,
RegressionTest0::test027 ,555,555,555,515,540,547,533,535,539,527,308,527,262,248,300,310,270,494,470,457,288,539,539,298,525,299,533,250,292,434,401,295,539,297,0,358,543,318,425,511,507,248,396,543,152,517,249,543,414,285,454,221,304,518,528,252,525,507,543,359,417,543,381,294,543,543,289,286,528,152,525,543,336,526,408,543,279,543,525,333,279,280,535,296,414,291,369,239,263,289,263,368,332,345,518,543,298,524,543,326,333,373,525,309,543,334,271,353,319,543,340,441,208,525,280,288,263,287,444,436,510,291,371,258,491,447,539,525,387,416,446,518,406,434,346,339,311,483,337,331,539,373,507,435,320,543,324,480,405,438,374,460,468,305,358,319,438,543,310,422,408,338,308,362,476,301,366,337,306,313,352,470,525,503,539,312,441,358,381,343,379,514,414,458,507,373,
RegressionTest0::test028 ,285,285,285,249,273,278,263,267,269,258,184,259,200,259,369,197,378,225,202,207,168,269,269,302,256,187,264,321,199,171,174,279,269,215,358,0,273,152,155,242,238,270,164,273,332,247,408,273,176,217,204,241,188,249,260,309,256,238,273,188,155,273,156,166,273,273,254,249,258,332,256,273,236,258,165,273,192,273,256,467,189,265,266,276,169,368,141,359,206,212,316,148,145,176,249,273,362,255,273,198,396,168,256,134,273,203,390,144,134,273,457,172,308,256,248,273,392,428,177,162,242,223,167,296,222,193,269,256,170,176,184,249,159,185,393,260,337,210,263,372,269,185,239,183,220,273,348,215,172,187,438,201,208,288,412,237,187,273,256,184,171,347,253,426,216,281,174,221,248,237,209,211,256,233,269,303,182,200,174,268,173,245,167,194,239,198,
RegressionTest0::test029 ,12,12,14,43,26,18,27,28,5,20,327,20,383,442,565,342,574,62,109,93,332,5,5,473,20,376,12,535,348,143,186,440,5,359,543,273,0,307,153,40,40,485,202,0,531,31,615,0,198,362,96,446,333,28,19,523,20,40,0,304,163,0,260,339,0,0,430,415,21,531,20,0,372,20,182,0,363,0,20,651,365,458,9,443,166,569,261,552,376,364,511,233,269,224,28,0,545,21,0,386,548,263,20,319,0,347,571,281,300,0,636,132,510,20,406,433,584,630,128,152,42,384,228,494,71,130,5,20,232,186,161,28,200,154,548,381,495,91,413,528,5,272,47,153,327,0,502,99,200,144,595,115,106,430,578,361,144,0,399,166,191,498,384,583,92,426,266,343,389,377,309,99,20,48,5,452,155,285,220,401,246,36,234,130,47,275,
RegressionTest0::test030 ,319,319,319,281,305,311,299,302,303,291,128,291,91,219,342,159,356,259,225,237,38,303,303,261,289,175,297,243,169,200,175,242,303,180,318,152,307,0,158,276,272,193,119,307,235,282,323,307,196,176,235,154,132,283,290,231,289,272,307,188,197,307,179,54,307,307,243,227,293,235,289,307,204,290,181,307,78,307,289,442,80,226,299,212,187,344,159,251,83,180,288,110,164,168,283,307,315,288,307,225,358,186,289,149,307,199,346,134,35,307,407,186,208,289,189,239,375,330,211,211,275,153,174,283,259,219,303,289,186,188,213,283,182,209,361,246,313,244,249,361,303,180,273,211,222,307,333,240,184,216,423,225,232,269,390,218,216,307,262,200,188,343,238,414,239,276,168,206,227,215,199,233,289,266,303,290,196,203,180,254,170,277,191,216,273,179,
RegressionTest0::test031 ,165,165,165,137,153,157,147,149,149,135,209,135,232,322,447,227,455,107,83,94,183,149,149,355,135,247,142,385,226,61,87,319,149,242,425,155,153,158,0,122,118,334,52,153,381,128,464,153,115,245,91,297,215,129,136,373,135,118,153,213,69,153,171,189,153,153,313,297,143,381,135,153,263,134,89,153,214,153,135,532,215,314,146,325,61,448,161,402,227,242,394,82,164,107,129,153,426,135,153,278,443,168,135,206,153,246,452,170,150,153,521,35,361,135,284,313,467,479,69,88,122,235,112,376,106,89,149,135,155,122,114,129,141,100,446,288,390,108,315,429,149,182,120,97,241,153,402,95,123,94,490,93,92,335,473,265,94,153,306,111,118,395,289,478,88,325,174,251,288,276,223,87,135,115,149,351,97,214,139,308,158,125,165,94,120,201,
RegressionTest0::test032 ,52,52,54,42,41,43,44,42,36,24,289,24,350,403,531,312,535,30,75,61,301,36,36,438,20,344,32,502,315,109,149,406,36,324,511,242,40,276,122,0,19,452,171,40,499,14,581,40,168,329,67,414,295,18,25,490,20,19,40,276,134,40,232,306,40,40,395,381,38,499,20,40,342,23,153,40,331,40,20,615,332,424,32,410,129,535,229,519,345,331,478,198,234,189,18,40,511,21,40,354,514,233,20,284,40,316,538,242,267,40,604,105,477,20,373,398,552,596,93,120,8,350,197,456,35,103,36,20,201,156,133,18,171,128,515,346,461,71,382,494,36,239,24,121,298,40,468,73,167,116,560,93,84,399,545,330,116,40,365,137,160,463,349,548,72,394,235,311,357,345,280,79,20,22,36,420,117,253,188,373,217,21,206,99,24,247,
RegressionTest0::test033 ,52,52,54,40,40,43,40,39,38,27,289,27,347,404,528,306,536,27,77,63,297,38,38,436,20,341,33,499,313,105,148,405,38,323,507,238,40,272,118,19,0,449,167,40,495,17,579,40,162,327,66,410,295,12,27,487,20,0,40,269,129,40,226,303,40,40,393,380,35,495,20,40,336,27,147,40,327,40,20,613,329,420,32,408,128,533,227,514,340,328,475,197,234,184,12,40,509,21,40,351,509,226,20,282,40,312,534,243,265,40,597,98,473,20,369,397,548,592,90,114,20,347,193,456,41,103,38,20,201,155,133,12,172,128,510,344,458,70,378,490,38,234,11,126,297,40,469,69,165,117,559,95,86,396,541,328,117,40,363,134,157,462,347,547,73,389,230,312,351,340,280,80,20,11,38,415,121,255,184,367,214,17,206,103,11,246,
RegressionTest0::test034 ,497,497,497,457,482,489,475,478,481,465,249,465,126,203,241,272,267,434,407,413,172,481,481,209,467,228,474,75,251,374,341,254,481,252,248,270,485,193,334,452,449,0,297,485,166,456,218,485,359,261,410,58,245,460,466,63,467,449,485,311,362,485,323,164,485,485,255,251,467,166,467,485,295,465,351,485,151,485,467,359,151,232,477,261,356,248,299,168,142,256,157,282,281,322,460,485,301,466,485,265,349,310,467,276,485,290,279,291,193,485,344,362,149,467,252,254,294,235,384,374,451,200,313,234,430,393,481,467,332,364,381,460,342,381,365,308,311,422,281,346,481,307,448,380,278,485,324,418,349,384,386,399,406,302,358,290,385,485,279,369,352,324,279,377,415,281,315,286,280,277,295,410,467,442,481,290,377,295,333,290,325,454,341,395,448,321,
RegressionTest0::test035 ,214,214,214,184,201,206,196,198,198,183,186,184,196,298,420,204,428,155,121,142,147,198,198,328,184,219,191,347,204,106,96,297,198,219,396,164,202,119,52,171,167,297,0,202,343,177,428,202,127,222,140,259,191,178,185,335,184,167,202,202,103,202,165,152,202,202,290,275,191,343,184,202,248,184,89,202,177,202,184,509,178,281,195,293,91,422,160,362,191,223,367,56,147,113,178,202,389,184,202,266,416,163,184,180,202,233,426,168,112,202,489,82,319,184,261,291,443,439,116,131,170,205,116,351,153,115,198,184,154,122,132,178,146,111,416,266,361,144,288,407,198,170,167,116,230,202,377,135,118,118,473,116,123,307,444,246,118,202,291,122,122,378,270,461,136,303,155,229,263,251,207,131,184,163,198,329,88,203,139,282,149,173,164,117,167,188,
RegressionTest0::test036 ,12,12,14,43,26,18,27,28,5,20,327,20,383,442,565,342,574,62,109,93,332,5,5,473,20,376,12,535,348,143,186,440,5,359,543,273,0,307,153,40,40,485,202,0,531,31,615,0,198,362,96,446,333,28,19,523,20,40,0,304,163,0,260,339,0,0,430,415,21,531,20,0,372,20,182,0,363,0,20,651,365,458,9,443,166,569,261,552,376,364,511,233,269,224,28,0,545,21,0,386,548,263,20,319,0,347,571,281,300,0,636,132,510,20,406,433,584,630,128,152,42,384,228,494,71,130,5,20,232,186,161,28,200,154,548,381,495,91,413,528,5,272,47,153,327,0,502,99,200,144,595,115,106,430,578,361,144,0,399,166,191,498,384,583,92,426,266,343,389,377,309,99,20,48,5,452,155,285,220,401,246,36,234,130,47,275,
RegressionTest0::test037 ,543,543,543,503,529,535,522,525,527,512,294,512,178,214,301,311,254,482,455,460,205,527,527,262,513,281,521,181,286,421,389,278,527,285,152,332,531,235,381,499,495,166,343,531,0,504,173,531,406,296,457,140,291,506,513,176,513,495,531,346,412,531,363,212,531,531,274,269,514,1,513,531,314,512,402,531,197,531,513,328,197,230,523,280,403,295,353,167,181,272,256,330,337,365,506,531,257,512,531,317,338,359,513,306,531,317,272,337,233,531,346,408,119,513,278,276,292,204,431,422,498,241,361,257,479,440,527,513,380,411,431,506,385,429,361,328,313,470,306,335,527,356,495,427,317,531,334,466,397,431,366,445,453,293,367,303,431,531,318,417,400,328,305,353,461,307,358,316,300,308,333,455,513,488,527,313,423,336,374,327,370,500,388,443,495,353,
RegressionTest0::test038 ,43,43,45,35,33,34,37,35,27,22,297,22,355,412,536,316,545,39,82,68,307,27,27,446,11,348,22,507,321,117,157,413,27,332,517,247,31,282,128,14,17,456,177,31,504,0,586,31,172,335,74,419,303,8,22,495,11,17,31,279,139,31,235,311,31,31,401,387,29,504,11,31,346,22,158,31,336,31,11,623,337,430,22,417,137,541,234,524,350,338,483,205,242,196,8,31,517,11,31,359,521,235,11,291,31,321,543,252,273,31,609,109,483,11,380,405,558,601,102,126,19,357,204,466,42,107,27,11,204,162,137,8,177,133,520,353,466,71,388,499,27,243,23,129,302,31,473,75,173,119,567,97,88,404,550,335,120,31,370,142,163,469,355,555,76,398,240,316,361,349,285,83,11,24,27,425,126,261,193,377,222,12,210,106,23,251,
RegressionTest0::test039 ,627,627,627,586,612,619,605,608,611,596,375,595,237,270,297,375,247,564,537,542,291,611,611,309,597,344,604,177,363,505,471,322,611,361,249,408,615,323,464,581,579,218,428,615,173,586,0,615,489,367,540,223,372,589,596,188,597,579,615,426,492,615,445,295,615,615,329,332,597,173,597,615,373,595,482,615,281,615,597,322,279,280,607,337,485,301,426,197,264,343,316,413,415,448,589,615,312,596,615,385,367,437,597,385,615,383,307,417,323,615,326,493,185,597,334,315,315,180,514,505,581,323,443,296,562,523,611,597,458,492,513,589,471,511,370,398,362,552,368,370,611,433,578,508,399,615,368,547,479,515,380,529,536,365,381,373,515,615,378,499,481,352,375,376,545,371,438,391,373,382,408,539,597,572,611,365,506,419,457,395,451,584,473,525,578,439,
RegressionTest0::test040 ,12,12,14,43,26,18,27,28,5,20,327,20,383,442,565,342,574,62,109,93,332,5,5,473,20,376,12,535,348,143,186,440,5,359,543,273,0,307,153,40,40,485,202,0,531,31,615,0,198,362,96,446,333,28,19,523,20,40,0,304,163,0,260,339,0,0,430,415,21,531,20,0,372,20,182,0,363,0,20,651,365,458,9,443,166,569,261,552,376,364,511,233,269,224,28,0,545,21,0,386,548,263,20,319,0,347,571,281,300,0,636,132,510,20,406,433,584,630,128,152,42,384,228,494,71,130,5,20,232,186,161,28,200,154,548,381,495,91,413,528,5,272,47,153,327,0,502,99,200,144,595,115,106,430,578,361,144,0,399,166,191,498,384,583,92,426,266,343,389,377,309,99,20,48,5,452,155,285,220,401,246,36,234,130,47,275,
