: , RegressionTest0::test001 , RegressionTest0::test002 , RegressionTest0::test003 , RegressionTest0::test004 , RegressionTest0::test005 , RegressionTest0::test006 , RegressionTest0::test007 , RegressionTest0::test008 , RegressionTest0::test009 , RegressionTest0::test010 , RegressionTest0::test011 , RegressionTest0::test012 , RegressionTest0::test013 , RegressionTest0::test014 , RegressionTest0::test015 , RegressionTest0::test016 , RegressionTest0::test017 , RegressionTest0::test018 , RegressionTest0::test019 , RegressionTest0::test020 , RegressionTest0::test021 , RegressionTest0::test022 , RegressionTest0::test023 , RegressionTest0::test024 , RegressionTest0::test025 , RegressionTest0::test026 , RegressionTest0::test027 , RegressionTest0::test028 , RegressionTest0::test029 , RegressionTest0::test030 , RegressionTest0::test031 , RegressionTest0::test032 , RegressionTest0::test033 , RegressionTest0::test034 , RegressionTest0::test035 , RegressionTest0::test036 , RegressionTest0::test037 , RegressionTest0::test038 , RegressionTest0::test039 , RegressionTest0::test040 , RegressionTest0::test041 , RegressionTest0::test042 , RegressionTest0::test043 , RegressionTest0::test044 , RegressionTest0::test045 , RegressionTest0::test046 , RegressionTest0::test047 , RegressionTest0::test048 , RegressionTest0::test049 , RegressionTest0::test050 , RegressionTest0::test051 , RegressionTest0::test052 , RegressionTest0::test053 , RegressionTest0::test054 , RegressionTest0::test055 , RegressionTest0::test056 , RegressionTest0::test057 , RegressionTest0::test058 , RegressionTest0::test059 , RegressionTest0::test060 , RegressionTest0::test061 , RegressionTest0::test062 , RegressionTest0::test063 , RegressionTest0::test064 , RegressionTest0::test065 , RegressionTest0::test066 , RegressionTest0::test067 , RegressionTest0::test068 , RegressionTest0::test069 , RegressionTest0::test070 , RegressionTest0::test071 , RegressionTest0::test072 , RegressionTest0::test073 , RegressionTest0::test074 , RegressionTest0::test075 , RegressionTest0::test076 , RegressionTest0::test077 , RegressionTest0::test078 , RegressionTest0::test079 , RegressionTest0::test080 , RegressionTest0::test081 , RegressionTest0::test082 , RegressionTest0::test083 , RegressionTest0::test084 , RegressionTest0::test085 , RegressionTest0::test086 , RegressionTest0::test087 , RegressionTest0::test088 , RegressionTest0::test089 , RegressionTest0::test090 , RegressionTest0::test091 , RegressionTest0::test092 , RegressionTest0::test093 , RegressionTest0::test094 , RegressionTest0::test095 , RegressionTest0::test096 , RegressionTest0::test097 , RegressionTest0::test098 , RegressionTest0::test099 , RegressionTest0::test100 , RegressionTest0::test101 , RegressionTest0::test102 , RegressionTest0::test103 , RegressionTest0::test104 , RegressionTest0::test105 , RegressionTest0::test106 , RegressionTest0::test107 , RegressionTest0::test108 , RegressionTest0::test109 , RegressionTest0::test110 , RegressionTest0::test111 , RegressionTest0::test112 , RegressionTest0::test113 , RegressionTest0::test114 , RegressionTest0::test115 , RegressionTest0::test116 , RegressionTest0::test117 , RegressionTest0::test118 , RegressionTest0::test119 , RegressionTest0::test120 , RegressionTest0::test121 , RegressionTest0::test122 , RegressionTest0::test123 , RegressionTest0::test124 , RegressionTest0::test125 , RegressionTest0::test126 , RegressionTest0::test127 , RegressionTest0::test128 , RegressionTest0::test129 , RegressionTest0::test130 , RegressionTest0::test131 , RegressionTest0::test132 , RegressionTest0::test133 , RegressionTest0::test134 , RegressionTest0::test135 , RegressionTest0::test136 , RegressionTest0::test137 , RegressionTest0::test138 , RegressionTest0::test139 , RegressionTest0::test140 , RegressionTest0::test141 , RegressionTest0::test142 , RegressionTest0::test143 , RegressionTest0::test144 , RegressionTest0::test145 , RegressionTest0::test146 , RegressionTest0::test147 , RegressionTest0::test148 , RegressionTest0::test149 , RegressionTest0::test150 , RegressionTest0::test151 , RegressionTest0::test152 , RegressionTest0::test153 , RegressionTest0::test154 , RegressionTest0::test155 , RegressionTest0::test156 , RegressionTest0::test157 , RegressionTest0::test158 , RegressionTest0::test159 , RegressionTest0::test160 , RegressionTest0::test161 , RegressionTest0::test162 , RegressionTest0::test163 , RegressionTest0::test164 , RegressionTest0::test165 , RegressionTest0::test166 , RegressionTest0::test167 , RegressionTest0::test168 , RegressionTest0::test169 , RegressionTest0::test170 , RegressionTest0::test171 , RegressionTest0::test172 , RegressionTest0::test173 , RegressionTest0::test174 , RegressionTest0::test175 , RegressionTest0::test176 , RegressionTest0::test177 , RegressionTest0::test178 , DocumentType_ESTest::test0 , DocumentType_ESTest::test1 , DocumentType_ESTest::test2 , DocumentType_ESTest::test3 , DocumentTypeTest::constructorValidationThrowsExceptionOnBlankName , DocumentTypeTest::constructorValidationThrowsExceptionOnNulls , DocumentTypeTest::constructorValidationOkWithBlankPublicAndSystemIds , DocumentTypeTest::outerHtmlGeneration , 
RegressionTest0::test001 , 0 , 181 , 5141 , 183 , 5880 , 6928 , 8788 , 5250 , 8921 , 783 , 1554 , 1261 , 5069 , 8 , 9 , 7544 , 239 , 5756 , 111 , 8114 , 5472 , 2012 , 2832 , 7011 , 9 , 5514 , 8505 , 4006 , 190 , 4633 , 2288 , 496 , 515 , 7398 , 3061 , 187 , 8267 , 390 , 9803 , 191 , 2948 , 5695 , 1208 , 6808 , 5248 , 311 , 177 , 7884 , 237 , 513 , 191 , 4625 , 2309 , 189 , 3901 , 5182 , 212 , 211 , 6611 , 6433 , 222 , 8271 , 256 , 205 , 6020 , 202 , 2683 , 214 , 5429 , 207 , 260 , 10669 , 5549 , 7156 , 161 , 6937 , 2568 , 8907 , 4030 , 8687 , 5700 , 5719 , 7838 , 3599 , 4103 , 3319 , 332 , 209 , 8562 , 276 , 209 , 5991 , 8818 , 3944 , 257 , 4975 , 208 , 5443 , 8983 , 4124 , 4560 , 213 , 9944 , 1795 , 7843 , 256 , 6366 , 6941 , 9015 , 10027 , 1826 , 2210 , 480 , 5850 , 3419 , 7666 , 969 , 1824 , 43 , 266 , 3258 , 2725 , 2270 , 337 , 2730 , 2092 , 8169 , 5690 , 7356 , 1247 , 6305 , 7825 , 41 , 4124 , 667 , 2119 , 4499 , 210 , 7264 , 1480 , 2933 , 2041 , 8778 , 1526 , 1404 , 6381 , 8406 , 5189 , 2027 , 213 , 5802 , 2327 , 2725 , 7333 , 5462 , 8526 , 1122 , 6169 , 3788 , 4932 , 5880 , 5641 , 4242 , 1220 , 267 , 649 , 47 , 6787 , 2249 , 3822 , 3250 , 6053 , 3440 , 424 , 3258 , 1855 , 667 , 3877 , 345 , 356 , 292 , 335 , 395 , 413 , 395 , 555 , 
RegressionTest0::test002 , 181 , 0 , 4994 , 4 , 5731 , 6781 , 8644 , 5122 , 8774 , 663 , 1409 , 1118 , 4926 , 184 , 184 , 7399 , 220 , 5607 , 148 , 7971 , 5328 , 1892 , 2701 , 6869 , 184 , 5375 , 8366 , 3861 , 327 , 4488 , 2141 , 356 , 422 , 7246 , 2911 , 327 , 8123 , 311 , 9655 , 329 , 2825 , 5553 , 1101 , 6665 , 5120 , 241 , 36 , 7742 , 222 , 417 , 332 , 4504 , 2187 , 329 , 3785 , 5042 , 352 , 352 , 6470 , 6288 , 223 , 8138 , 245 , 345 , 5891 , 46 , 2558 , 354 , 5298 , 344 , 246 , 10539 , 5428 , 7025 , 276 , 6796 , 2428 , 8765 , 3891 , 8562 , 5571 , 5594 , 7693 , 3483 , 3964 , 3198 , 272 , 349 , 8420 , 250 , 346 , 5849 , 8686 , 3830 , 248 , 4837 , 345 , 5297 , 8846 , 3997 , 4433 , 351 , 9803 , 1680 , 7709 , 245 , 6237 , 6802 , 8880 , 9885 , 1711 , 2073 , 379 , 5723 , 3295 , 7536 , 830 , 1691 , 204 , 259 , 3118 , 2592 , 2136 , 274 , 2593 , 1981 , 8032 , 5571 , 7225 , 1160 , 6159 , 7702 , 204 , 4011 , 573 , 1986 , 4372 , 352 , 7114 , 1370 , 2793 , 1922 , 8645 , 1391 , 1276 , 6257 , 8270 , 5059 , 1890 , 353 , 5658 , 2207 , 2610 , 7188 , 5333 , 8393 , 1015 , 6036 , 3662 , 4787 , 5756 , 5517 , 4115 , 1112 , 260 , 559 , 210 , 6659 , 2108 , 3698 , 3131 , 5926 , 3320 , 355 , 3113 , 1742 , 580 , 3753 , 436 , 469 , 366 , 386 , 536 , 551 , 536 , 507 , 
RegressionTest0::test003 , 5141 , 4994 , 0 , 4993 , 1959 , 2485 , 4397 , 1612 , 4433 , 4456 , 3786 , 4027 , 1683 , 5140 , 5140 , 3409 , 5006 , 2291 , 5076 , 3909 , 866 , 3350 , 2673 , 2550 , 5139 , 1150 , 4161 , 2218 , 5295 , 1789 , 3132 , 4694 , 4726 , 3193 , 2555 , 5297 , 3990 , 4788 , 5392 , 5296 , 2858 , 1198 , 4093 , 2898 , 406 , 4926 , 5001 , 3635 , 5005 , 4717 , 5295 , 2225 , 3175 , 5295 , 2439 , 1509 , 5299 , 5300 , 2246 , 2067 , 4991 , 3991 , 5012 , 5299 , 2647 , 5003 , 2970 , 5300 , 1714 , 5299 , 5012 , 6100 , 1785 , 3344 , 5200 , 2718 , 2895 , 4491 , 2162 , 4538 , 1972 , 1686 , 3536 , 2128 , 1983 , 2368 , 4940 , 5299 , 4291 , 4997 , 5301 , 2219 , 4852 , 2390 , 5018 , 1620 , 5297 , 2037 , 4656 , 2001 , 1607 , 5300 , 5531 , 3593 , 3740 , 5013 , 2097 , 2472 , 4749 , 5748 , 3506 , 3329 , 4789 , 2125 , 2398 , 3119 , 4309 , 3636 , 5149 , 5019 , 2720 , 3079 , 3387 , 4945 , 3004 , 3501 , 4315 , 2412 , 3584 , 4147 , 2782 , 4112 , 5151 , 2218 , 4631 , 3424 , 2365 , 5300 , 3548 , 3927 , 2852 , 3503 , 4924 , 3877 , 3961 , 2971 , 4520 , 2154 , 3470 , 5301 , 2454 , 3326 , 3001 , 3585 , 2226 , 4674 , 4229 , 2785 , 2418 , 2188 , 2475 , 2381 , 2362 , 4144 , 5020 , 4635 , 5149 , 3230 , 3292 , 2567 , 2691 , 2812 , 2565 , 4858 , 2893 , 3628 , 4638 , 2460 , 5281 , 5404 , 5177 , 5231 , 5507 , 5518 , 5507 , 4794 , 
RegressionTest0::test004 , 183 , 4 , 4993 , 0 , 5730 , 6780 , 8643 , 5123 , 8774 , 663 , 1410 , 1119 , 4926 , 185 , 186 , 7400 , 219 , 5607 , 151 , 7972 , 5329 , 1893 , 2703 , 6869 , 184 , 5375 , 8367 , 3863 , 328 , 4489 , 2142 , 358 , 423 , 7247 , 2912 , 327 , 8124 , 313 , 9656 , 328 , 2826 , 5554 , 1103 , 6666 , 5119 , 239 , 36 , 7742 , 220 , 415 , 332 , 4503 , 2188 , 330 , 3784 , 5041 , 353 , 353 , 6468 , 6287 , 222 , 8137 , 244 , 345 , 5890 , 48 , 2559 , 354 , 5299 , 344 , 245 , 10538 , 5427 , 7024 , 275 , 6796 , 2429 , 8765 , 3891 , 8561 , 5570 , 5592 , 7692 , 3485 , 3962 , 3200 , 272 , 349 , 8420 , 249 , 345 , 5849 , 8686 , 3829 , 247 , 4837 , 346 , 5297 , 8845 , 3996 , 4433 , 350 , 9802 , 1680 , 7708 , 244 , 6237 , 6801 , 8880 , 9884 , 1711 , 2074 , 379 , 5724 , 3294 , 7533 , 831 , 1691 , 205 , 259 , 3119 , 2591 , 2136 , 273 , 2595 , 1981 , 8032 , 5571 , 7225 , 1161 , 6159 , 7702 , 204 , 4009 , 571 , 1984 , 4369 , 351 , 7115 , 1369 , 2793 , 1921 , 8645 , 1392 , 1276 , 6256 , 8270 , 5059 , 1890 , 352 , 5658 , 2207 , 2610 , 7188 , 5333 , 8392 , 1013 , 6035 , 3661 , 4786 , 5757 , 5518 , 4114 , 1111 , 257 , 560 , 209 , 6657 , 2107 , 3697 , 3131 , 5926 , 3322 , 356 , 3111 , 1744 , 582 , 3754 , 437 , 470 , 365 , 387 , 536 , 551 , 536 , 508 , 
RegressionTest0::test005 , 5880 , 5731 , 1959 , 5730 , 0 , 2271 , 3805 , 2367 , 3999 , 5196 , 4532 , 4729 , 1346 , 5877 , 5877 , 2996 , 5740 , 1732 , 5813 , 2803 , 2082 , 4105 , 3350 , 2880 , 5877 , 2204 , 3412 , 2674 , 6033 , 1649 , 3765 , 5437 , 5464 , 1998 , 3108 , 6035 , 2977 , 5527 , 4308 , 6034 , 3524 , 2022 , 4800 , 1384 , 1989 , 5667 , 5741 , 2584 , 5742 , 5460 , 6033 , 2755 , 3874 , 6033 , 2972 , 1291 , 6036 , 6036 , 2350 , 2503 , 5720 , 3093 , 5745 , 6037 , 2580 , 5739 , 3617 , 6038 , 1141 , 6037 , 5744 , 5862 , 962 , 2404 , 5937 , 2625 , 3655 , 3847 , 2587 , 3510 , 1186 , 2128 , 2825 , 2896 , 2751 , 3203 , 5675 , 6035 , 3858 , 5731 , 6039 , 2237 , 4485 , 2943 , 5753 , 2262 , 6035 , 2341 , 4095 , 2628 , 1698 , 6036 , 4886 , 4288 , 2709 , 5745 , 2222 , 2854 , 4217 , 4764 , 4288 , 4044 , 5529 , 1794 , 3107 , 2974 , 5037 , 4348 , 5887 , 5753 , 3322 , 3738 , 4085 , 5683 , 3706 , 4210 , 3995 , 2501 , 3229 , 4855 , 2529 , 3611 , 5887 , 2745 , 5368 , 4113 , 2753 , 6038 , 3098 , 4652 , 3491 , 4211 , 4499 , 4590 , 4683 , 2689 , 4129 , 2464 , 4191 , 6037 , 2223 , 4018 , 3661 , 3279 , 2406 , 4249 , 4949 , 2606 , 2988 , 2439 , 2409 , 2273 , 2829 , 4863 , 5751 , 5377 , 5884 , 2915 , 4030 , 3111 , 3266 , 2720 , 3221 , 5592 , 3472 , 4373 , 5374 , 3066 , 6018 , 6141 , 5913 , 5968 , 6245 , 6256 , 6245 , 5526 , 
RegressionTest0::test006 , 6928 , 6781 , 2485 , 6780 , 2271 , 0 , 3255 , 2965 , 2698 , 6227 , 5536 , 5773 , 2736 , 6926 , 6926 , 2459 , 6791 , 2451 , 6860 , 2872 , 2325 , 5031 , 4323 , 1892 , 6925 , 2302 , 2991 , 3644 , 7084 , 3061 , 4885 , 6479 , 6506 , 2307 , 4274 , 7086 , 2828 , 6570 , 4082 , 7085 , 4544 , 2547 , 5839 , 2043 , 2512 , 6714 , 6791 , 2811 , 6791 , 6501 , 7084 , 3500 , 4878 , 7084 , 3931 , 2698 , 7087 , 7087 , 1711 , 1800 , 6768 , 2884 , 6792 , 7088 , 2846 , 6788 , 4635 , 7088 , 2723 , 7088 , 6791 , 4882 , 2665 , 2500 , 6988 , 2275 , 4636 , 3485 , 3696 , 3235 , 2532 , 2418 , 2760 , 3834 , 3509 , 4083 , 6720 , 7086 , 2996 , 6776 , 7090 , 2788 , 3936 , 3803 , 6797 , 2972 , 7086 , 3122 , 3685 , 3555 , 3141 , 7087 , 4665 , 5359 , 2599 , 6793 , 2647 , 1833 , 3398 , 4480 , 5290 , 5036 , 6569 , 2656 , 3991 , 1459 , 6075 , 5364 , 6931 , 6798 , 4317 , 4719 , 5080 , 6724 , 4652 , 5230 , 3659 , 3015 , 2992 , 5878 , 2833 , 3325 , 6934 , 3709 , 6408 , 5149 , 3613 , 7089 , 2758 , 5681 , 4503 , 5244 , 3981 , 5622 , 5715 , 2841 , 3776 , 3128 , 5215 , 7088 , 2998 , 5022 , 4684 , 2785 , 3092 , 3827 , 5987 , 2942 , 3950 , 3324 , 2922 , 2990 , 3737 , 5898 , 6799 , 6421 , 6931 , 2939 , 5027 , 3970 , 4270 , 3118 , 4236 , 6632 , 4458 , 5365 , 6404 , 4000 , 7067 , 7191 , 6961 , 7014 , 7296 , 7307 , 7296 , 6563 , 
RegressionTest0::test007 , 8788 , 8644 , 4397 , 8643 , 3805 , 3255 , 0 , 4400 , 2963 , 8097 , 7403 , 7634 , 4575 , 8783 , 8784 , 3230 , 8649 , 4123 , 8719 , 3262 , 4202 , 6988 , 6288 , 3151 , 8784 , 4161 , 3255 , 5390 , 8944 , 4878 , 6707 , 8333 , 8355 , 2956 , 6105 , 8946 , 3443 , 8435 , 3465 , 8945 , 6351 , 4088 , 7703 , 3432 , 4364 , 8575 , 8648 , 3086 , 8649 , 8359 , 8944 , 5199 , 6748 , 8944 , 5649 , 4361 , 8945 , 8946 , 3401 , 3569 , 8628 , 3466 , 8649 , 8947 , 4219 , 8642 , 6456 , 8946 , 4271 , 8947 , 8649 , 4358 , 4179 , 3809 , 8847 , 3225 , 6529 , 1533 , 5395 , 3195 , 4107 , 4074 , 2509 , 5669 , 5286 , 5918 , 8573 , 8945 , 3080 , 8632 , 8949 , 3968 , 3813 , 5471 , 8654 , 4586 , 8945 , 4548 , 2890 , 5288 , 4936 , 8946 , 3128 , 7188 , 3426 , 8650 , 3752 , 3269 , 3245 , 3613 , 7166 , 6828 , 8419 , 4231 , 5817 , 3390 , 7925 , 7201 , 8788 , 8653 , 6141 , 6514 , 6846 , 8576 , 6507 , 7042 , 3811 , 4623 , 3902 , 7709 , 4212 , 3764 , 8787 , 5446 , 8249 , 6972 , 5345 , 8947 , 3993 , 7510 , 6357 , 7048 , 3687 , 7452 , 7551 , 4226 , 3750 , 4869 , 7028 , 8946 , 4491 , 6839 , 6498 , 3847 , 4670 , 3682 , 7828 , 4432 , 5758 , 5040 , 4452 , 4500 , 5525 , 7734 , 8653 , 8261 , 8787 , 4008 , 6864 , 5781 , 6085 , 4462 , 6024 , 8482 , 6153 , 7213 , 8250 , 5703 , 8926 , 9051 , 8817 , 8873 , 9156 , 9167 , 9156 , 8404 , 
RegressionTest0::test008 , 5250 , 5122 , 1612 , 5123 , 2367 , 2965 , 4400 , 0 , 4610 , 4581 , 3991 , 4191 , 2074 , 5248 , 5250 , 3367 , 5109 , 2334 , 5185 , 3705 , 1762 , 3495 , 2812 , 2661 , 5248 , 1782 , 4257 , 2361 , 5393 , 1874 , 3311 , 4841 , 4833 , 3278 , 2808 , 5395 , 3925 , 4914 , 5413 , 5394 , 3026 , 1894 , 4219 , 2664 , 1645 , 5038 , 5132 , 3559 , 5110 , 4839 , 5393 , 2274 , 3263 , 5393 , 2608 , 1963 , 5398 , 5398 , 2587 , 2368 , 5115 , 3986 , 5115 , 5397 , 2466 , 5129 , 2965 , 5398 , 1970 , 5397 , 5115 , 6242 , 2093 , 3337 , 5301 , 2605 , 3062 , 4486 , 2294 , 4521 , 2389 , 1864 , 3626 , 2389 , 2293 , 2546 , 5041 , 5396 , 4164 , 5099 , 5400 , 2557 , 4632 , 2499 , 5119 , 1900 , 5396 , 2212 , 4581 , 2249 , 1983 , 5398 , 5400 , 3728 , 3721 , 5116 , 2280 , 2705 , 4645 , 5637 , 3696 , 3431 , 4898 , 2492 , 2488 , 3471 , 4456 , 3827 , 5255 , 5121 , 2929 , 3186 , 3514 , 5048 , 3237 , 3626 , 4132 , 2458 , 3716 , 4274 , 2839 , 4131 , 5256 , 2390 , 4718 , 3631 , 2470 , 5398 , 3675 , 4080 , 3032 , 3681 , 4807 , 4053 , 4132 , 2892 , 4523 , 2167 , 3688 , 5400 , 2554 , 3429 , 3196 , 3674 , 2263 , 4593 , 4347 , 2875 , 2625 , 2480 , 2549 , 2371 , 2555 , 4266 , 5119 , 4744 , 5257 , 3156 , 3496 , 2722 , 2830 , 2587 , 2771 , 4958 , 2995 , 3820 , 4738 , 2485 , 5382 , 5503 , 5274 , 5325 , 5606 , 5617 , 5606 , 4900 , 
RegressionTest0::test009 , 8921 , 8774 , 4433 , 8774 , 3999 , 2698 , 2963 , 4610 , 0 , 8215 , 7505 , 7749 , 4622 , 8917 , 8917 , 3229 , 8783 , 4214 , 8852 , 2942 , 4285 , 7002 , 6254 , 3170 , 8916 , 4272 , 3056 , 5509 , 9077 , 4994 , 6839 , 8466 , 8487 , 3161 , 6252 , 9079 , 2998 , 8561 , 2799 , 9079 , 6461 , 4289 , 7813 , 3498 , 4448 , 8707 , 8781 , 2949 , 8784 , 8488 , 9077 , 5283 , 6865 , 9077 , 5766 , 4571 , 9080 , 9080 , 3450 , 3611 , 8758 , 3009 , 8784 , 9081 , 4429 , 8777 , 6578 , 9081 , 4453 , 9081 , 8783 , 3543 , 4368 , 3462 , 8981 , 3781 , 6606 , 3046 , 5542 , 3161 , 4276 , 4177 , 3238 , 5789 , 5401 , 6027 , 8707 , 9079 , 3290 , 8767 , 9083 , 4269 , 3784 , 5627 , 8789 , 4636 , 9080 , 4591 , 3257 , 5359 , 5028 , 9080 , 3554 , 7328 , 3195 , 8784 , 3995 , 3165 , 2821 , 3370 , 7250 , 6978 , 8554 , 4243 , 5978 , 2749 , 8045 , 7320 , 8920 , 8786 , 6222 , 6634 , 6996 , 8711 , 6602 , 7152 , 3791 , 4622 , 3754 , 7847 , 4303 , 3658 , 8922 , 5568 , 8384 , 7101 , 5382 , 9081 , 3863 , 7657 , 6449 , 7177 , 3464 , 7580 , 7680 , 4205 , 3522 , 4865 , 7154 , 9081 , 4495 , 6948 , 6600 , 3679 , 4688 , 3516 , 7955 , 4300 , 5827 , 5059 , 4460 , 4549 , 5561 , 7865 , 8787 , 8396 , 8921 , 4007 , 6984 , 5820 , 6199 , 4499 , 6093 , 8616 , 6322 , 7334 , 8389 , 5861 , 9060 , 9185 , 8953 , 9008 , 9290 , 9301 , 9290 , 8538 , 
RegressionTest0::test010 , 783 , 663 , 4456 , 663 , 5196 , 6227 , 8097 , 4581 , 8215 , 0 , 874 , 729 , 4390 , 785 , 786 , 6864 , 618 , 5077 , 737 , 7412 , 4800 , 1355 , 2177 , 6339 , 786 , 4821 , 7809 , 3358 , 892 , 3964 , 1662 , 411 , 355 , 6702 , 2414 , 892 , 7567 , 490 , 9098 , 894 , 2302 , 5029 , 654 , 6113 , 4573 , 534 , 674 , 7185 , 620 , 349 , 892 , 3966 , 1652 , 894 , 3253 , 4512 , 908 , 908 , 5941 , 5768 , 747 , 7584 , 636 , 901 , 5360 , 685 , 2027 , 906 , 4757 , 902 , 643 , 9971 , 4893 , 6476 , 816 , 6269 , 1938 , 8223 , 3383 , 8012 , 5021 , 5050 , 7160 , 2963 , 3448 , 2669 , 569 , 904 , 7881 , 628 , 905 , 5326 , 8132 , 3331 , 638 , 4315 , 901 , 4783 , 8292 , 3455 , 3905 , 908 , 9239 , 1162 , 7157 , 637 , 5688 , 6266 , 8321 , 9331 , 1182 , 1608 , 422 , 5173 , 2742 , 6978 , 575 , 1271 , 807 , 652 , 2649 , 2109 , 1709 , 567 , 2141 , 1506 , 7488 , 5042 , 6683 , 861 , 5645 , 7164 , 806 , 3492 , 388 , 1555 , 3861 , 906 , 6600 , 910 , 2305 , 1477 , 8097 , 1030 , 923 , 5730 , 7720 , 4530 , 1464 , 908 , 5141 , 1704 , 2117 , 6664 , 4805 , 7841 , 657 , 5495 , 3139 , 4285 , 5211 , 4976 , 3603 , 725 , 651 , 362 , 809 , 6117 , 1653 , 3196 , 2602 , 5391 , 2799 , 512 , 2671 , 1279 , 386 , 3245 , 927 , 1009 , 861 , 889 , 1097 , 1106 , 1097 , 661 , 
RegressionTest0::test011 , 1554 , 1409 , 3786 , 1410 , 4532 , 5536 , 7403 , 3991 , 7505 , 874 , 0 , 758 , 3790 , 1554 , 1555 , 6184 , 1430 , 4401 , 1496 , 6764 , 4136 , 976 , 1588 , 5650 , 1556 , 4197 , 7153 , 2739 , 1696 , 3374 , 1093 , 1125 , 1169 , 6028 , 1766 , 1699 , 6898 , 1218 , 8390 , 1698 , 1752 , 4364 , 830 , 5479 , 3916 , 1342 , 1421 , 6549 , 1431 , 1163 , 1697 , 3368 , 1189 , 1696 , 2669 , 3850 , 1711 , 1712 , 5272 , 5090 , 1448 , 6921 , 1443 , 1708 , 4749 , 1429 , 1524 , 1713 , 4151 , 1708 , 1449 , 9281 , 4246 , 5828 , 1620 , 5585 , 1345 , 7530 , 2748 , 7310 , 4402 , 4431 , 6470 , 2349 , 2802 , 2114 , 1379 , 1710 , 7163 , 1430 , 1711 , 4673 , 7465 , 2723 , 1453 , 3651 , 1706 , 4135 , 7637 , 2863 , 3268 , 1711 , 8566 , 859 , 6505 , 1442 , 5067 , 5590 , 7660 , 8620 , 900 , 1203 , 1229 , 4553 , 2209 , 6324 , 802 , 713 , 1568 , 1457 , 2037 , 1486 , 1256 , 1379 , 1580 , 1021 , 6820 , 4369 , 5995 , 750 , 4950 , 6477 , 1569 , 2835 , 1129 , 970 , 3230 , 1711 , 5907 , 626 , 1661 , 922 , 7441 , 742 , 752 , 5047 , 7056 , 3925 , 882 , 1712 , 4472 , 1217 , 1561 , 5986 , 4162 , 7192 , 910 , 4835 , 2565 , 3603 , 4569 , 4333 , 2996 , 849 , 1456 , 1110 , 1570 , 5471 , 1029 , 2652 , 2052 , 4774 , 2210 , 1311 , 2094 , 708 , 1128 , 2608 , 1713 , 1815 , 1632 , 1674 , 1904 , 1914 , 1904 , 1352 , 
RegressionTest0::test012 , 1261 , 1118 , 4027 , 1119 , 4729 , 5773 , 7634 , 4191 , 7749 , 729 , 758 , 0 , 3959 , 1260 , 1261 , 6401 , 1128 , 4618 , 1207 , 6970 , 4344 , 1085 , 1849 , 5880 , 1263 , 4398 , 7350 , 2924 , 1407 , 3533 , 1324 , 858 , 911 , 6234 , 2046 , 1407 , 7120 , 943 , 8629 , 1407 , 1958 , 4582 , 224 , 5673 , 4126 , 1069 , 1132 , 6746 , 1128 , 907 , 1405 , 3620 , 1359 , 1408 , 2922 , 4042 , 1420 , 1420 , 5471 , 5315 , 1152 , 7132 , 1142 , 1418 , 4944 , 1140 , 1724 , 1420 , 4325 , 1418 , 1148 , 9527 , 4425 , 6053 , 1322 , 5812 , 1575 , 7733 , 2915 , 7541 , 4585 , 4646 , 6706 , 2587 , 2948 , 2266 , 1090 , 1419 , 7434 , 1140 , 1423 , 4853 , 7708 , 2935 , 1151 , 3811 , 1416 , 4349 , 7849 , 3065 , 3445 , 1421 , 8790 , 929 , 6706 , 1142 , 5281 , 5817 , 7874 , 8861 , 921 , 1125 , 961 , 4779 , 2361 , 6548 , 653 , 875 , 1274 , 1154 , 2217 , 1722 , 1374 , 1095 , 1742 , 1193 , 7072 , 4632 , 6258 , 735 , 5214 , 6732 , 1276 , 3105 , 867 , 1142 , 3479 , 1418 , 6142 , 745 , 1906 , 1074 , 7680 , 653 , 563 , 5306 , 7306 , 4142 , 1050 , 1422 , 4712 , 1380 , 1726 , 6224 , 4425 , 7425 , 593 , 5098 , 2779 , 3859 , 4826 , 4594 , 3218 , 563 , 1155 , 861 , 1276 , 5726 , 1295 , 2852 , 2257 , 5024 , 2440 , 1043 , 2290 , 979 , 869 , 2909 , 1421 , 1519 , 1344 , 1382 , 1613 , 1623 , 1613 , 1099 , 
RegressionTest0::test013 , 5069 , 4926 , 1683 , 4926 , 1346 , 2736 , 4575 , 2074 , 4622 , 4390 , 3790 , 3959 , 0 , 5064 , 5065 , 3519 , 4927 , 2071 , 5002 , 3398 , 1983 , 3285 , 2783 , 3140 , 5066 , 2092 , 4098 , 2251 , 5215 , 643 , 3003 , 4651 , 4651 , 2825 , 2310 , 5217 , 3597 , 4722 , 5091 , 5216 , 2784 , 1940 , 4001 , 2114 , 1768 , 4853 , 4942 , 3159 , 4928 , 4644 , 5215 , 2178 , 3106 , 5215 , 2350 , 1108 , 5220 , 5220 , 2983 , 2883 , 4936 , 3688 , 4933 , 5219 , 2557 , 4945 , 2867 , 5220 , 1095 , 5219 , 4931 , 6469 , 1322 , 2888 , 5121 , 3017 , 2951 , 4535 , 1964 , 4161 , 1181 , 2147 , 3590 , 2117 , 2135 , 2494 , 4864 , 5218 , 4438 , 4915 , 5222 , 2578 , 4870 , 2437 , 4939 , 1918 , 5217 , 2219 , 4638 , 2246 , 968 , 5220 , 5542 , 3487 , 3315 , 4935 , 2350 , 3143 , 4755 , 5452 , 3505 , 3286 , 4721 , 2025 , 2336 , 3490 , 4279 , 3593 , 5075 , 4937 , 2695 , 3050 , 3371 , 4867 , 3013 , 3442 , 4301 , 2443 , 3653 , 4090 , 2889 , 4009 , 5076 , 2343 , 4560 , 3410 , 2154 , 5221 , 3578 , 3886 , 2847 , 3467 , 4832 , 3837 , 3938 , 3000 , 4547 , 2145 , 3469 , 5221 , 2471 , 3248 , 2984 , 3615 , 2265 , 4614 , 4155 , 2745 , 2277 , 2155 , 2260 , 2211 , 2254 , 4071 , 4936 , 4567 , 5075 , 3173 , 3322 , 2436 , 2497 , 2796 , 2565 , 4781 , 2827 , 3621 , 4566 , 2341 , 5205 , 5324 , 5098 , 5153 , 5427 , 5438 , 5427 , 4718 , 
RegressionTest0::test014 , 8 , 184 , 5140 , 185 , 5877 , 6926 , 8783 , 5248 , 8917 , 785 , 1554 , 1260 , 5064 , 0 , 6 , 7540 , 238 , 5752 , 110 , 8111 , 5469 , 2014 , 2831 , 7007 , 8 , 5511 , 8502 , 4004 , 189 , 4630 , 2288 , 495 , 515 , 7394 , 3058 , 187 , 8263 , 391 , 9797 , 190 , 2948 , 5692 , 1207 , 6803 , 5246 , 313 , 179 , 7881 , 238 , 514 , 191 , 4622 , 2309 , 190 , 3896 , 5178 , 213 , 212 , 6607 , 6429 , 226 , 8266 , 254 , 209 , 6016 , 204 , 2680 , 214 , 5425 , 207 , 259 , 10664 , 5545 , 7152 , 164 , 6932 , 2564 , 8902 , 4025 , 8682 , 5696 , 5715 , 7833 , 3594 , 4099 , 3319 , 332 , 209 , 8558 , 277 , 211 , 5988 , 8814 , 3940 , 258 , 4970 , 208 , 5438 , 8978 , 4122 , 4556 , 213 , 9940 , 1795 , 7838 , 255 , 6362 , 6936 , 9010 , 10023 , 1825 , 2206 , 479 , 5844 , 3416 , 7661 , 970 , 1822 , 45 , 267 , 3254 , 2721 , 2266 , 339 , 2728 , 2092 , 8164 , 5685 , 7351 , 1244 , 6300 , 7821 , 44 , 4120 , 667 , 2116 , 4495 , 213 , 7260 , 1479 , 2930 , 2038 , 8774 , 1524 , 1402 , 6376 , 8402 , 5186 , 2025 , 216 , 5799 , 2327 , 2724 , 7328 , 5459 , 8522 , 1122 , 6165 , 3785 , 4928 , 5876 , 5637 , 4239 , 1220 , 267 , 651 , 47 , 6783 , 2246 , 3818 , 3248 , 6048 , 3439 , 426 , 3256 , 1853 , 670 , 3876 , 349 , 359 , 296 , 338 , 400 , 418 , 399 , 558 , 
RegressionTest0::test015 , 9 , 184 , 5140 , 186 , 5877 , 6926 , 8784 , 5250 , 8917 , 786 , 1555 , 1261 , 5065 , 6 , 0 , 7539 , 237 , 5751 , 105 , 8110 , 5468 , 2013 , 2829 , 7006 , 7 , 5511 , 8501 , 4002 , 188 , 4629 , 2287 , 492 , 514 , 7393 , 3060 , 187 , 8262 , 391 , 9798 , 188 , 2947 , 5692 , 1207 , 6804 , 5245 , 313 , 179 , 7880 , 237 , 515 , 191 , 4622 , 2308 , 190 , 3899 , 5177 , 211 , 213 , 6607 , 6428 , 225 , 8265 , 256 , 209 , 6014 , 204 , 2681 , 215 , 5424 , 206 , 257 , 10664 , 5544 , 7151 , 165 , 6932 , 2565 , 8903 , 4024 , 8681 , 5695 , 5715 , 7833 , 3594 , 4098 , 3319 , 333 , 208 , 8557 , 277 , 210 , 5986 , 8813 , 3939 , 258 , 4970 , 207 , 5437 , 8977 , 4121 , 4554 , 213 , 9939 , 1795 , 7837 , 252 , 6360 , 6935 , 9009 , 10021 , 1825 , 2207 , 477 , 5845 , 3419 , 7660 , 969 , 1821 , 42 , 267 , 3254 , 2722 , 2266 , 338 , 2728 , 2090 , 8162 , 5684 , 7350 , 1245 , 6300 , 7819 , 45 , 4118 , 668 , 2116 , 4496 , 213 , 7259 , 1478 , 2930 , 2038 , 8773 , 1524 , 1401 , 6375 , 8400 , 5187 , 2025 , 216 , 5798 , 2326 , 2724 , 7328 , 5458 , 8521 , 1122 , 6163 , 3785 , 4928 , 5875 , 5636 , 4240 , 1220 , 267 , 651 , 48 , 6782 , 2246 , 3819 , 3247 , 6048 , 3437 , 426 , 3255 , 1853 , 670 , 3876 , 350 , 361 , 297 , 340 , 401 , 419 , 401 , 558 , 
RegressionTest0::test016 , 7544 , 7399 , 3409 , 7400 , 2996 , 2459 , 3230 , 3367 , 3229 , 6864 , 6184 , 6401 , 3519 , 7540 , 7539 , 0 , 7405 , 3106 , 7472 , 2953 , 3198 , 5728 , 5062 , 2523 , 7539 , 3206 , 3492 , 4312 , 7700 , 3689 , 5509 , 7093 , 7116 , 2560 , 4925 , 7702 , 3219 , 7190 , 3990 , 7701 , 5129 , 3113 , 6468 , 2868 , 3387 , 7331 , 7401 , 2860 , 7405 , 7121 , 7700 , 3985 , 5535 , 7700 , 4450 , 3505 , 7701 , 7702 , 2678 , 2738 , 7382 , 3233 , 7408 , 7703 , 3022 , 7399 , 5259 , 7703 , 3465 , 7704 , 7409 , 4585 , 3368 , 3124 , 7604 , 2319 , 5293 , 3198 , 4201 , 3381 , 3204 , 3158 , 2936 , 4488 , 4154 , 4704 , 7333 , 7701 , 2895 , 7389 , 7706 , 3091 , 3677 , 4419 , 7413 , 3650 , 7702 , 3454 , 3505 , 4201 , 3850 , 7703 , 4036 , 5971 , 3149 , 7408 , 3067 , 2305 , 3668 , 4427 , 5941 , 5632 , 7183 , 3387 , 4658 , 2811 , 6705 , 6001 , 7545 , 7408 , 4985 , 5327 , 5668 , 7337 , 5338 , 5827 , 3271 , 3565 , 3147 , 6494 , 3252 , 3163 , 7547 , 4300 , 7016 , 5789 , 4211 , 7703 , 3075 , 6285 , 5156 , 5879 , 3901 , 6239 , 6339 , 3251 , 3500 , 3780 , 5847 , 7702 , 3461 , 5618 , 5324 , 3059 , 3677 , 3682 , 6604 , 3428 , 4586 , 3916 , 3480 , 3503 , 4396 , 6519 , 7410 , 7035 , 7546 , 3257 , 5669 , 4680 , 4877 , 3446 , 4855 , 7248 , 5044 , 6004 , 7014 , 4622 , 7683 , 7808 , 7576 , 7631 , 7913 , 7924 , 7913 , 7171 , 
RegressionTest0::test017 , 239 , 220 , 5006 , 219 , 5740 , 6791 , 8649 , 5109 , 8783 , 618 , 1430 , 1128 , 4927 , 238 , 237 , 7405 , 0 , 5614 , 211 , 7971 , 5334 , 1866 , 2708 , 6872 , 237 , 5376 , 8365 , 3870 , 306 , 4489 , 2158 , 368 , 329 , 7257 , 2930 , 307 , 8126 , 282 , 9665 , 314 , 2810 , 5558 , 1059 , 6664 , 5115 , 120 , 223 , 7742 , 8 , 332 , 311 , 4478 , 2165 , 310 , 3763 , 5043 , 333 , 332 , 6471 , 6291 , 329 , 8128 , 46 , 328 , 5874 , 239 , 2533 , 332 , 5282 , 327 , 56 , 10537 , 5418 , 7013 , 240 , 6795 , 2437 , 8768 , 3893 , 8554 , 5555 , 5574 , 7697 , 3482 , 3967 , 3180 , 143 , 329 , 8424 , 91 , 331 , 5850 , 8675 , 3823 , 55 , 4839 , 327 , 5301 , 8840 , 3978 , 4427 , 328 , 9800 , 1653 , 7701 , 45 , 6223 , 6801 , 8872 , 9888 , 1679 , 2071 , 283 , 5705 , 3277 , 7524 , 845 , 1711 , 259 , 65 , 3132 , 2599 , 2143 , 145 , 2611 , 1955 , 8026 , 5567 , 7216 , 1147 , 6165 , 7700 , 259 , 4005 , 499 , 1998 , 4357 , 331 , 7124 , 1366 , 2800 , 1924 , 8636 , 1427 , 1313 , 6254 , 8261 , 5052 , 1900 , 332 , 5660 , 2182 , 2602 , 7194 , 5320 , 8384 , 1000 , 6022 , 3648 , 4799 , 5736 , 5499 , 4099 , 1093 , 64 , 482 , 260 , 6644 , 2128 , 3685 , 3109 , 5907 , 3295 , 245 , 3130 , 1749 , 498 , 3745 , 393 , 434 , 326 , 352 , 521 , 540 , 522 , 465 , 
RegressionTest0::test018 , 5756 , 5607 , 2291 , 5607 , 1732 , 2451 , 4123 , 2334 , 4214 , 5077 , 4401 , 4618 , 2071 , 5752 , 5751 , 3106 , 5614 , 0 , 5686 , 3437 , 2071 , 3996 , 3345 , 2978 , 5751 , 2149 , 3921 , 2576 , 5907 , 2296 , 3711 , 5308 , 5328 , 2726 , 3164 , 5909 , 3627 , 5399 , 4950 , 5908 , 3409 , 2344 , 4683 , 2387 , 2306 , 5542 , 5610 , 3244 , 5615 , 5335 , 5907 , 2689 , 3760 , 5907 , 2967 , 2071 , 5910 , 5910 , 2174 , 2226 , 5597 , 3675 , 5620 , 5911 , 2598 , 5612 , 3484 , 5911 , 2104 , 5911 , 5621 , 6058 , 2060 , 2877 , 5813 , 2683 , 3565 , 4258 , 2664 , 3975 , 2038 , 2240 , 3282 , 2966 , 2465 , 3110 , 5549 , 5909 , 3945 , 5605 , 5913 , 2271 , 4567 , 2725 , 5625 , 2194 , 5909 , 2251 , 4491 , 2535 , 2360 , 5911 , 5406 , 4177 , 3314 , 5621 , 2652 , 2857 , 4363 , 5222 , 4180 , 3883 , 5401 , 2318 , 2986 , 3145 , 4913 , 4182 , 5759 , 5627 , 3228 , 3593 , 3951 , 5553 , 3604 , 4073 , 4052 , 2380 , 3237 , 4725 , 2557 , 3795 , 5760 , 2755 , 5247 , 4012 , 2754 , 5911 , 3240 , 4538 , 3345 , 4108 , 4554 , 4464 , 4570 , 2601 , 4207 , 2363 , 4074 , 5911 , 2396 , 3877 , 3542 , 3361 , 2336 , 4380 , 4828 , 2683 , 2806 , 2418 , 2316 , 2148 , 2862 , 4750 , 5627 , 5244 , 5759 , 2967 , 3903 , 3107 , 3180 , 2625 , 3182 , 5464 , 3402 , 4236 , 5250 , 2955 , 5893 , 6015 , 5787 , 5842 , 6120 , 6131 , 6120 , 5396 , 
RegressionTest0::test019 , 111 , 148 , 5076 , 151 , 5813 , 6860 , 8719 , 5185 , 8852 , 737 , 1496 , 1207 , 5002 , 110 , 105 , 7472 , 211 , 5686 , 0 , 8041 , 5406 , 1958 , 2773 , 6943 , 109 , 5446 , 8434 , 3937 , 257 , 4564 , 2224 , 443 , 464 , 7325 , 2997 , 259 , 8196 , 347 , 9731 , 262 , 2889 , 5631 , 1165 , 6737 , 5185 , 268 , 144 , 7813 , 213 , 465 , 259 , 4562 , 2253 , 260 , 3839 , 5118 , 280 , 283 , 6545 , 6362 , 215 , 8201 , 229 , 278 , 5952 , 167 , 2621 , 286 , 5365 , 278 , 234 , 10603 , 5492 , 7087 , 198 , 6867 , 2503 , 8836 , 3965 , 8626 , 5633 , 5655 , 7767 , 3550 , 4041 , 3257 , 290 , 280 , 8492 , 233 , 282 , 5924 , 8747 , 3889 , 240 , 4910 , 276 , 5375 , 8911 , 4059 , 4497 , 283 , 9872 , 1741 , 7773 , 221 , 6300 , 6876 , 8941 , 9955 , 1773 , 2150 , 431 , 5785 , 3360 , 7598 , 915 , 1771 , 126 , 247 , 3199 , 2663 , 2208 , 296 , 2671 , 2044 , 8097 , 5634 , 7287 , 1213 , 6236 , 7767 , 129 , 4074 , 622 , 2057 , 4433 , 279 , 7196 , 1409 , 2868 , 1983 , 8711 , 1465 , 1348 , 6323 , 8333 , 5122 , 1968 , 286 , 5733 , 2274 , 2675 , 7264 , 5396 , 8459 , 1079 , 6102 , 3720 , 4865 , 5818 , 5580 , 4176 , 1176 , 248 , 604 , 132 , 6722 , 2184 , 3759 , 3193 , 5987 , 3380 , 384 , 3192 , 1803 , 625 , 3818 , 396 , 397 , 336 , 378 , 469 , 489 , 469 , 537 , 
RegressionTest0::test020 , 8114 , 7971 , 3909 , 7972 , 2803 , 2872 , 3262 , 3705 , 2942 , 7412 , 6764 , 6970 , 3398 , 8111 , 8110 , 2953 , 7971 , 3437 , 8041 , 0 , 3709 , 6289 , 5637 , 3092 , 8110 , 3681 , 2721 , 4735 , 8266 , 3855 , 5974 , 7677 , 7678 , 1318 , 5321 , 8268 , 2264 , 7756 , 2760 , 8267 , 5660 , 3565 , 7016 , 1729 , 3823 , 7895 , 7981 , 449 , 7971 , 7678 , 8265 , 4509 , 6054 , 8266 , 4933 , 3539 , 8268 , 8268 , 3328 , 3364 , 7965 , 2305 , 7974 , 8270 , 3817 , 7973 , 5780 , 8269 , 3336 , 8269 , 7973 , 4656 , 3282 , 3051 , 8169 , 3101 , 5879 , 3291 , 4827 , 2457 , 3095 , 3594 , 2147 , 5072 , 4661 , 5214 , 7896 , 8267 , 3165 , 7954 , 8271 , 3570 , 3759 , 4934 , 7976 , 4186 , 8267 , 4054 , 3092 , 4725 , 4018 , 8268 , 3959 , 6489 , 2077 , 7974 , 3293 , 3191 , 3404 , 3172 , 6452 , 6229 , 7744 , 3351 , 5181 , 2717 , 7277 , 6571 , 8112 , 7975 , 5489 , 5916 , 6265 , 7902 , 5892 , 6371 , 3558 , 4060 , 3452 , 7068 , 3725 , 3266 , 8113 , 4873 , 7581 , 6350 , 4614 , 8269 , 3403 , 6877 , 5726 , 6411 , 3453 , 6801 , 6908 , 3716 , 3421 , 4163 , 6406 , 8269 , 3892 , 6155 , 5849 , 3477 , 4044 , 3385 , 7147 , 3671 , 5040 , 4421 , 3825 , 3960 , 4765 , 7065 , 7974 , 7592 , 8113 , 3583 , 6251 , 5106 , 5382 , 3936 , 5306 , 7805 , 5598 , 6561 , 7581 , 5095 , 8247 , 8373 , 8140 , 8195 , 8478 , 8489 , 8478 , 7734 , 
RegressionTest0::test021 , 5472 , 5328 , 866 , 5329 , 2082 , 2325 , 4202 , 1762 , 4285 , 4800 , 4136 , 4344 , 1983 , 5469 , 5468 , 3198 , 5334 , 2071 , 5406 , 3709 , 0 , 3683 , 3009 , 2337 , 5467 , 852 , 3972 , 2472 , 5627 , 2075 , 3434 , 5028 , 5055 , 3030 , 2868 , 5629 , 3792 , 5124 , 5077 , 5628 , 3141 , 861 , 4399 , 2798 , 865 , 5267 , 5335 , 3477 , 5336 , 5058 , 5627 , 2400 , 3479 , 5627 , 2647 , 1802 , 5631 , 5632 , 1977 , 1676 , 5319 , 3772 , 5340 , 5631 , 2493 , 5336 , 3183 , 5633 , 1903 , 5631 , 5343 , 5861 , 1861 , 3175 , 5533 , 2521 , 3262 , 4276 , 2437 , 4326 , 2234 , 1489 , 3450 , 2435 , 2297 , 2720 , 5272 , 5631 , 4020 , 5327 , 5634 , 2093 , 4666 , 2583 , 5348 , 1764 , 5629 , 2151 , 4398 , 2348 , 1978 , 5632 , 5364 , 3930 , 3468 , 5339 , 1886 , 2262 , 4511 , 5496 , 3886 , 3646 , 5124 , 2241 , 2601 , 3007 , 4633 , 3951 , 5480 , 5351 , 2991 , 3296 , 3693 , 5277 , 3302 , 3773 , 4181 , 2329 , 3457 , 4477 , 2758 , 3965 , 5482 , 2460 , 4960 , 3746 , 2542 , 5633 , 3442 , 4258 , 3152 , 3835 , 4726 , 4204 , 4301 , 2779 , 4384 , 2208 , 3818 , 5633 , 2445 , 3586 , 3295 , 3435 , 2214 , 4519 , 4557 , 2711 , 2680 , 2372 , 2463 , 2369 , 2601 , 4473 , 5352 , 4972 , 5480 , 3109 , 3629 , 2810 , 2988 , 2739 , 2867 , 5184 , 3161 , 3961 , 4966 , 2682 , 5613 , 5735 , 5509 , 5561 , 5839 , 5850 , 5839 , 5129 , 
RegressionTest0::test022 , 2012 , 1892 , 3350 , 1893 , 4105 , 5031 , 6988 , 3495 , 7002 , 1355 , 976 , 1085 , 3285 , 2014 , 2013 , 5728 , 1866 , 3996 , 1958 , 6289 , 3683 , 0 , 964 , 5234 , 2013 , 3731 , 6688 , 2243 , 2148 , 2847 , 767 , 1616 , 1589 , 5587 , 1509 , 2150 , 6430 , 1682 , 7961 , 2150 , 1481 , 3944 , 1077 , 5006 , 3451 , 1792 , 1905 , 6063 , 1869 , 1583 , 2148 , 3000 , 554 , 2148 , 2275 , 3417 , 2158 , 2159 , 4808 , 4664 , 1924 , 6450 , 1881 , 2156 , 4275 , 1916 , 937 , 2160 , 3631 , 2156 , 1884 , 8845 , 3801 , 5435 , 2064 , 5165 , 777 , 7111 , 2311 , 6884 , 3921 , 3966 , 6056 , 1997 , 2379 , 1572 , 1826 , 2158 , 6780 , 1870 , 2160 , 4274 , 7069 , 2362 , 1887 , 3251 , 2152 , 3732 , 7176 , 2404 , 2838 , 2158 , 8129 , 606 , 6043 , 1881 , 4605 , 5163 , 7202 , 8208 , 408 , 1002 , 1681 , 4115 , 1677 , 5822 , 1286 , 941 , 2032 , 1891 , 1799 , 1417 , 1083 , 1823 , 1373 , 902 , 6421 , 4056 , 5634 , 1231 , 4604 , 6144 , 2032 , 2592 , 1551 , 917 , 2896 , 2160 , 5567 , 1094 , 1530 , 910 , 7031 , 1082 , 1123 , 4710 , 6639 , 3523 , 905 , 2160 , 4121 , 1047 , 1364 , 5616 , 3798 , 6770 , 1202 , 4461 , 2211 , 3350 , 4181 , 3954 , 2660 , 1144 , 1892 , 1540 , 2038 , 5083 , 920 , 2305 , 1707 , 4382 , 1899 , 1745 , 1869 , 858 , 1552 , 2386 , 2155 , 2256 , 2061 , 2115 , 2358 , 2369 , 2358 , 1738 , 
RegressionTest0::test023 , 2832 , 2701 , 2673 , 2703 , 3350 , 4323 , 6288 , 2812 , 6254 , 2177 , 1588 , 1849 , 2783 , 2831 , 2829 , 5062 , 2708 , 3345 , 2773 , 5637 , 3009 , 964 , 0 , 4564 , 2829 , 3078 , 5994 , 2055 , 2993 , 2398 , 1037 , 2410 , 2434 , 4880 , 1058 , 2995 , 5771 , 2476 , 7249 , 2995 , 1418 , 3240 , 1918 , 4321 , 2734 , 2634 , 2717 , 5411 , 2713 , 2429 , 2993 , 2465 , 1143 , 2992 , 1897 , 2823 , 2999 , 3000 , 4150 , 3943 , 2712 , 5807 , 2719 , 2998 , 3698 , 2725 , 893 , 3001 , 3087 , 2998 , 2722 , 8073 , 3142 , 4804 , 2908 , 4515 , 644 , 6422 , 1921 , 6180 , 3257 , 3334 , 5369 , 1280 , 1881 , 1207 , 2654 , 2998 , 6042 , 2713 , 3000 , 3630 , 6388 , 1822 , 2729 , 2595 , 2996 , 3137 , 6494 , 1911 , 2216 , 2999 , 7411 , 1351 , 5394 , 2719 , 3965 , 4454 , 6538 , 7502 , 1248 , 1378 , 2513 , 3509 , 1408 , 5131 , 2045 , 1532 , 2840 , 2729 , 1511 , 1262 , 1406 , 2653 , 1267 , 1524 , 5829 , 3404 , 4999 , 1937 , 4057 , 5457 , 2841 , 1985 , 2361 , 1426 , 2493 , 3001 , 4949 , 1732 , 1138 , 1462 , 6412 , 1717 , 1788 , 4148 , 6062 , 3038 , 1445 , 3000 , 3608 , 1327 , 1132 , 4973 , 3265 , 6170 , 2025 , 3915 , 1856 , 2811 , 3604 , 3377 , 2277 , 1951 , 2731 , 2372 , 2842 , 4505 , 1232 , 1975 , 1422 , 3840 , 1641 , 2583 , 1616 , 1473 , 2368 , 2020 , 2995 , 3102 , 2890 , 2942 , 3203 , 3215 , 3203 , 2548 , 
RegressionTest0::test024 , 7011 , 6869 , 2550 , 6869 , 2880 , 1892 , 3151 , 2661 , 3170 , 6339 , 5650 , 5880 , 3140 , 7007 , 7006 , 2523 , 6872 , 2978 , 6943 , 3092 , 2337 , 5234 , 4564 , 0 , 7005 , 2347 , 3548 , 3906 , 7165 , 3405 , 4954 , 6566 , 6588 , 2795 , 4380 , 7167 , 3250 , 6660 , 4181 , 7166 , 4675 , 2323 , 5950 , 2708 , 2522 , 6800 , 6873 , 3038 , 6873 , 6593 , 7165 , 3616 , 4971 , 7165 , 4047 , 3037 , 7169 , 7169 , 1996 , 1756 , 6849 , 3328 , 6875 , 7169 , 2872 , 6870 , 4695 , 7169 , 3139 , 7169 , 6875 , 4775 , 3088 , 2932 , 7069 , 2416 , 4756 , 3314 , 3790 , 3691 , 2964 , 2399 , 3212 , 3950 , 3678 , 4186 , 6800 , 7167 , 3070 , 6858 , 7171 , 2744 , 4023 , 3886 , 6880 , 3110 , 7167 , 3114 , 3503 , 3785 , 3403 , 7168 , 4362 , 5436 , 3032 , 6877 , 2484 , 999 , 3672 , 4620 , 5421 , 5095 , 6652 , 3042 , 4122 , 2306 , 6177 , 5471 , 7012 , 6879 , 4489 , 4807 , 5114 , 6807 , 4827 , 5333 , 3688 , 3256 , 3020 , 5955 , 3037 , 3533 , 7011 , 3815 , 6489 , 5272 , 3848 , 7169 , 3082 , 5774 , 4640 , 5352 , 4145 , 5719 , 5815 , 3017 , 3877 , 3369 , 5311 , 7170 , 3282 , 5134 , 4811 , 3116 , 3297 , 3991 , 6085 , 3202 , 4139 , 3598 , 3090 , 3208 , 3973 , 5995 , 6880 , 6501 , 7011 , 2807 , 5148 , 4219 , 4425 , 3157 , 4369 , 6717 , 4508 , 5481 , 6490 , 4083 , 7150 , 7273 , 7042 , 7099 , 7377 , 7388 , 7377 , 6636 , 
RegressionTest0::test025 , 9 , 184 , 5139 , 184 , 5877 , 6925 , 8784 , 5248 , 8916 , 786 , 1556 , 1263 , 5066 , 8 , 7 , 7539 , 237 , 5751 , 109 , 8110 , 5467 , 2013 , 2829 , 7005 , 0 , 5509 , 8500 , 4003 , 188 , 4629 , 2286 , 493 , 514 , 7393 , 3060 , 184 , 8263 , 391 , 9798 , 190 , 2948 , 5692 , 1205 , 6804 , 5245 , 313 , 178 , 7881 , 239 , 515 , 190 , 4622 , 2309 , 190 , 3898 , 5177 , 212 , 213 , 6606 , 6428 , 226 , 8265 , 256 , 208 , 6014 , 203 , 2679 , 213 , 5423 , 207 , 259 , 10664 , 5544 , 7150 , 165 , 6932 , 2564 , 8902 , 4024 , 8681 , 5694 , 5714 , 7832 , 3592 , 4098 , 3318 , 334 , 209 , 8558 , 277 , 210 , 5985 , 8813 , 3939 , 257 , 4969 , 206 , 5437 , 8977 , 4121 , 4554 , 213 , 9939 , 1795 , 7837 , 255 , 6361 , 6935 , 9009 , 10021 , 1825 , 2205 , 479 , 5845 , 3416 , 7662 , 968 , 1820 , 45 , 267 , 3253 , 2721 , 2264 , 339 , 2728 , 2091 , 8163 , 5684 , 7350 , 1246 , 6299 , 7819 , 45 , 4118 , 667 , 2115 , 4495 , 212 , 7259 , 1479 , 2930 , 2038 , 8773 , 1522 , 1400 , 6375 , 8401 , 5185 , 2025 , 214 , 5797 , 2327 , 2724 , 7327 , 5458 , 8521 , 1121 , 6164 , 3785 , 4927 , 5875 , 5636 , 4238 , 1220 , 264 , 650 , 48 , 6782 , 2245 , 3819 , 3248 , 6047 , 3437 , 425 , 3253 , 1853 , 669 , 3876 , 350 , 361 , 297 , 339 , 400 , 419 , 400 , 557 , 
RegressionTest0::test026 , 5514 , 5375 , 1150 , 5375 , 2204 , 2302 , 4161 , 1782 , 4272 , 4821 , 4197 , 4398 , 2092 , 5511 , 5511 , 3206 , 5376 , 2149 , 5446 , 3681 , 852 , 3731 , 3078 , 2347 , 5509 , 0 , 3886 , 2576 , 5666 , 2147 , 3553 , 5088 , 5091 , 3074 , 2988 , 5667 , 3680 , 5161 , 5124 , 5666 , 3173 , 1241 , 4428 , 2766 , 1140 , 5295 , 5386 , 3441 , 5376 , 5090 , 5666 , 2426 , 3519 , 5666 , 2664 , 1917 , 5669 , 5669 , 1796 , 1613 , 5383 , 3730 , 5381 , 5669 , 2446 , 5391 , 3243 , 5670 , 1995 , 5669 , 5380 , 5989 , 1976 , 3114 , 5570 , 2567 , 3331 , 4315 , 2552 , 4322 , 2223 , 1523 , 3429 , 2451 , 2396 , 2717 , 5308 , 5668 , 3998 , 5366 , 5672 , 2162 , 4590 , 2665 , 5385 , 1945 , 5667 , 2281 , 4307 , 2298 , 2141 , 5669 , 5323 , 3976 , 3457 , 5382 , 1896 , 2268 , 4384 , 5517 , 3930 , 3698 , 5164 , 2151 , 2632 , 2898 , 4697 , 4057 , 5522 , 5386 , 3112 , 3406 , 3783 , 5311 , 3396 , 3803 , 4155 , 2428 , 3463 , 4548 , 2773 , 3987 , 5524 , 2556 , 5002 , 3846 , 2556 , 5671 , 3439 , 4350 , 3252 , 3907 , 4601 , 4289 , 4377 , 2851 , 4319 , 2144 , 3910 , 5670 , 2482 , 3621 , 3396 , 3412 , 2188 , 4406 , 4592 , 2703 , 2681 , 2444 , 2372 , 2226 , 2608 , 4511 , 5386 , 5011 , 5524 , 2966 , 3719 , 2799 , 3026 , 2620 , 2913 , 5226 , 3275 , 4033 , 5006 , 2693 , 5650 , 5773 , 5545 , 5601 , 5877 , 5888 , 5877 , 5164 , 
