: , RegressionTest0::test01 , RegressionTest0::test02 , RegressionTest0::test03 , RegressionTest0::test04 , RegressionTest0::test05 , RegressionTest0::test06 , RegressionTest0::test07 , RegressionTest0::test08 , RegressionTest0::test09 , RegressionTest0::test10 , RegressionTest0::test11 , RegressionTest0::test12 , RegressionTest0::test13 , RegressionTest0::test14 , RegressionTest0::test15 , RegressionTest0::test16 , RegressionTest0::test17 , RegressionTest0::test18 , RegressionTest0::test19 , RegressionTest0::test20 , RegressionTest0::test21 , RegressionTest0::test22 , RegressionTest0::test23 , RegressionTest0::test24 , RegressionTest0::test25 , RegressionTest0::test26 , RegressionTest0::test27 , RegressionTest0::test28 , RegressionTest0::test29 , RegressionTest0::test30 , RegressionTest0::test31 , RegressionTest0::test32 , RegressionTest0::test33 , RegressionTest0::test34 , RegressionTest0::test35 , RegressionTest0::test36 , RegressionTest0::test37 , RegressionTest0::test38 , RegressionTest0::test39 , RegressionTest0::test40 , DataUtilTest::testCharset , DataUtilTest::testQuotedCharset , DataUtilTest::discardsSpuriousByteOrderMark , DataUtil_ESTest::test0 , DataUtil_ESTest::test1 , DataUtil_ESTest::test2 , DataUtil_ESTest::test3 , DataUtil_ESTest::test4 , DataUtil_ESTest::test5 , DataUtil_ESTest::test6 , DataUtil_ESTest::test7 , DataUtil_ESTest::test8 , 
RegressionTest0::test01 , 0 , 62 , 91 , 105 , 102 , 90 , 7 , 108 , 60 , 92 , 92 , 7 , 12 , 304 , 63 , 305 , 10 , 63 , 65 , 64 , 168 , 65 , 303 , 7 , 93 , 55 , 94 , 93 , 57 , 52 , 163 , 91 , 9 , 65 , 64 , 12 , 14 , 109 , 94 , 168 , 448 , 423 , 406 , 391 , 362 , 390 , 366 , 362 , 370 , 382 , 422 , 418 , 
RegressionTest0::test02 , 62 , 0 , 35 , 150 , 151 , 40 , 66 , 59 , 8 , 37 , 39 , 62 , 67 , 252 , 7 , 257 , 62 , 12 , 14 , 7 , 222 , 7 , 254 , 63 , 34 , 103 , 42 , 39 , 108 , 104 , 218 , 38 , 69 , 12 , 9 , 67 , 72 , 157 , 44 , 217 , 433 , 396 , 370 , 343 , 350 , 343 , 324 , 325 , 337 , 353 , 373 , 368 , 
RegressionTest0::test03 , 91 , 35 , 0 , 156 , 153 , 10 , 94 , 76 , 35 , 10 , 12 , 93 , 94 , 239 , 40 , 242 , 94 , 42 , 44 , 34 , 226 , 42 , 238 , 91 , 7 , 108 , 9 , 9 , 111 , 106 , 221 , 7 , 96 , 39 , 39 , 98 , 101 , 160 , 14 , 221 , 431 , 380 , 355 , 338 , 363 , 319 , 305 , 310 , 320 , 345 , 350 , 345 , 
RegressionTest0::test04 , 105 , 150 , 156 , 0 , 5 , 160 , 107 , 181 , 156 , 158 , 160 , 104 , 106 , 340 , 155 , 345 , 101 , 159 , 160 , 155 , 145 , 157 , 345 , 102 , 155 , 63 , 163 , 159 , 68 , 66 , 143 , 161 , 109 , 158 , 156 , 106 , 111 , 9 , 163 , 140 , 457 , 446 , 410 , 448 , 395 , 429 , 399 , 391 , 364 , 386 , 460 , 460 , 
RegressionTest0::test05 , 102 , 151 , 153 , 5 , 0 , 157 , 104 , 178 , 153 , 159 , 160 , 106 , 106 , 340 , 154 , 343 , 104 , 156 , 157 , 152 , 145 , 157 , 342 , 101 , 154 , 66 , 160 , 156 , 68 , 63 , 140 , 158 , 109 , 157 , 151 , 107 , 110 , 9 , 160 , 143 , 455 , 444 , 407 , 445 , 394 , 426 , 396 , 389 , 363 , 385 , 457 , 457 , 
RegressionTest0::test06 , 90 , 40 , 10 , 160 , 157 , 0 , 95 , 77 , 37 , 9 , 14 , 95 , 94 , 242 , 39 , 237 , 98 , 34 , 39 , 42 , 219 , 43 , 240 , 95 , 12 , 107 , 12 , 7 , 106 , 106 , 220 , 9 , 91 , 40 , 37 , 98 , 96 , 158 , 9 , 223 , 431 , 380 , 355 , 340 , 363 , 320 , 309 , 311 , 317 , 345 , 353 , 348 , 
RegressionTest0::test07 , 7 , 66 , 94 , 107 , 104 , 95 , 0 , 113 , 65 , 97 , 92 , 12 , 14 , 308 , 68 , 305 , 10 , 68 , 63 , 67 , 172 , 63 , 307 , 9 , 97 , 50 , 89 , 97 , 52 , 47 , 170 , 96 , 12 , 62 , 68 , 7 , 7 , 111 , 92 , 173 , 449 , 424 , 408 , 396 , 368 , 395 , 371 , 367 , 366 , 381 , 426 , 423 , 
RegressionTest0::test08 , 108 , 59 , 76 , 181 , 178 , 77 , 113 , 0 , 53 , 79 , 79 , 112 , 117 , 251 , 58 , 252 , 115 , 58 , 64 , 58 , 247 , 62 , 248 , 112 , 78 , 131 , 79 , 76 , 134 , 129 , 242 , 78 , 115 , 60 , 61 , 117 , 120 , 183 , 79 , 244 , 430 , 394 , 358 , 339 , 348 , 354 , 321 , 320 , 340 , 364 , 366 , 360 , 
RegressionTest0::test09 , 60 , 8 , 35 , 156 , 153 , 37 , 65 , 53 , 0 , 37 , 41 , 65 , 70 , 254 , 7 , 255 , 68 , 9 , 12 , 7 , 221 , 12 , 252 , 65 , 40 , 106 , 39 , 41 , 106 , 103 , 216 , 34 , 67 , 9 , 12 , 70 , 72 , 160 , 40 , 219 , 432 , 392 , 365 , 337 , 349 , 339 , 319 , 320 , 335 , 357 , 367 , 362 , 
RegressionTest0::test10 , 92 , 37 , 10 , 158 , 159 , 9 , 97 , 79 , 37 , 0 , 7 , 89 , 97 , 237 , 32 , 240 , 92 , 37 , 42 , 38 , 224 , 39 , 241 , 95 , 7 , 106 , 12 , 12 , 111 , 105 , 220 , 7 , 96 , 42 , 42 , 96 , 101 , 163 , 14 , 217 , 432 , 381 , 355 , 338 , 362 , 318 , 307 , 310 , 322 , 345 , 350 , 345 , 
RegressionTest0::test11 , 92 , 39 , 12 , 160 , 160 , 14 , 92 , 79 , 41 , 7 , 0 , 94 , 94 , 238 , 37 , 240 , 94 , 42 , 37 , 41 , 219 , 34 , 241 , 96 , 9 , 101 , 7 , 14 , 106 , 102 , 220 , 12 , 93 , 37 , 44 , 91 , 96 , 160 , 9 , 223 , 432 , 380 , 355 , 345 , 365 , 323 , 312 , 314 , 317 , 344 , 355 , 350 , 
RegressionTest0::test12 , 7 , 62 , 93 , 104 , 106 , 95 , 12 , 112 , 65 , 89 , 94 , 0 , 10 , 303 , 60 , 305 , 5 , 64 , 65 , 64 , 170 , 65 , 306 , 10 , 93 , 52 , 96 , 93 , 57 , 55 , 168 , 92 , 9 , 67 , 64 , 9 , 14 , 109 , 96 , 165 , 449 , 424 , 409 , 395 , 365 , 392 , 369 , 365 , 371 , 382 , 425 , 420 , 
RegressionTest0::test13 , 12 , 67 , 94 , 106 , 106 , 94 , 14 , 117 , 70 , 97 , 94 , 10 , 0 , 308 , 68 , 305 , 7 , 63 , 65 , 67 , 168 , 67 , 308 , 9 , 96 , 56 , 96 , 91 , 52 , 53 , 172 , 99 , 5 , 67 , 62 , 14 , 9 , 101 , 96 , 173 , 452 , 423 , 408 , 400 , 369 , 396 , 372 , 369 , 366 , 384 , 430 , 425 , 
RegressionTest0::test14 , 304 , 252 , 239 , 340 , 340 , 242 , 308 , 251 , 254 , 237 , 238 , 303 , 308 , 0 , 250 , 7 , 305 , 254 , 255 , 254 , 417 , 252 , 7 , 303 , 240 , 315 , 242 , 242 , 320 , 316 , 413 , 239 , 308 , 252 , 256 , 307 , 312 , 345 , 244 , 413 , 411 , 321 , 271 , 186 , 373 , 204 , 254 , 258 , 213 , 365 , 158 , 157 , 
RegressionTest0::test15 , 63 , 7 , 40 , 155 , 154 , 39 , 68 , 58 , 7 , 32 , 37 , 60 , 68 , 250 , 0 , 255 , 63 , 7 , 12 , 10 , 221 , 9 , 253 , 66 , 35 , 103 , 42 , 42 , 108 , 104 , 217 , 37 , 67 , 12 , 10 , 67 , 72 , 160 , 44 , 216 , 434 , 394 , 368 , 342 , 348 , 341 , 322 , 323 , 336 , 355 , 370 , 365 , 
RegressionTest0::test16 , 305 , 257 , 242 , 345 , 343 , 237 , 305 , 252 , 255 , 240 , 240 , 305 , 305 , 7 , 255 , 0 , 307 , 250 , 250 , 257 , 413 , 257 , 9 , 307 , 245 , 313 , 239 , 240 , 315 , 312 , 414 , 239 , 305 , 254 , 252 , 306 , 307 , 342 , 240 , 416 , 413 , 320 , 272 , 187 , 374 , 206 , 255 , 260 , 214 , 366 , 160 , 158 , 
RegressionTest0::test17 , 10 , 62 , 94 , 101 , 104 , 98 , 10 , 115 , 68 , 92 , 94 , 5 , 7 , 305 , 63 , 307 , 0 , 67 , 68 , 65 , 173 , 67 , 309 , 7 , 91 , 52 , 97 , 95 , 57 , 55 , 171 , 97 , 12 , 70 , 66 , 9 , 12 , 106 , 99 , 168 , 450 , 424 , 412 , 398 , 367 , 395 , 371 , 367 , 371 , 381 , 427 , 423 , 
RegressionTest0::test18 , 63 , 12 , 42 , 159 , 156 , 34 , 68 , 58 , 9 , 37 , 42 , 64 , 63 , 254 , 7 , 250 , 67 , 0 , 7 , 12 , 216 , 14 , 253 , 66 , 42 , 106 , 42 , 35 , 103 , 103 , 217 , 39 , 62 , 12 , 7 , 71 , 67 , 153 , 39 , 220 , 431 , 395 , 364 , 344 , 348 , 344 , 324 , 325 , 332 , 356 , 372 , 366 , 
RegressionTest0::test19 , 65 , 14 , 44 , 160 , 157 , 39 , 63 , 64 , 12 , 42 , 37 , 65 , 65 , 255 , 12 , 250 , 68 , 7 , 0 , 14 , 217 , 9 , 257 , 67 , 44 , 102 , 39 , 39 , 96 , 99 , 219 , 44 , 64 , 9 , 9 , 66 , 62 , 156 , 32 , 221 , 433 , 400 , 368 , 349 , 351 , 349 , 329 , 330 , 327 , 355 , 377 , 372 , 
RegressionTest0::test20 , 64 , 7 , 34 , 155 , 152 , 42 , 67 , 58 , 7 , 38 , 41 , 64 , 67 , 254 , 10 , 257 , 65 , 12 , 14 , 0 , 220 , 10 , 250 , 60 , 35 , 102 , 37 , 37 , 106 , 101 , 218 , 37 , 69 , 9 , 9 , 69 , 72 , 157 , 44 , 215 , 433 , 394 , 367 , 340 , 350 , 341 , 321 , 322 , 335 , 355 , 370 , 365 , 
RegressionTest0::test21 , 168 , 222 , 226 , 145 , 145 , 219 , 172 , 247 , 221 , 224 , 219 , 170 , 168 , 417 , 221 , 413 , 173 , 216 , 217 , 220 , 0 , 215 , 414 , 171 , 224 , 130 , 219 , 220 , 125 , 130 , 7 , 224 , 165 , 217 , 219 , 175 , 170 , 140 , 221 , 9 , 501 , 488 , 474 , 518 , 440 , 498 , 454 , 437 , 427 , 446 , 537 , 534 , 
RegressionTest0::test22 , 65 , 7 , 42 , 157 , 157 , 43 , 63 , 62 , 12 , 39 , 34 , 65 , 67 , 252 , 9 , 257 , 67 , 14 , 9 , 10 , 215 , 0 , 253 , 65 , 37 , 96 , 35 , 41 , 101 , 99 , 219 , 40 , 64 , 7 , 14 , 62 , 67 , 156 , 39 , 221 , 434 , 398 , 367 , 347 , 352 , 345 , 327 , 328 , 332 , 354 , 375 , 370 , 
RegressionTest0::test23 , 303 , 254 , 238 , 345 , 342 , 240 , 307 , 248 , 252 , 241 , 241 , 306 , 308 , 7 , 253 , 9 , 309 , 253 , 257 , 250 , 414 , 253 , 0 , 304 , 239 , 316 , 238 , 238 , 318 , 315 , 412 , 239 , 305 , 252 , 256 , 310 , 312 , 346 , 241 , 415 , 411 , 322 , 270 , 184 , 374 , 201 , 253 , 259 , 214 , 367 , 155 , 154 , 
RegressionTest0::test24 , 7 , 63 , 91 , 102 , 101 , 95 , 9 , 112 , 65 , 95 , 96 , 10 , 9 , 303 , 66 , 307 , 7 , 66 , 67 , 60 , 171 , 65 , 304 , 0 , 90 , 53 , 94 , 90 , 55 , 52 , 168 , 94 , 12 , 65 , 63 , 12 , 14 , 106 , 96 , 171 , 448 , 423 , 409 , 395 , 366 , 392 , 368 , 363 , 371 , 380 , 425 , 420 , 
RegressionTest0::test25 , 93 , 34 , 7 , 155 , 154 , 12 , 97 , 78 , 40 , 7 , 9 , 93 , 96 , 240 , 35 , 245 , 91 , 42 , 44 , 35 , 224 , 37 , 239 , 90 , 0 , 104 , 10 , 7 , 109 , 107 , 221 , 10 , 98 , 42 , 37 , 96 , 101 , 160 , 14 , 221 , 431 , 383 , 358 , 343 , 364 , 320 , 309 , 311 , 321 , 343 , 353 , 348 , 
RegressionTest0::test26 , 55 , 103 , 108 , 63 , 66 , 107 , 50 , 131 , 106 , 106 , 101 , 52 , 56 , 315 , 103 , 313 , 52 , 106 , 102 , 102 , 130 , 96 , 316 , 53 , 104 , 0 , 102 , 106 , 7 , 7 , 130 , 109 , 55 , 101 , 104 , 45 , 52 , 68 , 105 , 127 , 457 , 430 , 384 , 424 , 391 , 407 , 381 , 376 , 330 , 391 , 436 , 431 , 
RegressionTest0::test27 , 94 , 42 , 9 , 163 , 160 , 12 , 89 , 79 , 39 , 12 , 7 , 96 , 96 , 242 , 42 , 239 , 97 , 42 , 39 , 37 , 219 , 35 , 238 , 94 , 10 , 102 , 0 , 12 , 104 , 101 , 222 , 9 , 93 , 34 , 44 , 94 , 94 , 160 , 9 , 224 , 432 , 377 , 353 , 342 , 365 , 320 , 309 , 312 , 315 , 346 , 352 , 348 , 
RegressionTest0::test28 , 93 , 39 , 9 , 159 , 156 , 7 , 97 , 76 , 41 , 12 , 14 , 93 , 91 , 242 , 42 , 240 , 95 , 35 , 39 , 37 , 220 , 41 , 238 , 90 , 7 , 106 , 12 , 0 , 104 , 107 , 221 , 12 , 94 , 40 , 34 , 98 , 96 , 153 , 9 , 221 , 429 , 383 , 357 , 345 , 364 , 323 , 311 , 314 , 317 , 344 , 355 , 349 , 
RegressionTest0::test29 , 57 , 108 , 111 , 68 , 68 , 106 , 52 , 134 , 106 , 111 , 106 , 57 , 52 , 320 , 108 , 315 , 57 , 103 , 96 , 106 , 125 , 101 , 318 , 55 , 109 , 7 , 104 , 104 , 0 , 9 , 132 , 111 , 52 , 103 , 103 , 52 , 47 , 63 , 99 , 132 , 458 , 430 , 387 , 426 , 393 , 408 , 383 , 378 , 325 , 395 , 439 , 434 , 
RegressionTest0::test30 , 52 , 104 , 106 , 66 , 63 , 106 , 47 , 129 , 103 , 105 , 102 , 55 , 53 , 316 , 104 , 312 , 55 , 103 , 99 , 101 , 130 , 99 , 315 , 52 , 107 , 7 , 101 , 107 , 9 , 0 , 125 , 104 , 50 , 96 , 102 , 48 , 50 , 66 , 100 , 128 , 454 , 428 , 382 , 420 , 390 , 405 , 377 , 373 , 330 , 390 , 434 , 429 , 
RegressionTest0::test31 , 163 , 218 , 221 , 143 , 140 , 220 , 170 , 242 , 216 , 220 , 220 , 168 , 172 , 413 , 217 , 414 , 171 , 217 , 219 , 218 , 7 , 219 , 412 , 168 , 221 , 130 , 222 , 221 , 132 , 125 , 0 , 217 , 168 , 217 , 216 , 169 , 170 , 143 , 220 , 7 , 498 , 487 , 475 , 513 , 436 , 494 , 448 , 434 , 432 , 444 , 532 , 529 , 
RegressionTest0::test32 , 91 , 38 , 7 , 161 , 158 , 9 , 96 , 78 , 34 , 7 , 12 , 92 , 99 , 239 , 37 , 239 , 97 , 39 , 44 , 37 , 224 , 40 , 239 , 94 , 10 , 109 , 9 , 12 , 111 , 104 , 217 , 0 , 94 , 37 , 40 , 97 , 99 , 161 , 12 , 222 , 430 , 379 , 352 , 337 , 361 , 315 , 303 , 307 , 320 , 347 , 348 , 343 , 
RegressionTest0::test33 , 9 , 69 , 96 , 109 , 109 , 91 , 12 , 115 , 67 , 96 , 93 , 9 , 5 , 308 , 67 , 305 , 12 , 62 , 64 , 69 , 165 , 64 , 305 , 12 , 98 , 55 , 93 , 94 , 52 , 50 , 168 , 94 , 0 , 62 , 63 , 12 , 7 , 102 , 91 , 170 , 450 , 423 , 406 , 397 , 368 , 395 , 370 , 367 , 366 , 383 , 427 , 423 , 
RegressionTest0::test34 , 65 , 12 , 39 , 158 , 157 , 40 , 62 , 60 , 9 , 42 , 37 , 67 , 67 , 252 , 12 , 254 , 70 , 12 , 9 , 9 , 217 , 7 , 252 , 65 , 42 , 101 , 34 , 40 , 103 , 96 , 217 , 37 , 62 , 0 , 12 , 63 , 65 , 154 , 37 , 221 , 432 , 395 , 365 , 344 , 351 , 344 , 323 , 324 , 330 , 356 , 372 , 367 , 
RegressionTest0::test35 , 64 , 9 , 39 , 156 , 151 , 37 , 68 , 61 , 12 , 42 , 44 , 64 , 62 , 256 , 10 , 252 , 66 , 7 , 9 , 9 , 219 , 14 , 256 , 63 , 37 , 104 , 44 , 34 , 103 , 102 , 216 , 40 , 63 , 12 , 0 , 67 , 65 , 150 , 37 , 217 , 431 , 398 , 366 , 347 , 350 , 347 , 325 , 327 , 331 , 354 , 375 , 370 , 
RegressionTest0::test36 , 12 , 67 , 98 , 106 , 107 , 98 , 7 , 117 , 70 , 96 , 91 , 9 , 14 , 307 , 67 , 306 , 9 , 71 , 66 , 69 , 175 , 62 , 310 , 12 , 96 , 45 , 94 , 98 , 52 , 48 , 169 , 97 , 12 , 63 , 67 , 0 , 7 , 109 , 93 , 170 , 452 , 425 , 410 , 400 , 369 , 397 , 373 , 369 , 366 , 382 , 430 , 425 , 
RegressionTest0::test37 , 14 , 72 , 101 , 111 , 110 , 96 , 7 , 120 , 72 , 101 , 96 , 14 , 9 , 312 , 72 , 307 , 12 , 67 , 62 , 72 , 170 , 67 , 312 , 14 , 101 , 52 , 94 , 96 , 47 , 50 , 170 , 99 , 7 , 65 , 65 , 7 , 0 , 104 , 89 , 174 , 454 , 424 , 410 , 402 , 371 , 398 , 375 , 372 , 361 , 386 , 431 , 428 , 
RegressionTest0::test38 , 109 , 157 , 160 , 9 , 9 , 158 , 111 , 183 , 160 , 163 , 160 , 109 , 101 , 345 , 160 , 342 , 106 , 153 , 156 , 157 , 140 , 156 , 346 , 106 , 160 , 68 , 160 , 153 , 63 , 66 , 143 , 161 , 102 , 154 , 150 , 109 , 104 , 0 , 158 , 145 , 457 , 446 , 407 , 451 , 397 , 431 , 400 , 394 , 359 , 389 , 462 , 461 , 
RegressionTest0::test39 , 94 , 44 , 14 , 163 , 160 , 9 , 92 , 79 , 40 , 14 , 9 , 96 , 96 , 244 , 44 , 240 , 99 , 39 , 32 , 44 , 221 , 39 , 241 , 96 , 14 , 105 , 9 , 9 , 99 , 100 , 220 , 12 , 91 , 37 , 37 , 93 , 89 , 158 , 0 , 224 , 431 , 382 , 357 , 347 , 366 , 326 , 313 , 316 , 312 , 345 , 358 , 353 , 
RegressionTest0::test40 , 168 , 217 , 221 , 140 , 143 , 223 , 173 , 244 , 219 , 217 , 223 , 165 , 173 , 413 , 216 , 416 , 168 , 220 , 221 , 215 , 9 , 221 , 415 , 171 , 221 , 127 , 224 , 221 , 132 , 128 , 7 , 222 , 170 , 221 , 217 , 170 , 174 , 145 , 224 , 0 , 501 , 490 , 477 , 515 , 439 , 497 , 451 , 434 , 432 , 445 , 534 , 531 , 
DataUtilTest::testCharset , 448 , 433 , 431 , 457 , 455 , 431 , 449 , 430 , 432 , 432 , 432 , 449 , 452 , 411 , 434 , 413 , 450 , 431 , 433 , 433 , 501 , 434 , 411 , 448 , 431 , 457 , 432 , 429 , 458 , 454 , 498 , 430 , 450 , 432 , 431 , 452 , 454 , 457 , 431 , 501 , 0 , 174 , 420 , 463 , 451 , 440 , 428 , 432 , 414 , 436 , 454 , 449 , 
DataUtilTest::testQuotedCharset , 423 , 396 , 380 , 446 , 444 , 380 , 424 , 394 , 392 , 381 , 380 , 424 , 423 , 321 , 394 , 320 , 424 , 395 , 400 , 394 , 488 , 398 , 322 , 423 , 383 , 430 , 377 , 383 , 430 , 428 , 487 , 379 , 423 , 395 , 398 , 425 , 424 , 446 , 382 , 490 , 174 , 0 , 329 , 365 , 417 , 349 , 350 , 356 , 322 , 411 , 345 , 346 , 
DataUtilTest::discardsSpuriousByteOrderMark , 406 , 370 , 355 , 410 , 407 , 355 , 408 , 358 , 365 , 355 , 355 , 409 , 408 , 271 , 368 , 272 , 412 , 364 , 368 , 367 , 474 , 367 , 270 , 409 , 358 , 384 , 353 , 357 , 387 , 382 , 475 , 352 , 406 , 365 , 366 , 410 , 410 , 407 , 357 , 477 , 420 , 329 , 0 , 284 , 403 , 267 , 318 , 299 , 233 , 386 , 283 , 283 , 
DataUtil_ESTest::test0 , 391 , 343 , 338 , 448 , 445 , 340 , 396 , 339 , 337 , 338 , 345 , 395 , 400 , 186 , 342 , 187 , 398 , 344 , 349 , 340 , 518 , 347 , 184 , 395 , 343 , 424 , 342 , 345 , 426 , 420 , 513 , 337 , 397 , 344 , 347 , 400 , 402 , 451 , 347 , 515 , 463 , 365 , 284 , 0 , 345 , 183 , 275 , 258 , 210 , 370 , 147 , 142 , 
DataUtil_ESTest::test1 , 362 , 350 , 363 , 395 , 394 , 363 , 368 , 348 , 349 , 362 , 365 , 365 , 369 , 373 , 348 , 374 , 367 , 348 , 351 , 350 , 440 , 352 , 374 , 366 , 364 , 391 , 365 , 364 , 393 , 390 , 436 , 361 , 368 , 351 , 350 , 369 , 371 , 397 , 366 , 439 , 451 , 417 , 403 , 345 , 0 , 338 , 254 , 163 , 342 , 242 , 410 , 403 , 
DataUtil_ESTest::test2 , 390 , 343 , 319 , 429 , 426 , 320 , 395 , 354 , 339 , 318 , 323 , 392 , 396 , 204 , 341 , 206 , 395 , 344 , 349 , 341 , 498 , 345 , 201 , 392 , 320 , 407 , 320 , 323 , 408 , 405 , 494 , 315 , 395 , 344 , 347 , 397 , 398 , 431 , 326 , 497 , 440 , 349 , 267 , 183 , 338 , 0 , 261 , 206 , 164 , 353 , 171 , 183 , 
DataUtil_ESTest::test3 , 366 , 324 , 305 , 399 , 396 , 309 , 371 , 321 , 319 , 307 , 312 , 369 , 372 , 254 , 322 , 255 , 371 , 324 , 329 , 321 , 454 , 327 , 253 , 368 , 309 , 381 , 309 , 311 , 383 , 377 , 448 , 303 , 370 , 323 , 325 , 373 , 375 , 400 , 313 , 451 , 428 , 350 , 318 , 275 , 254 , 261 , 0 , 153 , 265 , 217 , 284 , 284 , 
DataUtil_ESTest::test4 , 362 , 325 , 310 , 391 , 389 , 311 , 367 , 320 , 320 , 310 , 314 , 365 , 369 , 258 , 323 , 260 , 367 , 325 , 330 , 322 , 437 , 328 , 259 , 363 , 311 , 376 , 312 , 314 , 378 , 373 , 434 , 307 , 367 , 324 , 327 , 369 , 372 , 394 , 316 , 434 , 432 , 356 , 299 , 258 , 163 , 206 , 153 , 0 , 275 , 243 , 276 , 272 , 
DataUtil_ESTest::test5 , 370 , 337 , 320 , 364 , 363 , 317 , 366 , 340 , 335 , 322 , 317 , 371 , 366 , 213 , 336 , 214 , 371 , 332 , 327 , 335 , 427 , 332 , 214 , 371 , 321 , 330 , 315 , 317 , 325 , 330 , 432 , 320 , 366 , 330 , 331 , 366 , 361 , 359 , 312 , 432 , 414 , 322 , 233 , 210 , 342 , 164 , 265 , 275 , 0 , 356 , 206 , 205 , 
DataUtil_ESTest::test6 , 382 , 353 , 345 , 386 , 385 , 345 , 381 , 364 , 357 , 345 , 344 , 382 , 384 , 365 , 355 , 366 , 381 , 356 , 355 , 355 , 446 , 354 , 367 , 380 , 343 , 391 , 346 , 344 , 395 , 390 , 444 , 347 , 383 , 356 , 354 , 382 , 386 , 389 , 345 , 445 , 436 , 411 , 386 , 370 , 242 , 353 , 217 , 243 , 356 , 0 , 400 , 399 , 
DataUtil_ESTest::test7 , 422 , 373 , 350 , 460 , 457 , 353 , 426 , 366 , 367 , 350 , 355 , 425 , 430 , 158 , 370 , 160 , 427 , 372 , 377 , 370 , 537 , 375 , 155 , 425 , 353 , 436 , 352 , 355 , 439 , 434 , 532 , 348 , 427 , 372 , 375 , 430 , 431 , 462 , 358 , 534 , 454 , 345 , 283 , 147 , 410 , 171 , 284 , 276 , 206 , 400 , 0 , 22 , 
DataUtil_ESTest::test8 , 418 , 368 , 345 , 460 , 457 , 348 , 423 , 360 , 362 , 345 , 350 , 420 , 425 , 157 , 365 , 158 , 423 , 366 , 372 , 365 , 534 , 370 , 154 , 420 , 348 , 431 , 348 , 349 , 434 , 429 , 529 , 343 , 423 , 367 , 370 , 425 , 428 , 461 , 353 , 531 , 449 , 346 , 283 , 142 , 403 , 183 , 284 , 272 , 205 , 399 , 22 , 0 , 
The time of execution of above matrix is :975.5258560180664
