: , RegressionTest0::test01 , RegressionTest0::test02 , RegressionTest0::test03 , RegressionTest0::test04 , RegressionTest0::test05 , RegressionTest0::test06 , RegressionTest0::test07 , RegressionTest0::test08 , RegressionTest0::test09 , RegressionTest0::test10 , RegressionTest0::test11 , RegressionTest0::test12 , RegressionTest0::test13 , RegressionTest0::test14 , RegressionTest0::test15 , RegressionTest0::test16 , RegressionTest0::test17 , RegressionTest0::test18 , RegressionTest0::test19 , RegressionTest0::test20 , RegressionTest0::test21 , RegressionTest0::test22 , RegressionTest0::test23 , RegressionTest0::test24 , RegressionTest0::test25 , RegressionTest0::test26 , RegressionTest0::test27 , RegressionTest0::test28 , RegressionTest0::test29 , RegressionTest0::test30 , RegressionTest0::test31 , RegressionTest0::test32 , RegressionTest0::test33 , RegressionTest0::test34 , RegressionTest0::test35 , RegressionTest0::test36 , RegressionTest0::test37 , RegressionTest0::test38 , RegressionTest0::test39 , RegressionTest0::test40 , RegressionTest0::test41 , RegressionTest0::test42 , RegressionTest0::test43 , RegressionTest0::test44 , RegressionTest0::test45 , RegressionTest0::test46 , RegressionTest0::test47 , RegressionTest0::test48 , RegressionTest0::test49 , RegressionTest0::test50 , RegressionTest0::test51 , RegressionTest0::test52 , RegressionTest0::test53 , RegressionTest0::test54 , RegressionTest0::test55 , RegressionTest0::test56 , RegressionTest0::test57 , RegressionTest0::test58 , RegressionTest0::test59 , RegressionTest0::test60 , RegressionTest0::test61 , RegressionTest0::test62 , RegressionTest0::test63 , RegressionTest0::test64 , RegressionTest0::test65 , RegressionTest0::test66 , RegressionTest0::test67 , RegressionTest0::test68 , RegressionTest0::test69 , RegressionTest0::test70 , RegressionTest0::test71 , RegressionTest0::test72 , RegressionTest0::test73 , RegressionTest0::test74 , RegressionTest0::test75 , RegressionTest0::test76 , RegressionTest0::test77 , RegressionTest0::test78 , RegressionTest0::test79 , RegressionTest0::test80 , RegressionTest0::test81 , RegressionTest0::test82 , RegressionTest0::test83 , RegressionTest0::test84 , RegressionTest0::test85 , RegressionTest0::test86 , DataUtilTest::testCharset , DataUtilTest::testQuotedCharset , DataUtilTest::discardsSpuriousByteOrderMark , DataUtilTest::discardsSpuriousByteOrderMarkWhenNoCharsetSet , DataUtilTest::shouldNotThrowExceptionOnEmptyCharset , DataUtilTest::shouldSelectFirstCharsetOnWeirdMultileCharsetsInMetaTags , DataUtilTest::shouldCorrectCharsetForDuplicateCharsetString , DataUtilTest::shouldReturnNullForIllegalCharsetNames , DataUtil_ESTest::test00 , DataUtil_ESTest::test01 , DataUtil_ESTest::test02 , DataUtil_ESTest::test03 , DataUtil_ESTest::test04 , DataUtil_ESTest::test05 , DataUtil_ESTest::test06 , DataUtil_ESTest::test07 , DataUtil_ESTest::test08 , DataUtil_ESTest::test09 , DataUtil_ESTest::test10 , DataUtil_ESTest::test11 , 
RegressionTest0::test01 , 0 , 260 , 3 , 91 , 62 , 35 , 261 , 35 , 65 , 104 , 65 , 224 , 260 , 65 , 62 , 65 , 360 , 62 , 466 , 89 , 191 , 64 , 260 , 64 , 261 , 65 , 33 , 62 , 33 , 64 , 65 , 65 , 64 , 177 , 33 , 305 , 65 , 261 , 831 , 111 , 98 , 703 , 112 , 9994 , 9994 , 260 , 64 , 224 , 65 , 65 , 66 , 99 , 936 , 64 , 336 , 206 , 65 , 810 , 9992 , 99 , 35 , 77 , 261 , 67 , 964 , 261 , 261 , 295 , 261 , 65 , 823 , 67 , 66 , 261 , 91 , 439 , 21 , 64 , 362 , 328 , 66 , 65 , 1964 , 261 , 471 , 346 , 346 , 325 , 334 , 341 , 407 , 451 , 450 , 457 , 280 , 288 , 284 , 304 , 330 , 352 , 313 , 356 , 373 , 452 , 446 , 452 , 
RegressionTest0::test02 , 260 , 0 , 260 , 201 , 221 , 277 , 4 , 276 , 218 , 188 , 221 , 427 , 4 , 220 , 219 , 218 , 566 , 220 , 687 , 201 , 411 , 220 , 3 , 220 , 3 , 220 , 277 , 221 , 276 , 221 , 220 , 220 , 220 , 386 , 277 , 520 , 221 , 3 , 1028 , 207 , 201 , 913 , 207 , 10227 , 10227 , 4 , 219 , 433 , 220 , 219 , 220 , 201 , 1135 , 221 , 537 , 403 , 222 , 1006 , 10226 , 200 , 277 , 295 , 2 , 221 , 1181 , 4 , 6 , 508 , 5 , 223 , 1038 , 223 , 221 , 4 , 201 , 651 , 267 , 219 , 567 , 526 , 224 , 221 , 2190 , 5 , 689 , 557 , 291 , 231 , 184 , 264 , 182 , 214 , 214 , 223 , 214 , 237 , 253 , 247 , 228 , 160 , 242 , 209 , 183 , 212 , 206 , 214 , 
RegressionTest0::test03 , 3 , 260 , 0 , 91 , 63 , 35 , 262 , 34 , 65 , 106 , 65 , 224 , 260 , 65 , 63 , 65 , 360 , 64 , 466 , 91 , 191 , 65 , 261 , 64 , 262 , 65 , 34 , 63 , 34 , 63 , 65 , 65 , 64 , 177 , 35 , 304 , 64 , 261 , 829 , 112 , 98 , 701 , 112 , 9992 , 9991 , 261 , 64 , 223 , 64 , 64 , 64 , 98 , 934 , 63 , 334 , 204 , 63 , 808 , 9991 , 98 , 34 , 75 , 261 , 65 , 961 , 261 , 262 , 295 , 262 , 65 , 824 , 66 , 65 , 261 , 91 , 439 , 21 , 63 , 360 , 328 , 66 , 66 , 1963 , 262 , 471 , 347 , 346 , 326 , 336 , 340 , 409 , 453 , 452 , 459 , 282 , 288 , 283 , 305 , 331 , 353 , 314 , 357 , 375 , 454 , 448 , 454 , 
RegressionTest0::test04 , 91 , 201 , 91 , 0 , 44 , 119 , 202 , 119 , 46 , 36 , 45 , 276 , 202 , 45 , 44 , 46 , 415 , 44 , 526 , 4 , 249 , 45 , 202 , 46 , 202 , 44 , 117 , 45 , 119 , 44 , 45 , 45 , 45 , 232 , 117 , 357 , 46 , 202 , 873 , 41 , 26 , 748 , 41 , 10054 , 10054 , 201 , 47 , 278 , 46 , 44 , 46 , 27 , 984 , 45 , 385 , 256 , 47 , 857 , 10053 , 27 , 119 , 135 , 201 , 46 , 1019 , 201 , 204 , 345 , 204 , 46 , 878 , 47 , 47 , 202 , 5 , 493 , 106 , 45 , 416 , 374 , 48 , 48 , 2015 , 204 , 529 , 402 , 318 , 294 , 307 , 309 , 353 , 393 , 393 , 399 , 230 , 239 , 248 , 257 , 300 , 321 , 261 , 306 , 319 , 390 , 387 , 390 , 
RegressionTest0::test05 , 62 , 221 , 63 , 44 , 0 , 89 , 219 , 89 , 7 , 60 , 6 , 255 , 220 , 8 , 6 , 8 , 392 , 4 , 505 , 44 , 227 , 6 , 221 , 6 , 220 , 6 , 91 , 4 , 90 , 6 , 5 , 8 , 7 , 207 , 90 , 331 , 8 , 221 , 859 , 66 , 52 , 732 , 66 , 10031 , 10031 , 220 , 8 , 254 , 8 , 10 , 8 , 53 , 964 , 6 , 360 , 233 , 6 , 838 , 10030 , 53 , 91 , 109 , 221 , 11 , 996 , 220 , 220 , 325 , 220 , 6 , 855 , 7 , 7 , 219 , 44 , 461 , 75 , 5 , 392 , 351 , 7 , 7 , 1994 , 220 , 507 , 378 , 319 , 297 , 297 , 315 , 372 , 413 , 413 , 419 , 247 , 245 , 256 , 262 , 303 , 316 , 274 , 327 , 343 , 412 , 410 , 412 , 
RegressionTest0::test06 , 35 , 277 , 35 , 119 , 89 , 0 , 276 , 7 , 92 , 133 , 92 , 197 , 277 , 93 , 93 , 93 , 332 , 92 , 496 , 118 , 223 , 91 , 277 , 92 , 277 , 89 , 8 , 91 , 8 , 91 , 89 , 93 , 92 , 205 , 6 , 335 , 93 , 277 , 805 , 122 , 126 , 729 , 121 , 9986 , 9987 , 278 , 92 , 252 , 92 , 95 , 92 , 127 , 911 , 92 , 310 , 180 , 93 , 782 , 9986 , 127 , 8 , 106 , 278 , 95 , 989 , 277 , 276 , 324 , 275 , 91 , 850 , 91 , 90 , 276 , 118 , 465 , 29 , 93 , 332 , 297 , 88 , 92 , 1982 , 276 , 496 , 352 , 357 , 341 , 345 , 347 , 425 , 469 , 468 , 475 , 310 , 312 , 298 , 277 , 339 , 364 , 323 , 368 , 390 , 470 , 464 , 470 , 
RegressionTest0::test07 , 261 , 4 , 262 , 202 , 219 , 276 , 0 , 276 , 218 , 187 , 220 , 426 , 4 , 220 , 218 , 220 , 567 , 220 , 688 , 202 , 411 , 220 , 3 , 219 , 4 , 220 , 278 , 219 , 278 , 220 , 219 , 220 , 218 , 387 , 278 , 521 , 220 , 4 , 1029 , 208 , 202 , 915 , 208 , 10227 , 10227 , 4 , 221 , 436 , 222 , 221 , 220 , 202 , 1137 , 222 , 538 , 404 , 223 , 1009 , 10226 , 202 , 278 , 296 , 6 , 223 , 1182 , 5 , 4 , 508 , 4 , 221 , 1037 , 222 , 220 , 6 , 203 , 652 , 268 , 220 , 569 , 525 , 222 , 221 , 2190 , 4 , 689 , 557 , 293 , 233 , 181 , 265 , 182 , 214 , 214 , 223 , 214 , 235 , 253 , 246 , 227 , 160 , 242 , 208 , 182 , 212 , 206 , 214 , 
RegressionTest0::test08 , 35 , 276 , 34 , 119 , 89 , 7 , 276 , 0 , 89 , 132 , 91 , 197 , 277 , 92 , 93 , 91 , 333 , 92 , 496 , 118 , 223 , 92 , 277 , 91 , 278 , 91 , 8 , 91 , 6 , 91 , 91 , 92 , 92 , 205 , 8 , 334 , 92 , 278 , 805 , 121 , 125 , 731 , 122 , 9987 , 9987 , 279 , 91 , 251 , 92 , 94 , 93 , 127 , 911 , 93 , 310 , 181 , 91 , 782 , 9986 , 126 , 10 , 104 , 278 , 94 , 991 , 277 , 278 , 326 , 277 , 92 , 853 , 92 , 92 , 277 , 118 , 467 , 30 , 92 , 334 , 299 , 92 , 92 , 1983 , 276 , 498 , 352 , 357 , 341 , 346 , 348 , 426 , 469 , 468 , 475 , 310 , 314 , 299 , 280 , 341 , 364 , 322 , 369 , 389 , 470 , 463 , 469 , 
RegressionTest0::test09 , 65 , 218 , 65 , 46 , 7 , 92 , 218 , 89 , 0 , 59 , 6 , 256 , 220 , 6 , 6 , 3 , 393 , 8 , 502 , 46 , 228 , 8 , 218 , 6 , 219 , 7 , 93 , 8 , 90 , 8 , 7 , 5 , 6 , 206 , 93 , 332 , 8 , 220 , 857 , 69 , 55 , 733 , 69 , 10030 , 10030 , 221 , 7 , 253 , 9 , 8 , 7 , 55 , 963 , 9 , 361 , 234 , 11 , 836 , 10029 , 54 , 93 , 108 , 220 , 9 , 996 , 220 , 221 , 325 , 221 , 10 , 854 , 10 , 7 , 221 , 46 , 462 , 81 , 7 , 394 , 354 , 10 , 6 , 1995 , 220 , 505 , 379 , 319 , 294 , 299 , 317 , 371 , 413 , 413 , 418 , 249 , 247 , 256 , 264 , 303 , 314 , 273 , 327 , 343 , 412 , 409 , 411 , 
RegressionTest0::test10 , 104 , 188 , 106 , 36 , 60 , 133 , 187 , 132 , 59 , 0 , 60 , 293 , 188 , 60 , 58 , 60 , 432 , 60 , 543 , 35 , 266 , 61 , 188 , 60 , 188 , 61 , 131 , 61 , 133 , 61 , 61 , 60 , 60 , 245 , 131 , 374 , 62 , 189 , 895 , 43 , 29 , 772 , 44 , 10073 , 10073 , 188 , 61 , 292 , 62 , 60 , 61 , 29 , 1002 , 62 , 402 , 271 , 64 , 875 , 10072 , 29 , 134 , 151 , 189 , 63 , 1036 , 189 , 188 , 363 , 189 , 63 , 893 , 64 , 62 , 189 , 38 , 507 , 121 , 60 , 435 , 393 , 64 , 61 , 2037 , 188 , 545 , 418 , 306 , 284 , 295 , 290 , 335 , 371 , 371 , 377 , 215 , 225 , 232 , 242 , 288 , 301 , 249 , 284 , 315 , 369 , 367 , 368 , 
RegressionTest0::test11 , 65 , 221 , 65 , 45 , 6 , 92 , 220 , 91 , 6 , 60 , 0 , 255 , 221 , 8 , 7 , 8 , 393 , 6 , 505 , 45 , 229 , 5 , 220 , 7 , 220 , 6 , 91 , 6 , 92 , 6 , 5 , 6 , 8 , 208 , 92 , 332 , 9 , 222 , 856 , 67 , 53 , 734 , 67 , 10030 , 10030 , 222 , 9 , 254 , 6 , 9 , 8 , 53 , 965 , 7 , 360 , 232 , 6 , 837 , 10029 , 52 , 92 , 110 , 222 , 9 , 997 , 221 , 221 , 325 , 222 , 7 , 856 , 8 , 9 , 222 , 46 , 463 , 79 , 9 , 394 , 354 , 9 , 10 , 1995 , 221 , 507 , 379 , 319 , 297 , 299 , 316 , 371 , 413 , 413 , 419 , 248 , 247 , 257 , 264 , 304 , 314 , 274 , 328 , 343 , 413 , 410 , 412 , 
RegressionTest0::test12 , 224 , 427 , 224 , 276 , 255 , 197 , 426 , 197 , 256 , 293 , 255 , 0 , 426 , 255 , 256 , 256 , 163 , 253 , 329 , 275 , 34 , 255 , 425 , 256 , 428 , 255 , 197 , 254 , 197 , 255 , 255 , 256 , 255 , 83 , 197 , 180 , 256 , 428 , 649 , 282 , 286 , 567 , 282 , 9836 , 9836 , 428 , 257 , 97 , 256 , 258 , 256 , 286 , 755 , 257 , 156 , 58 , 257 , 628 , 9835 , 286 , 199 , 186 , 428 , 259 , 836 , 428 , 427 , 159 , 427 , 255 , 694 , 256 , 256 , 429 , 275 , 326 , 220 , 256 , 166 , 135 , 256 , 256 , 1825 , 427 , 332 , 188 , 432 , 442 , 461 , 441 , 568 , 625 , 624 , 628 , 436 , 398 , 387 , 361 , 445 , 494 , 422 , 456 , 508 , 621 , 612 , 620 , 
RegressionTest0::test13 , 260 , 4 , 260 , 202 , 220 , 277 , 4 , 277 , 220 , 188 , 221 , 426 , 0 , 219 , 218 , 220 , 567 , 220 , 688 , 202 , 409 , 220 , 4 , 220 , 4 , 220 , 277 , 221 , 276 , 220 , 220 , 220 , 220 , 387 , 278 , 520 , 222 , 5 , 1030 , 208 , 202 , 915 , 208 , 10227 , 10227 , 4 , 221 , 435 , 220 , 221 , 219 , 201 , 1135 , 221 , 537 , 403 , 223 , 1009 , 10226 , 201 , 278 , 297 , 6 , 223 , 1181 , 6 , 6 , 508 , 6 , 223 , 1038 , 224 , 222 , 6 , 203 , 652 , 268 , 219 , 568 , 526 , 224 , 221 , 2190 , 6 , 690 , 558 , 293 , 233 , 184 , 264 , 182 , 215 , 215 , 223 , 213 , 236 , 254 , 247 , 228 , 161 , 241 , 208 , 183 , 212 , 207 , 214 , 
RegressionTest0::test14 , 65 , 220 , 65 , 45 , 8 , 93 , 220 , 92 , 6 , 60 , 8 , 255 , 219 , 0 , 6 , 4 , 393 , 8 , 504 , 45 , 229 , 7 , 220 , 6 , 220 , 8 , 93 , 8 , 92 , 8 , 8 , 4 , 6 , 207 , 93 , 331 , 8 , 221 , 858 , 69 , 54 , 734 , 69 , 10030 , 10030 , 221 , 8 , 254 , 10 , 6 , 7 , 54 , 963 , 10 , 362 , 234 , 11 , 837 , 10029 , 55 , 93 , 109 , 220 , 8 , 996 , 220 , 220 , 325 , 221 , 9 , 856 , 8 , 7 , 221 , 46 , 462 , 82 , 6 , 394 , 355 , 11 , 8 , 1996 , 221 , 507 , 380 , 319 , 296 , 300 , 317 , 370 , 414 , 414 , 420 , 249 , 246 , 256 , 264 , 305 , 316 , 271 , 327 , 341 , 412 , 410 , 412 , 
RegressionTest0::test15 , 62 , 219 , 63 , 44 , 6 , 93 , 218 , 93 , 6 , 58 , 7 , 256 , 218 , 6 , 0 , 5 , 392 , 5 , 505 , 44 , 228 , 8 , 219 , 6 , 218 , 8 , 92 , 6 , 91 , 8 , 8 , 6 , 6 , 208 , 92 , 332 , 8 , 219 , 860 , 66 , 52 , 732 , 65 , 10032 , 10032 , 218 , 8 , 255 , 9 , 6 , 6 , 51 , 965 , 8 , 362 , 235 , 9 , 838 , 10031 , 52 , 93 , 111 , 219 , 9 , 998 , 219 , 219 , 323 , 219 , 10 , 857 , 11 , 8 , 218 , 46 , 462 , 79 , 5 , 396 , 354 , 10 , 7 , 1996 , 218 , 508 , 380 , 317 , 295 , 299 , 316 , 371 , 412 , 412 , 418 , 245 , 245 , 254 , 262 , 304 , 316 , 272 , 325 , 341 , 410 , 408 , 410 , 
RegressionTest0::test16 , 65 , 218 , 65 , 46 , 8 , 93 , 220 , 91 , 3 , 60 , 8 , 256 , 220 , 4 , 5 , 0 , 391 , 8 , 502 , 46 , 229 , 8 , 219 , 6 , 219 , 7 , 93 , 8 , 90 , 8 , 8 , 5 , 6 , 206 , 93 , 333 , 8 , 220 , 857 , 69 , 55 , 733 , 69 , 10030 , 10030 , 221 , 7 , 253 , 9 , 8 , 7 , 55 , 963 , 9 , 361 , 235 , 11 , 835 , 10029 , 54 , 93 , 109 , 220 , 9 , 996 , 221 , 221 , 326 , 221 , 9 , 855 , 10 , 8 , 221 , 46 , 462 , 82 , 6 , 395 , 355 , 11 , 7 , 1996 , 220 , 504 , 379 , 319 , 294 , 300 , 317 , 373 , 413 , 413 , 419 , 248 , 246 , 256 , 264 , 305 , 315 , 273 , 327 , 342 , 412 , 409 , 411 , 
RegressionTest0::test17 , 360 , 566 , 360 , 415 , 392 , 332 , 567 , 333 , 393 , 432 , 393 , 163 , 567 , 393 , 392 , 391 , 0 , 392 , 199 , 412 , 192 , 391 , 567 , 394 , 567 , 391 , 333 , 392 , 332 , 392 , 393 , 394 , 394 , 235 , 331 , 109 , 394 , 567 , 530 , 418 , 423 , 440 , 419 , 9700 , 9700 , 567 , 393 , 200 , 392 , 392 , 394 , 423 , 633 , 393 , 84 , 211 , 393 , 515 , 9699 , 423 , 335 , 326 , 567 , 394 , 710 , 567 , 567 , 115 , 567 , 392 , 563 , 392 , 394 , 567 , 413 , 220 , 355 , 394 , 10 , 90 , 392 , 393 , 1709 , 567 , 201 , 35 , 544 , 550 , 579 , 546 , 706 , 764 , 764 , 769 , 574 , 533 , 521 , 496 , 561 , 634 , 557 , 588 , 638 , 760 , 752 , 759 , 
RegressionTest0::test18 , 62 , 220 , 64 , 44 , 4 , 92 , 220 , 92 , 8 , 60 , 6 , 253 , 220 , 8 , 5 , 8 , 392 , 0 , 504 , 43 , 227 , 5 , 220 , 8 , 220 , 6 , 92 , 5 , 91 , 6 , 6 , 8 , 8 , 207 , 91 , 332 , 10 , 221 , 858 , 67 , 53 , 731 , 66 , 10031 , 10031 , 219 , 9 , 253 , 7 , 9 , 8 , 52 , 965 , 6 , 360 , 233 , 8 , 839 , 10030 , 53 , 93 , 111 , 220 , 11 , 998 , 221 , 221 , 324 , 221 , 8 , 856 , 9 , 10 , 220 , 46 , 463 , 79 , 6 , 394 , 353 , 8 , 9 , 1996 , 220 , 508 , 379 , 318 , 296 , 298 , 316 , 372 , 412 , 413 , 418 , 247 , 246 , 256 , 263 , 304 , 315 , 274 , 327 , 343 , 412 , 410 , 412 , 
RegressionTest0::test19 , 466 , 687 , 466 , 526 , 505 , 496 , 688 , 496 , 502 , 543 , 505 , 329 , 688 , 504 , 505 , 502 , 199 , 504 , 0 , 523 , 299 , 504 , 687 , 505 , 687 , 504 , 497 , 505 , 495 , 506 , 505 , 504 , 506 , 342 , 497 , 230 , 505 , 688 , 502 , 549 , 535 , 299 , 549 , 9563 , 9564 , 689 , 503 , 308 , 503 , 505 , 505 , 535 , 590 , 506 , 258 , 372 , 504 , 505 , 9563 , 535 , 498 , 433 , 688 , 506 , 535 , 689 , 689 , 234 , 689 , 505 , 483 , 505 , 504 , 689 , 523 , 164 , 485 , 506 , 200 , 266 , 505 , 504 , 1576 , 686 , 7 , 187 , 626 , 645 , 696 , 645 , 825 , 888 , 888 , 891 , 679 , 638 , 641 , 652 , 665 , 757 , 679 , 700 , 755 , 884 , 873 , 883 , 
RegressionTest0::test20 , 89 , 201 , 91 , 4 , 44 , 118 , 202 , 118 , 46 , 35 , 45 , 275 , 202 , 45 , 44 , 46 , 412 , 43 , 523 , 0 , 247 , 43 , 202 , 46 , 202 , 45 , 117 , 45 , 118 , 45 , 45 , 46 , 46 , 233 , 117 , 358 , 48 , 203 , 876 , 40 , 27 , 747 , 41 , 10053 , 10053 , 201 , 47 , 277 , 46 , 44 , 47 , 27 , 983 , 46 , 385 , 259 , 47 , 856 , 10052 , 28 , 119 , 137 , 203 , 48 , 1019 , 203 , 203 , 343 , 203 , 47 , 875 , 47 , 48 , 203 , 4 , 494 , 106 , 46 , 415 , 373 , 48 , 47 , 2017 , 204 , 527 , 401 , 318 , 295 , 307 , 309 , 353 , 393 , 393 , 399 , 230 , 240 , 248 , 257 , 300 , 321 , 261 , 307 , 318 , 390 , 387 , 390 , 
RegressionTest0::test21 , 191 , 411 , 191 , 249 , 227 , 223 , 411 , 223 , 228 , 266 , 229 , 34 , 409 , 229 , 228 , 229 , 192 , 227 , 299 , 247 , 0 , 228 , 410 , 228 , 412 , 229 , 222 , 227 , 222 , 228 , 228 , 229 , 228 , 53 , 223 , 149 , 229 , 413 , 676 , 273 , 259 , 542 , 273 , 9839 , 9839 , 411 , 228 , 66 , 227 , 229 , 228 , 258 , 781 , 229 , 180 , 81 , 230 , 656 , 9838 , 258 , 223 , 157 , 412 , 231 , 807 , 413 , 412 , 130 , 413 , 229 , 667 , 230 , 229 , 413 , 248 , 296 , 211 , 228 , 194 , 164 , 230 , 228 , 1809 , 411 , 304 , 183 , 418 , 428 , 445 , 430 , 551 , 609 , 609 , 612 , 411 , 374 , 375 , 386 , 429 , 480 , 413 , 441 , 494 , 606 , 596 , 605 , 
RegressionTest0::test22 , 64 , 220 , 65 , 45 , 6 , 91 , 220 , 92 , 8 , 61 , 5 , 255 , 220 , 7 , 8 , 8 , 391 , 5 , 504 , 43 , 228 , 0 , 220 , 7 , 219 , 5 , 92 , 6 , 92 , 5 , 5 , 8 , 8 , 208 , 92 , 331 , 10 , 221 , 858 , 68 , 54 , 734 , 68 , 10030 , 10030 , 220 , 7 , 253 , 6 , 8 , 9 , 53 , 963 , 8 , 359 , 232 , 7 , 838 , 10029 , 53 , 92 , 110 , 222 , 11 , 996 , 222 , 221 , 325 , 221 , 7 , 857 , 9 , 10 , 221 , 45 , 464 , 81 , 9 , 393 , 354 , 9 , 10 , 1994 , 222 , 507 , 380 , 319 , 297 , 298 , 316 , 372 , 414 , 414 , 420 , 249 , 246 , 256 , 263 , 305 , 316 , 272 , 328 , 343 , 413 , 411 , 413 , 
RegressionTest0::test23 , 260 , 3 , 261 , 202 , 221 , 277 , 3 , 277 , 218 , 188 , 220 , 425 , 4 , 220 , 219 , 219 , 567 , 220 , 687 , 202 , 410 , 220 , 0 , 219 , 3 , 219 , 276 , 220 , 277 , 221 , 220 , 219 , 219 , 387 , 277 , 521 , 221 , 4 , 1029 , 208 , 202 , 914 , 208 , 10227 , 10227 , 4 , 220 , 435 , 221 , 221 , 220 , 201 , 1136 , 222 , 537 , 402 , 224 , 1009 , 10226 , 201 , 278 , 296 , 5 , 223 , 1182 , 6 , 5 , 507 , 5 , 222 , 1037 , 223 , 221 , 6 , 203 , 652 , 268 , 220 , 569 , 525 , 224 , 221 , 2190 , 5 , 689 , 558 , 291 , 232 , 182 , 264 , 181 , 215 , 215 , 222 , 213 , 237 , 254 , 248 , 228 , 159 , 242 , 209 , 182 , 212 , 206 , 214 , 
RegressionTest0::test24 , 64 , 220 , 64 , 46 , 6 , 92 , 219 , 91 , 6 , 60 , 7 , 256 , 220 , 6 , 6 , 6 , 394 , 8 , 505 , 46 , 228 , 7 , 219 , 0 , 217 , 7 , 90 , 7 , 92 , 8 , 8 , 5 , 5 , 207 , 91 , 332 , 6 , 221 , 859 , 68 , 54 , 733 , 69 , 10030 , 10030 , 221 , 5 , 255 , 10 , 8 , 5 , 54 , 963 , 8 , 358 , 232 , 8 , 838 , 10029 , 55 , 93 , 110 , 221 , 7 , 997 , 220 , 221 , 326 , 221 , 9 , 856 , 10 , 7 , 220 , 46 , 463 , 80 , 6 , 395 , 354 , 11 , 7 , 1996 , 221 , 508 , 380 , 317 , 296 , 299 , 317 , 372 , 414 , 414 , 420 , 249 , 246 , 256 , 263 , 305 , 316 , 273 , 326 , 342 , 412 , 410 , 412 , 
RegressionTest0::test25 , 261 , 3 , 262 , 202 , 220 , 277 , 4 , 278 , 219 , 188 , 220 , 428 , 4 , 220 , 218 , 219 , 567 , 220 , 687 , 202 , 412 , 219 , 3 , 217 , 0 , 219 , 277 , 221 , 277 , 221 , 219 , 219 , 220 , 385 , 277 , 521 , 222 , 4 , 1030 , 208 , 202 , 916 , 208 , 10227 , 10227 , 5 , 220 , 434 , 222 , 221 , 220 , 201 , 1134 , 221 , 537 , 402 , 223 , 1008 , 10226 , 202 , 279 , 297 , 4 , 222 , 1182 , 5 , 6 , 508 , 5 , 223 , 1038 , 223 , 222 , 5 , 202 , 652 , 269 , 220 , 570 , 526 , 224 , 222 , 2190 , 5 , 689 , 558 , 293 , 233 , 184 , 263 , 182 , 214 , 214 , 223 , 212 , 237 , 254 , 247 , 228 , 161 , 242 , 209 , 183 , 212 , 206 , 214 , 
RegressionTest0::test26 , 65 , 220 , 65 , 44 , 6 , 89 , 220 , 91 , 7 , 61 , 6 , 255 , 220 , 8 , 8 , 7 , 391 , 6 , 504 , 45 , 229 , 5 , 219 , 7 , 219 , 0 , 90 , 6 , 91 , 5 , 6 , 8 , 8 , 207 , 91 , 333 , 10 , 220 , 856 , 68 , 54 , 734 , 68 , 10030 , 10030 , 221 , 9 , 253 , 7 , 9 , 7 , 53 , 962 , 5 , 359 , 232 , 9 , 837 , 10029 , 54 , 92 , 110 , 222 , 11 , 996 , 222 , 222 , 326 , 221 , 8 , 856 , 8 , 9 , 221 , 46 , 462 , 81 , 9 , 393 , 354 , 7 , 10 , 1995 , 222 , 505 , 379 , 319 , 297 , 299 , 316 , 372 , 414 , 414 , 420 , 249 , 245 , 256 , 263 , 305 , 314 , 272 , 327 , 343 , 413 , 411 , 413 , 
RegressionTest0::test27 , 33 , 277 , 34 , 117 , 91 , 8 , 278 , 8 , 93 , 131 , 91 , 197 , 277 , 93 , 92 , 93 , 333 , 92 , 497 , 117 , 222 , 92 , 276 , 90 , 277 , 90 , 0 , 90 , 8 , 90 , 92 , 93 , 92 , 206 , 7 , 335 , 93 , 279 , 806 , 121 , 126 , 730 , 122 , 9987 , 9987 , 277 , 92 , 253 , 92 , 92 , 92 , 125 , 909 , 92 , 307 , 180 , 92 , 785 , 9985 , 126 , 9 , 106 , 278 , 95 , 990 , 278 , 278 , 325 , 278 , 91 , 851 , 94 , 94 , 278 , 119 , 468 , 30 , 94 , 335 , 301 , 93 , 93 , 1984 , 278 , 500 , 354 , 356 , 341 , 347 , 349 , 426 , 469 , 468 , 475 , 309 , 315 , 299 , 281 , 342 , 366 , 323 , 370 , 390 , 470 , 464 , 470 , 
RegressionTest0::test28 , 62 , 221 , 63 , 45 , 4 , 91 , 219 , 91 , 8 , 61 , 6 , 254 , 221 , 8 , 6 , 8 , 392 , 5 , 505 , 45 , 227 , 6 , 220 , 7 , 221 , 6 , 90 , 0 , 88 , 5 , 5 , 7 , 5 , 207 , 90 , 331 , 8 , 220 , 857 , 66 , 52 , 733 , 66 , 10030 , 10030 , 220 , 9 , 255 , 8 , 9 , 9 , 53 , 964 , 7 , 359 , 233 , 6 , 837 , 10029 , 52 , 90 , 109 , 221 , 11 , 996 , 220 , 221 , 324 , 220 , 6 , 854 , 8 , 9 , 221 , 46 , 462 , 78 , 8 , 394 , 351 , 9 , 9 , 1995 , 222 , 508 , 378 , 320 , 297 , 299 , 315 , 372 , 414 , 414 , 420 , 248 , 247 , 257 , 264 , 304 , 316 , 274 , 328 , 344 , 413 , 411 , 413 , 
RegressionTest0::test29 , 33 , 276 , 34 , 119 , 90 , 8 , 278 , 6 , 90 , 133 , 92 , 197 , 276 , 92 , 91 , 90 , 332 , 91 , 495 , 118 , 222 , 92 , 277 , 92 , 277 , 91 , 8 , 88 , 0 , 90 , 91 , 91 , 92 , 204 , 7 , 334 , 93 , 276 , 806 , 122 , 126 , 731 , 122 , 9986 , 9987 , 278 , 92 , 251 , 92 , 94 , 94 , 127 , 910 , 92 , 311 , 180 , 92 , 780 , 9985 , 125 , 7 , 105 , 277 , 95 , 991 , 278 , 278 , 325 , 278 , 92 , 853 , 94 , 94 , 278 , 118 , 465 , 28 , 92 , 335 , 301 , 93 , 93 , 1984 , 277 , 498 , 350 , 356 , 339 , 347 , 349 , 426 , 469 , 468 , 474 , 309 , 314 , 300 , 281 , 342 , 365 , 323 , 370 , 389 , 471 , 464 , 470 , 
RegressionTest0::test30 , 64 , 221 , 63 , 44 , 6 , 91 , 220 , 91 , 8 , 61 , 6 , 255 , 220 , 8 , 8 , 8 , 392 , 6 , 506 , 45 , 228 , 5 , 221 , 8 , 221 , 5 , 90 , 5 , 90 , 0 , 5 , 7 , 8 , 208 , 91 , 332 , 9 , 222 , 858 , 68 , 54 , 735 , 68 , 10030 , 10030 , 222 , 10 , 255 , 7 , 9 , 8 , 53 , 963 , 7 , 358 , 232 , 8 , 838 , 10029 , 52 , 91 , 110 , 222 , 11 , 996 , 222 , 222 , 326 , 222 , 7 , 857 , 9 , 10 , 222 , 46 , 464 , 80 , 8 , 394 , 353 , 8 , 10 , 1996 , 221 , 508 , 380 , 319 , 297 , 299 , 315 , 372 , 414 , 413 , 419 , 249 , 247 , 257 , 264 , 305 , 315 , 274 , 327 , 343 , 413 , 411 , 413 , 
RegressionTest0::test31 , 65 , 220 , 65 , 45 , 5 , 89 , 219 , 91 , 7 , 61 , 5 , 255 , 220 , 8 , 8 , 8 , 393 , 6 , 505 , 45 , 228 , 5 , 220 , 8 , 219 , 6 , 92 , 5 , 91 , 5 , 0 , 7 , 8 , 206 , 92 , 332 , 10 , 221 , 858 , 68 , 54 , 734 , 68 , 10030 , 10030 , 221 , 9 , 254 , 7 , 10 , 8 , 54 , 964 , 8 , 360 , 234 , 7 , 837 , 10029 , 53 , 90 , 110 , 221 , 10 , 996 , 221 , 221 , 325 , 220 , 8 , 856 , 8 , 8 , 221 , 46 , 464 , 80 , 9 , 393 , 352 , 7 , 9 , 1994 , 221 , 507 , 380 , 320 , 297 , 297 , 315 , 372 , 414 , 414 , 420 , 249 , 246 , 256 , 262 , 303 , 316 , 273 , 328 , 344 , 413 , 411 , 413 , 
RegressionTest0::test32 , 65 , 220 , 65 , 45 , 8 , 93 , 220 , 92 , 5 , 60 , 6 , 256 , 220 , 4 , 6 , 5 , 394 , 8 , 504 , 46 , 229 , 8 , 219 , 5 , 219 , 8 , 93 , 7 , 91 , 7 , 7 , 0 , 6 , 207 , 92 , 332 , 8 , 221 , 857 , 69 , 54 , 733 , 69 , 10030 , 10030 , 221 , 8 , 255 , 10 , 7 , 7 , 55 , 965 , 9 , 361 , 232 , 10 , 837 , 10029 , 54 , 93 , 109 , 220 , 6 , 996 , 219 , 221 , 326 , 221 , 10 , 855 , 9 , 8 , 221 , 47 , 463 , 82 , 6 , 395 , 355 , 11 , 7 , 1997 , 221 , 507 , 379 , 318 , 296 , 300 , 317 , 372 , 414 , 413 , 419 , 249 , 247 , 256 , 264 , 304 , 315 , 273 , 327 , 342 , 412 , 410 , 412 , 
RegressionTest0::test33 , 64 , 220 , 64 , 45 , 7 , 92 , 218 , 92 , 6 , 60 , 8 , 255 , 220 , 6 , 6 , 6 , 394 , 8 , 506 , 46 , 228 , 8 , 219 , 5 , 220 , 8 , 92 , 5 , 92 , 8 , 8 , 6 , 0 , 205 , 90 , 330 , 5 , 220 , 857 , 68 , 54 , 733 , 68 , 10030 , 10030 , 220 , 7 , 255 , 10 , 8 , 7 , 55 , 963 , 10 , 359 , 233 , 10 , 837 , 10029 , 55 , 93 , 107 , 219 , 7 , 997 , 218 , 220 , 325 , 219 , 7 , 856 , 10 , 7 , 220 , 47 , 464 , 81 , 7 , 396 , 352 , 11 , 7 , 1995 , 221 , 509 , 380 , 318 , 296 , 300 , 316 , 372 , 414 , 414 , 420 , 249 , 247 , 256 , 264 , 304 , 316 , 272 , 327 , 343 , 412 , 410 , 412 , 
RegressionTest0::test34 , 177 , 386 , 177 , 232 , 207 , 205 , 387 , 205 , 206 , 245 , 208 , 83 , 387 , 207 , 208 , 206 , 235 , 207 , 342 , 233 , 53 , 208 , 387 , 207 , 385 , 207 , 206 , 207 , 204 , 208 , 206 , 207 , 205 , 0 , 204 , 176 , 207 , 386 , 700 , 251 , 237 , 570 , 251 , 9857 , 9857 , 388 , 208 , 82 , 209 , 210 , 207 , 238 , 805 , 209 , 207 , 35 , 208 , 683 , 9856 , 238 , 207 , 131 , 385 , 207 , 834 , 387 , 387 , 161 , 388 , 208 , 695 , 209 , 208 , 388 , 233 , 311 , 195 , 207 , 237 , 192 , 208 , 209 , 1838 , 386 , 345 , 221 , 404 , 415 , 424 , 414 , 532 , 588 , 587 , 592 , 392 , 357 , 352 , 366 , 420 , 463 , 386 , 450 , 475 , 584 , 577 , 583 , 
RegressionTest0::test35 , 33 , 277 , 35 , 117 , 90 , 6 , 278 , 8 , 93 , 131 , 92 , 197 , 278 , 93 , 92 , 93 , 331 , 91 , 497 , 117 , 223 , 92 , 277 , 91 , 277 , 91 , 7 , 90 , 7 , 91 , 92 , 92 , 90 , 204 , 0 , 334 , 93 , 277 , 806 , 121 , 126 , 731 , 122 , 9987 , 9987 , 277 , 92 , 253 , 92 , 94 , 93 , 127 , 911 , 91 , 308 , 180 , 93 , 783 , 9985 , 127 , 8 , 104 , 276 , 93 , 989 , 276 , 278 , 326 , 278 , 92 , 852 , 93 , 93 , 277 , 119 , 467 , 30 , 93 , 335 , 301 , 92 , 93 , 1985 , 278 , 499 , 353 , 355 , 340 , 347 , 349 , 426 , 469 , 468 , 475 , 310 , 313 , 299 , 281 , 342 , 365 , 323 , 370 , 390 , 470 , 464 , 470 , 
RegressionTest0::test36 , 305 , 520 , 304 , 357 , 331 , 335 , 521 , 334 , 332 , 374 , 332 , 180 , 520 , 331 , 332 , 333 , 109 , 332 , 230 , 358 , 149 , 331 , 521 , 332 , 521 , 333 , 335 , 331 , 334 , 332 , 332 , 332 , 330 , 176 , 334 , 0 , 332 , 522 , 579 , 379 , 364 , 458 , 379 , 9731 , 9731 , 522 , 332 , 149 , 331 , 330 , 333 , 364 , 694 , 333 , 37 , 205 , 332 , 560 , 9730 , 364 , 334 , 263 , 520 , 332 , 724 , 519 , 521 , 53 , 521 , 332 , 580 , 331 , 333 , 522 , 358 , 186 , 322 , 333 , 111 , 85 , 333 , 332 , 1723 , 520 , 233 , 95 , 512 , 521 , 542 , 519 , 656 , 718 , 718 , 723 , 517 , 481 , 480 , 493 , 524 , 592 , 516 , 543 , 590 , 714 , 706 , 713 , 
RegressionTest0::test37 , 65 , 221 , 64 , 46 , 8 , 93 , 220 , 92 , 8 , 62 , 9 , 256 , 222 , 8 , 8 , 8 , 394 , 10 , 505 , 48 , 229 , 10 , 221 , 6 , 222 , 10 , 93 , 8 , 93 , 9 , 10 , 8 , 5 , 207 , 93 , 332 , 0 , 220 , 855 , 69 , 55 , 733 , 69 , 10028 , 10028 , 221 , 4 , 253 , 8 , 8 , 6 , 55 , 963 , 8 , 358 , 232 , 7 , 836 , 10027 , 55 , 92 , 108 , 221 , 6 , 996 , 220 , 220 , 325 , 220 , 7 , 855 , 9 , 7 , 222 , 48 , 463 , 80 , 8 , 395 , 353 , 9 , 8 , 1994 , 222 , 507 , 379 , 320 , 297 , 301 , 318 , 373 , 416 , 416 , 422 , 251 , 247 , 257 , 265 , 307 , 318 , 275 , 328 , 344 , 414 , 412 , 414 , 
RegressionTest0::test38 , 261 , 3 , 261 , 202 , 221 , 277 , 4 , 278 , 220 , 189 , 222 , 428 , 5 , 221 , 219 , 220 , 567 , 221 , 688 , 203 , 413 , 221 , 4 , 221 , 4 , 220 , 279 , 220 , 276 , 222 , 221 , 221 , 220 , 386 , 277 , 522 , 220 , 0 , 1028 , 207 , 201 , 913 , 207 , 10226 , 10226 , 3 , 220 , 433 , 221 , 220 , 219 , 201 , 1134 , 220 , 538 , 403 , 223 , 1007 , 10225 , 201 , 277 , 297 , 4 , 222 , 1181 , 5 , 5 , 508 , 5 , 222 , 1037 , 222 , 220 , 6 , 202 , 651 , 268 , 219 , 568 , 526 , 223 , 222 , 2190 , 6 , 691 , 558 , 294 , 232 , 184 , 264 , 183 , 215 , 215 , 224 , 215 , 237 , 254 , 247 , 229 , 162 , 243 , 210 , 183 , 213 , 207 , 215 , 
RegressionTest0::test39 , 831 , 1028 , 829 , 873 , 859 , 805 , 1029 , 805 , 857 , 895 , 856 , 649 , 1030 , 858 , 860 , 857 , 530 , 858 , 502 , 876 , 676 , 858 , 1029 , 859 , 1030 , 856 , 806 , 857 , 806 , 858 , 858 , 857 , 857 , 700 , 806 , 579 , 855 , 1028 , 0 , 875 , 879 , 483 , 875 , 9268 , 9268 , 1030 , 856 , 675 , 854 , 858 , 857 , 880 , 206 , 855 , 554 , 674 , 857 , 179 , 9267 , 880 , 804 , 787 , 1028 , 856 , 399 , 1028 , 1028 , 585 , 1026 , 856 , 253 , 856 , 858 , 1029 , 875 , 540 , 827 , 858 , 531 , 563 , 855 , 858 , 1282 , 1029 , 501 , 555 , 932 , 964 , 1019 , 947 , 1165 , 1232 , 1231 , 1238 , 1020 , 991 , 971 , 952 , 996 , 1088 , 1008 , 1031 , 1088 , 1227 , 1217 , 1226 , 
RegressionTest0::test40 , 111 , 207 , 112 , 41 , 66 , 122 , 208 , 121 , 69 , 43 , 67 , 282 , 208 , 69 , 66 , 69 , 418 , 67 , 549 , 40 , 273 , 68 , 208 , 68 , 208 , 68 , 121 , 66 , 122 , 68 , 68 , 69 , 68 , 251 , 121 , 379 , 69 , 207 , 875 , 0 , 16 , 772 , 2 , 10061 , 10061 , 207 , 69 , 297 , 67 , 66 , 67 , 18 , 984 , 67 , 385 , 258 , 67 , 857 , 10060 , 18 , 120 , 157 , 207 , 69 , 1037 , 206 , 207 , 367 , 207 , 69 , 895 , 69 , 69 , 207 , 41 , 510 , 100 , 67 , 418 , 376 , 70 , 69 , 2036 , 208 , 551 , 397 , 320 , 298 , 312 , 310 , 356 , 390 , 390 , 398 , 241 , 248 , 246 , 248 , 301 , 324 , 250 , 305 , 331 , 389 , 388 , 389 , 
RegressionTest0::test41 , 98 , 201 , 98 , 26 , 52 , 126 , 202 , 125 , 55 , 29 , 53 , 286 , 202 , 54 , 52 , 55 , 423 , 53 , 535 , 27 , 259 , 54 , 202 , 54 , 202 , 54 , 126 , 52 , 126 , 54 , 54 , 54 , 54 , 237 , 126 , 364 , 55 , 201 , 879 , 16 , 0 , 759 , 17 , 10059 , 10059 , 201 , 55 , 283 , 53 , 51 , 53 , 3 , 990 , 53 , 391 , 261 , 53 , 863 , 10058 , 3 , 125 , 143 , 201 , 55 , 1025 , 199 , 201 , 352 , 201 , 55 , 882 , 54 , 55 , 201 , 27 , 496 , 112 , 53 , 423 , 381 , 56 , 56 , 2025 , 202 , 537 , 409 , 317 , 293 , 308 , 306 , 348 , 385 , 385 , 392 , 227 , 234 , 243 , 251 , 296 , 318 , 260 , 299 , 326 , 383 , 382 , 383 , 
RegressionTest0::test42 , 703 , 913 , 701 , 748 , 732 , 729 , 915 , 731 , 733 , 772 , 734 , 567 , 915 , 734 , 732 , 733 , 440 , 731 , 299 , 747 , 542 , 734 , 914 , 733 , 916 , 734 , 730 , 733 , 731 , 735 , 734 , 733 , 733 , 570 , 731 , 458 , 733 , 913 , 483 , 772 , 759 , 0 , 771 , 9346 , 9347 , 913 , 733 , 534 , 732 , 733 , 732 , 759 , 508 , 731 , 486 , 595 , 732 , 472 , 9346 , 759 , 730 , 656 , 913 , 733 , 518 , 914 , 914 , 460 , 914 , 733 , 418 , 733 , 733 , 914 , 746 , 348 , 717 , 732 , 439 , 488 , 733 , 733 , 1389 , 914 , 300 , 433 , 825 , 842 , 922 , 865 , 1051 , 1118 , 1117 , 1124 , 904 , 866 , 867 , 878 , 882 , 982 , 903 , 923 , 980 , 1114 , 1103 , 1113 , 
RegressionTest0::test43 , 112 , 207 , 112 , 41 , 66 , 121 , 208 , 122 , 69 , 44 , 67 , 282 , 208 , 69 , 65 , 69 , 419 , 66 , 549 , 41 , 273 , 68 , 208 , 69 , 208 , 68 , 122 , 66 , 122 , 68 , 68 , 69 , 68 , 251 , 122 , 379 , 69 , 207 , 875 , 2 , 17 , 771 , 0 , 10061 , 10061 , 207 , 69 , 297 , 67 , 66 , 67 , 17 , 984 , 67 , 386 , 258 , 67 , 857 , 10060 , 18 , 120 , 157 , 207 , 69 , 1037 , 206 , 207 , 366 , 207 , 69 , 896 , 69 , 70 , 207 , 42 , 511 , 101 , 68 , 419 , 375 , 69 , 69 , 2035 , 207 , 551 , 398 , 320 , 298 , 312 , 309 , 355 , 390 , 390 , 398 , 241 , 249 , 247 , 248 , 300 , 324 , 250 , 305 , 331 , 389 , 388 , 389 , 
RegressionTest0::test44 , 9994 , 10227 , 9992 , 10054 , 10031 , 9986 , 10227 , 9987 , 10030 , 10073 , 10030 , 9836 , 10227 , 10030 , 10032 , 10030 , 9700 , 10031 , 9563 , 10053 , 9839 , 10030 , 10227 , 10030 , 10227 , 10030 , 9987 , 10030 , 9986 , 10030 , 10030 , 10030 , 10030 , 9857 , 9987 , 9731 , 10028 , 10226 , 9268 , 10061 , 10059 , 9346 , 10061 , 0 , 4 , 10227 , 10028 , 9810 , 10028 , 10029 , 10029 , 10059 , 9172 , 10029 , 9726 , 9855 , 10027 , 9292 , 7 , 10059 , 9985 , 9948 , 10225 , 10027 , 9104 , 10225 , 10225 , 9743 , 10225 , 10028 , 9232 , 10027 , 10028 , 10225 , 10051 , 9597 , 9992 , 10030 , 9698 , 9739 , 10027 , 10028 , 8243 , 10225 , 9561 , 9706 , 10034 , 10100 , 10186 , 10071 , 10361 , 10435 , 10434 , 10440 , 10194 , 10145 , 10135 , 10133 , 10107 , 10274 , 10177 , 10170 , 10251 , 10430 , 10415 , 10429 , 
RegressionTest0::test45 , 9994 , 10227 , 9991 , 10054 , 10031 , 9987 , 10227 , 9987 , 10030 , 10073 , 10030 , 9836 , 10227 , 10030 , 10032 , 10030 , 9700 , 10031 , 9564 , 10053 , 9839 , 10030 , 10227 , 10030 , 10227 , 10030 , 9987 , 10030 , 9987 , 10030 , 10030 , 10030 , 10030 , 9857 , 9987 , 9731 , 10028 , 10226 , 9268 , 10061 , 10059 , 9347 , 10061 , 4 , 0 , 10227 , 10028 , 9810 , 10028 , 10029 , 10029 , 10059 , 9173 , 10029 , 9726 , 9855 , 10027 , 9293 , 7 , 10059 , 9985 , 9948 , 10225 , 10027 , 9103 , 10225 , 10225 , 9744 , 10225 , 10028 , 9232 , 10027 , 10028 , 10225 , 10051 , 9597 , 9991 , 10030 , 9698 , 9740 , 10027 , 10028 , 8244 , 10225 , 9562 , 9706 , 10034 , 10100 , 10186 , 10071 , 10361 , 10435 , 10434 , 10440 , 10194 , 10145 , 10135 , 10133 , 10107 , 10274 , 10177 , 10170 , 10251 , 10430 , 10415 , 10429 , 
RegressionTest0::test46 , 260 , 4 , 261 , 201 , 220 , 278 , 4 , 279 , 221 , 188 , 222 , 428 , 4 , 221 , 218 , 221 , 567 , 219 , 689 , 201 , 411 , 220 , 4 , 221 , 5 , 221 , 277 , 220 , 278 , 222 , 221 , 221 , 220 , 388 , 277 , 522 , 221 , 3 , 1030 , 207 , 201 , 913 , 207 , 10227 , 10227 , 0 , 219 , 434 , 220 , 219 , 220 , 201 , 1136 , 220 , 538 , 403 , 222 , 1008 , 10226 , 201 , 277 , 296 , 5 , 222 , 1182 , 5 , 5 , 509 , 6 , 223 , 1039 , 224 , 221 , 6 , 203 , 652 , 268 , 219 , 569 , 526 , 224 , 222 , 2190 , 6 , 691 , 559 , 294 , 233 , 184 , 265 , 183 , 215 , 215 , 223 , 214 , 237 , 254 , 248 , 228 , 162 , 242 , 210 , 183 , 212 , 207 , 214 , 
RegressionTest0::test47 , 64 , 219 , 64 , 47 , 8 , 92 , 221 , 91 , 7 , 61 , 9 , 257 , 221 , 8 , 8 , 7 , 393 , 9 , 503 , 47 , 228 , 7 , 220 , 5 , 220 , 9 , 92 , 9 , 92 , 10 , 9 , 8 , 7 , 208 , 92 , 332 , 4 , 220 , 856 , 69 , 55 , 733 , 69 , 10028 , 10028 , 219 , 0 , 250 , 5 , 7 , 6 , 55 , 963 , 8 , 357 , 233 , 6 , 835 , 10027 , 54 , 92 , 107 , 220 , 7 , 995 , 220 , 221 , 325 , 220 , 8 , 855 , 11 , 8 , 221 , 48 , 463 , 80 , 8 , 395 , 353 , 11 , 7 , 1994 , 222 , 506 , 380 , 321 , 296 , 301 , 319 , 373 , 415 , 416 , 421 , 251 , 246 , 255 , 264 , 305 , 318 , 274 , 328 , 345 , 414 , 412 , 414 , 
RegressionTest0::test48 , 224 , 433 , 223 , 278 , 254 , 252 , 436 , 251 , 253 , 292 , 254 , 97 , 435 , 254 , 255 , 253 , 200 , 253 , 308 , 277 , 66 , 253 , 435 , 255 , 434 , 253 , 253 , 255 , 251 , 255 , 254 , 255 , 255 , 82 , 253 , 149 , 253 , 433 , 675 , 297 , 283 , 534 , 297 , 9810 , 9810 , 434 , 250 , 0 , 251 , 253 , 253 , 283 , 779 , 252 , 175 , 110 , 252 , 638 , 9809 , 283 , 252 , 171 , 432 , 253 , 803 , 434 , 434 , 140 , 434 , 254 , 666 , 254 , 253 , 434 , 277 , 266 , 240 , 254 , 200 , 170 , 254 , 255 , 1806 , 434 , 312 , 187 , 429 , 431 , 472 , 444 , 576 , 635 , 634 , 640 , 438 , 401 , 397 , 414 , 447 , 510 , 438 , 475 , 521 , 631 , 624 , 630 , 
RegressionTest0::test49 , 65 , 220 , 64 , 46 , 8 , 92 , 222 , 92 , 9 , 62 , 6 , 256 , 220 , 10 , 9 , 9 , 392 , 7 , 503 , 46 , 227 , 6 , 221 , 10 , 222 , 7 , 92 , 8 , 92 , 7 , 7 , 10 , 10 , 209 , 92 , 331 , 8 , 221 , 854 , 67 , 53 , 732 , 67 , 10028 , 10028 , 220 , 5 , 251 , 0 , 8 , 8 , 53 , 962 , 6 , 356 , 233 , 7 , 836 , 10027 , 51 , 92 , 108 , 221 , 9 , 993 , 222 , 222 , 324 , 222 , 7 , 855 , 9 , 10 , 222 , 47 , 463 , 80 , 9 , 393 , 353 , 9 , 8 , 1994 , 223 , 507 , 379 , 321 , 297 , 301 , 318 , 374 , 415 , 416 , 421 , 250 , 247 , 256 , 265 , 305 , 318 , 274 , 328 , 346 , 415 , 413 , 415 , 
RegressionTest0::test50 , 65 , 219 , 64 , 44 , 10 , 95 , 221 , 94 , 8 , 60 , 9 , 258 , 221 , 6 , 6 , 8 , 392 , 9 , 505 , 44 , 229 , 8 , 221 , 8 , 221 , 9 , 92 , 9 , 94 , 9 , 10 , 7 , 8 , 210 , 94 , 330 , 8 , 220 , 858 , 66 , 51 , 733 , 66 , 10029 , 10029 , 219 , 7 , 253 , 8 , 0 , 6 , 52 , 963 , 10 , 360 , 234 , 8 , 835 , 10028 , 53 , 93 , 110 , 219 , 7 , 996 , 218 , 221 , 324 , 220 , 10 , 856 , 9 , 9 , 220 , 45 , 464 , 82 , 8 , 395 , 355 , 11 , 9 , 1996 , 221 , 508 , 380 , 319 , 295 , 302 , 318 , 373 , 415 , 415 , 421 , 250 , 247 , 254 , 265 , 306 , 318 , 272 , 327 , 343 , 413 , 411 , 413 , 
RegressionTest0::test51 , 66 , 220 , 64 , 46 , 8 , 92 , 220 , 93 , 7 , 61 , 8 , 256 , 219 , 7 , 6 , 7 , 394 , 8 , 505 , 47 , 228 , 9 , 220 , 5 , 220 , 7 , 92 , 9 , 94 , 8 , 8 , 7 , 7 , 207 , 93 , 333 , 6 , 219 , 857 , 67 , 53 , 732 , 67 , 10029 , 10029 , 220 , 6 , 253 , 8 , 6 , 0 , 52 , 962 , 8 , 359 , 232 , 8 , 836 , 10028 , 53 , 92 , 110 , 219 , 8 , 996 , 220 , 221 , 323 , 221 , 10 , 856 , 10 , 6 , 221 , 47 , 463 , 81 , 6 , 395 , 353 , 9 , 8 , 1996 , 221 , 507 , 381 , 318 , 295 , 301 , 317 , 374 , 414 , 414 , 420 , 250 , 245 , 256 , 263 , 306 , 316 , 274 , 326 , 343 , 413 , 411 , 413 , 
RegressionTest0::test52 , 99 , 201 , 98 , 27 , 53 , 127 , 202 , 127 , 55 , 29 , 53 , 286 , 201 , 54 , 51 , 55 , 423 , 52 , 535 , 27 , 258 , 53 , 201 , 54 , 201 , 53 , 125 , 53 , 127 , 53 , 54 , 55 , 55 , 238 , 127 , 364 , 55 , 201 , 880 , 18 , 3 , 759 , 17 , 10059 , 10059 , 201 , 55 , 283 , 53 , 52 , 52 , 0 , 988 , 52 , 390 , 262 , 54 , 863 , 10058 , 3 , 126 , 144 , 201 , 56 , 1026 , 200 , 202 , 352 , 201 , 55 , 882 , 56 , 56 , 201 , 28 , 496 , 114 , 53 , 424 , 382 , 56 , 56 , 2026 , 201 , 537 , 409 , 316 , 293 , 308 , 306 , 347 , 385 , 385 , 392 , 227 , 235 , 243 , 251 , 295 , 318 , 260 , 298 , 326 , 383 , 382 , 383 , 
RegressionTest0::test53 , 936 , 1135 , 934 , 984 , 964 , 911 , 1137 , 911 , 963 , 1002 , 965 , 755 , 1135 , 963 , 965 , 963 , 633 , 965 , 590 , 983 , 781 , 963 , 1136 , 963 , 1134 , 962 , 909 , 964 , 910 , 963 , 964 , 965 , 963 , 805 , 911 , 694 , 963 , 1134 , 206 , 984 , 990 , 508 , 984 , 9172 , 9173 , 1136 , 963 , 779 , 962 , 963 , 962 , 988 , 0 , 962 , 667 , 777 , 963 , 301 , 9171 , 989 , 908 , 894 , 1134 , 963 , 409 , 1134 , 1136 , 699 , 1135 , 962 , 280 , 963 , 963 , 1135 , 981 , 589 , 931 , 963 , 638 , 673 , 963 , 962 , 1200 , 1136 , 591 , 661 , 1034 , 1064 , 1127 , 1055 , 1271 , 1340 , 1338 , 1346 , 1132 , 1097 , 1073 , 1059 , 1097 , 1197 , 1115 , 1142 , 1192 , 1335 , 1323 , 1334 , 
RegressionTest0::test54 , 64 , 221 , 63 , 45 , 6 , 92 , 222 , 93 , 9 , 62 , 7 , 257 , 221 , 10 , 8 , 9 , 393 , 6 , 506 , 46 , 229 , 8 , 222 , 8 , 221 , 5 , 92 , 7 , 92 , 7 , 8 , 9 , 10 , 209 , 91 , 333 , 8 , 220 , 855 , 67 , 53 , 731 , 67 , 10029 , 10029 , 220 , 8 , 252 , 6 , 10 , 8 , 52 , 962 , 0 , 357 , 232 , 6 , 837 , 10028 , 53 , 92 , 108 , 221 , 8 , 995 , 221 , 221 , 326 , 221 , 7 , 856 , 9 , 10 , 222 , 47 , 461 , 78 , 7 , 393 , 354 , 8 , 10 , 1995 , 222 , 506 , 379 , 320 , 298 , 300 , 318 , 373 , 415 , 415 , 421 , 249 , 247 , 257 , 266 , 307 , 317 , 275 , 327 , 344 , 414 , 412 , 414 , 
RegressionTest0::test55 , 336 , 537 , 334 , 385 , 360 , 310 , 538 , 310 , 361 , 402 , 360 , 156 , 537 , 362 , 362 , 361 , 84 , 360 , 258 , 385 , 180 , 359 , 537 , 358 , 537 , 359 , 307 , 359 , 311 , 358 , 360 , 361 , 359 , 207 , 308 , 37 , 358 , 538 , 554 , 385 , 391 , 486 , 386 , 9726 , 9726 , 538 , 357 , 175 , 356 , 360 , 359 , 390 , 667 , 357 , 0 , 179 , 356 , 533 , 9724 , 391 , 309 , 292 , 537 , 358 , 753 , 536 , 538 , 85 , 537 , 358 , 609 , 360 , 361 , 538 , 387 , 216 , 330 , 360 , 81 , 59 , 361 , 358 , 1745 , 537 , 261 , 100 , 529 , 537 , 558 , 533 , 676 , 736 , 736 , 741 , 546 , 508 , 490 , 471 , 540 , 608 , 529 , 561 , 607 , 731 , 723 , 730 , 
RegressionTest0::test56 , 206 , 403 , 204 , 256 , 233 , 180 , 404 , 181 , 234 , 271 , 232 , 58 , 403 , 234 , 235 , 235 , 211 , 233 , 372 , 259 , 81 , 232 , 402 , 232 , 402 , 232 , 180 , 233 , 180 , 232 , 234 , 232 , 233 , 35 , 180 , 205 , 232 , 403 , 674 , 258 , 261 , 595 , 258 , 9855 , 9855 , 403 , 233 , 110 , 233 , 234 , 232 , 262 , 777 , 232 , 179 , 0 , 233 , 655 , 9854 , 263 , 178 , 159 , 402 , 233 , 862 , 401 , 404 , 190 , 403 , 232 , 722 , 232 , 235 , 403 , 259 , 340 , 202 , 233 , 212 , 166 , 234 , 235 , 1859 , 404 , 374 , 230 , 416 , 431 , 440 , 427 , 548 , 605 , 603 , 609 , 419 , 385 , 364 , 343 , 438 , 477 , 397 , 467 , 494 , 601 , 594 , 600 , 
RegressionTest0::test57 , 65 , 222 , 63 , 47 , 6 , 93 , 223 , 91 , 11 , 64 , 6 , 257 , 223 , 11 , 9 , 11 , 393 , 8 , 504 , 47 , 230 , 7 , 224 , 8 , 223 , 9 , 92 , 6 , 92 , 8 , 7 , 10 , 10 , 208 , 93 , 332 , 7 , 223 , 857 , 67 , 53 , 732 , 67 , 10027 , 10027 , 222 , 6 , 252 , 7 , 8 , 8 , 54 , 963 , 6 , 356 , 233 , 0 , 834 , 10026 , 53 , 91 , 108 , 222 , 8 , 994 , 221 , 223 , 325 , 222 , 7 , 855 , 8 , 11 , 223 , 47 , 463 , 78 , 10 , 392 , 353 , 9 , 11 , 1993 , 224 , 506 , 380 , 322 , 298 , 301 , 319 , 374 , 417 , 417 , 423 , 251 , 248 , 257 , 266 , 308 , 319 , 277 , 330 , 347 , 416 , 414 , 416 , 
RegressionTest0::test58 , 810 , 1006 , 808 , 857 , 838 , 782 , 1009 , 782 , 836 , 875 , 837 , 628 , 1009 , 837 , 838 , 835 , 515 , 839 , 505 , 856 , 656 , 838 , 1009 , 838 , 1008 , 837 , 785 , 837 , 780 , 838 , 837 , 837 , 837 , 683 , 783 , 560 , 836 , 1007 , 179 , 857 , 863 , 472 , 857 , 9292 , 9293 , 1008 , 835 , 638 , 836 , 835 , 836 , 863 , 301 , 837 , 533 , 655 , 834 , 0 , 9291 , 862 , 781 , 763 , 1006 , 836 , 329 , 1008 , 1008 , 560 , 1009 , 836 , 154 , 837 , 837 , 1009 , 854 , 542 , 805 , 837 , 515 , 534 , 838 , 836 , 1319 , 1008 , 506 , 536 , 914 , 946 , 1001 , 930 , 1144 , 1211 , 1211 , 1216 , 1006 , 968 , 948 , 931 , 973 , 1071 , 989 , 1014 , 1068 , 1207 , 1196 , 1206 , 
