: , RegressionTest0::test1 , TokeniserState_ESTest::notGeneratedAnyTest , HtmlParserTest::parsesSimpleDocument , HtmlParserTest::parsesRoughAttributes , HtmlParserTest::parsesQuiteRoughAttributes , HtmlParserTest::parsesComments , HtmlParserTest::parsesUnterminatedComments , HtmlParserTest::dropsUnterminatedTag , HtmlParserTest::dropsUnterminatedAttribute , HtmlParserTest::parsesUnterminatedTextarea , HtmlParserTest::parsesUnterminatedOption , HtmlParserTest::testSpaceAfterTag , HtmlParserTest::createsDocumentStructure , HtmlParserTest::createsStructureFromBodySnippet , HtmlParserTest::handlesEscapedData , HtmlParserTest::handlesDataOnlyTags , HtmlParserTest::handlesTextAfterData , HtmlParserTest::handlesTextArea , HtmlParserTest::doesNotCreateImplicitLists , HtmlParserTest::discardsNakedTds , HtmlParserTest::handlesNestedImplicitTable , HtmlParserTest::handlesWhatWgExpensesTableExample , HtmlParserTest::handlesTbodyTable , HtmlParserTest::handlesImplicitCaptionClose , HtmlParserTest::noTableDirectInTable , HtmlParserTest::ignoresDupeEndTrTag , HtmlParserTest::handlesBaseTags , HtmlParserTest::handlesCdata , HtmlParserTest::handlesInvalidStartTags , HtmlParserTest::handlesUnknownTags , HtmlParserTest::handlesUnknownInlineTags , HtmlParserTest::parsesBodyFragment , HtmlParserTest::handlesUnknownNamespaceTags , HtmlParserTest::handlesKnownEmptyBlocks , HtmlParserTest::handlesSolidusAtAttributeEnd , HtmlParserTest::handlesMultiClosingBody , HtmlParserTest::handlesUnclosedDefinitionLists , HtmlParserTest::handlesBlocksInDefinitions , HtmlParserTest::handlesFrames , HtmlParserTest::ignoresContentAfterFrameset , HtmlParserTest::handlesJavadocFont , HtmlParserTest::handlesBaseWithoutHref , HtmlParserTest::normalisesDocument , HtmlParserTest::normalisesEmptyDocument , HtmlParserTest::normalisesHeadlessBody , HtmlParserTest::normalisedBodyAfterContent , HtmlParserTest::findsCharsetInMalformedMeta , HtmlParserTest::testHgroup , HtmlParserTest::testRelaxedTags , HtmlParserTest::testHeaderContents , HtmlParserTest::testSpanContents , HtmlParserTest::testNoImagesInNoScriptInHead , HtmlParserTest::testAFlowContents , HtmlParserTest::testFontFlowContents , HtmlParserTest::handlesMisnestedTagsBI , HtmlParserTest::handlesMisnestedTagsBP , HtmlParserTest::handlesUnexpectedMarkupInTables , HtmlParserTest::handlesUnclosedFormattingElements , HtmlParserTest::reconstructFormattingElements , HtmlParserTest::reconstructFormattingElementsInTable , HtmlParserTest::commentBeforeHtml , HtmlParserTest::emptyTdTag , HtmlParserTest::handlesSolidusInA , HtmlParserTest::handlesSpanInTbody , HtmlParserTest::handlesUnclosedTitleAtEof , HtmlParserTest::handlesUnclosedTitle , HtmlParserTest::handlesUnclosedScriptAtEof , HtmlParserTest::handlesUnclosedRawtextAtEof , HtmlParserTest::noImplicitFormForTextAreas , HtmlParserTest::handlesEscapedScript , HtmlParserTest::handles0CharacterAsText , HtmlParserTest::handlesNullInData , HtmlParserTest::handlesNullInComments , HtmlParserTest::handlesNewlinesAndWhitespaceInTag , HtmlParserTest::handlesWhitespaceInoDocType , HtmlParserTest::tracksErrorsWhenRequested , HtmlParserTest::tracksLimitedErrorsWhenRequested , HtmlParserTest::noErrorsByDefault , HtmlParserTest::handlesCommentsInTable , HtmlParserTest::handlesQuotesInCommentsInScripts , 
RegressionTest0::test1 , 0 , 283 , 315 , 161 , 183 , 368 , 411 , 255 , 189 , 207 , 240 , 185 , 1025 , 189 , 211 , 456 , 185 , 167 , 1135 , 179 , 185 , 186 , 186 , 185 , 186 , 185 , 868 , 276 , 180 , 384 , 196 , 233 , 179 , 672 , 186 , 209 , 432 , 352 , 185 , 185 , 325 , 222 , 185 , 190 , 191 , 191 , 167 , 185 , 186 , 186 , 185 , 191 , 186 , 186 , 186 , 186 , 179 , 187 , 186 , 194 , 185 , 180 , 177 , 231 , 557 , 557 , 2106 , 1020 , 194 , 176 , 194 , 194 , 194 , 194 , 192 , 896 , 593 , 190 , 188 , 191 , 
TokeniserState_ESTest::notGeneratedAnyTest , 283 , 0 , 484 , 328 , 327 , 542 , 602 , 429 , 153 , 373 , 403 , 170 , 1262 , 153 , 354 , 657 , 175 , 273 , 1370 , 197 , 172 , 172 , 172 , 172 , 172 , 172 , 1099 , 430 , 220 , 575 , 212 , 392 , 197 , 882 , 175 , 334 , 621 , 529 , 177 , 177 , 501 , 395 , 177 , 151 , 152 , 152 , 222 , 172 , 172 , 172 , 172 , 152 , 172 , 172 , 175 , 175 , 197 , 257 , 175 , 200 , 177 , 221 , 346 , 363 , 766 , 766 , 2363 , 1249 , 152 , 198 , 152 , 152 , 152 , 152 , 191 , 1123 , 796 , 296 , 180 , 178 , 
HtmlParserTest::parsesSimpleDocument , 315 , 484 , 0 , 173 , 232 , 176 , 182 , 210 , 340 , 219 , 210 , 331 , 820 , 340 , 183 , 290 , 321 , 252 , 921 , 306 , 328 , 328 , 328 , 327 , 328 , 329 , 660 , 194 , 289 , 203 , 291 , 209 , 306 , 492 , 322 , 242 , 290 , 237 , 320 , 322 , 189 , 209 , 322 , 345 , 345 , 343 , 287 , 328 , 328 , 328 , 327 , 343 , 328 , 328 , 320 , 321 , 305 , 260 , 321 , 306 , 321 , 287 , 218 , 224 , 405 , 405 , 1922 , 852 , 348 , 316 , 347 , 349 , 348 , 348 , 321 , 717 , 417 , 267 , 332 , 332 , 
HtmlParserTest::parsesRoughAttributes , 161 , 328 , 173 , 0 , 114 , 251 , 299 , 153 , 184 , 142 , 170 , 187 , 948 , 184 , 94 , 378 , 172 , 104 , 1053 , 162 , 187 , 188 , 188 , 186 , 186 , 186 , 787 , 184 , 148 , 280 , 140 , 166 , 163 , 583 , 170 , 151 , 332 , 257 , 172 , 172 , 214 , 114 , 172 , 196 , 197 , 197 , 139 , 187 , 188 , 188 , 186 , 197 , 188 , 188 , 171 , 171 , 163 , 107 , 170 , 161 , 173 , 150 , 58 , 153 , 503 , 503 , 2050 , 961 , 198 , 176 , 198 , 198 , 198 , 198 , 180 , 827 , 524 , 149 , 183 , 181 , 
HtmlParserTest::parsesQuiteRoughAttributes , 183 , 327 , 232 , 114 , 0 , 291 , 325 , 164 , 181 , 171 , 155 , 171 , 957 , 182 , 139 , 363 , 163 , 154 , 1059 , 139 , 171 , 171 , 171 , 169 , 169 , 170 , 790 , 192 , 135 , 287 , 148 , 126 , 139 , 580 , 156 , 109 , 329 , 230 , 162 , 162 , 219 , 154 , 163 , 190 , 190 , 190 , 135 , 171 , 171 , 172 , 171 , 191 , 172 , 172 , 158 , 160 , 139 , 131 , 156 , 149 , 165 , 136 , 106 , 116 , 498 , 498 , 2045 , 954 , 188 , 165 , 189 , 189 , 188 , 189 , 168 , 831 , 525 , 153 , 175 , 172 , 
HtmlParserTest::parsesComments , 368 , 542 , 176 , 251 , 291 , 0 , 216 , 241 , 399 , 283 , 288 , 389 , 799 , 397 , 262 , 290 , 382 , 313 , 902 , 366 , 390 , 390 , 390 , 387 , 387 , 389 , 657 , 267 , 349 , 252 , 350 , 295 , 367 , 466 , 380 , 306 , 281 , 289 , 382 , 381 , 257 , 292 , 382 , 406 , 406 , 406 , 347 , 390 , 390 , 389 , 388 , 404 , 388 , 389 , 379 , 380 , 364 , 312 , 378 , 361 , 380 , 345 , 268 , 291 , 406 , 406 , 1903 , 847 , 406 , 375 , 405 , 406 , 406 , 407 , 375 , 684 , 409 , 329 , 389 , 389 , 
HtmlParserTest::parsesUnterminatedComments , 411 , 602 , 182 , 299 , 325 , 216 , 0 , 277 , 457 , 282 , 295 , 444 , 771 , 458 , 275 , 308 , 439 , 356 , 864 , 419 , 444 , 443 , 443 , 442 , 442 , 444 , 606 , 272 , 398 , 246 , 410 , 318 , 419 , 446 , 438 , 335 , 299 , 289 , 439 , 440 , 232 , 317 , 440 , 463 , 462 , 463 , 402 , 444 , 443 , 444 , 442 , 461 , 444 , 443 , 438 , 438 , 418 , 371 , 438 , 415 , 439 , 398 , 288 , 304 , 374 , 374 , 1850 , 807 , 468 , 427 , 467 , 468 , 467 , 468 , 431 , 654 , 391 , 366 , 446 , 446 , 
HtmlParserTest::dropsUnterminatedTag , 255 , 429 , 210 , 153 , 164 , 241 , 277 , 0 , 284 , 161 , 189 , 279 , 879 , 284 , 151 , 312 , 268 , 194 , 979 , 256 , 280 , 281 , 281 , 279 , 280 , 280 , 714 , 198 , 235 , 237 , 244 , 185 , 256 , 525 , 267 , 166 , 240 , 215 , 268 , 267 , 196 , 173 , 267 , 292 , 294 , 293 , 237 , 280 , 281 , 281 , 279 , 292 , 281 , 280 , 267 , 267 , 256 , 206 , 267 , 254 , 268 , 236 , 131 , 182 , 443 , 443 , 1967 , 893 , 297 , 266 , 296 , 296 , 296 , 296 , 272 , 773 , 457 , 227 , 274 , 277 , 
HtmlParserTest::dropsUnterminatedAttribute , 189 , 153 , 340 , 184 , 181 , 399 , 457 , 284 , 0 , 236 , 268 , 80 , 1112 , 4 , 210 , 511 , 29 , 139 , 1220 , 52 , 81 , 81 , 81 , 80 , 80 , 81 , 951 , 285 , 75 , 428 , 85 , 248 , 52 , 733 , 30 , 191 , 473 , 380 , 30 , 30 , 352 , 253 , 31 , 62 , 62 , 62 , 77 , 81 , 81 , 81 , 80 , 61 , 81 , 81 , 29 , 30 , 52 , 117 , 30 , 56 , 30 , 77 , 201 , 220 , 632 , 632 , 2212 , 1103 , 59 , 95 , 60 , 60 , 59 , 60 , 57 , 974 , 653 , 174 , 44 , 44 , 
HtmlParserTest::parsesUnterminatedTextarea , 207 , 373 , 219 , 142 , 171 , 283 , 282 , 161 , 236 , 0 , 117 , 219 , 918 , 236 , 168 , 369 , 219 , 119 , 1022 , 204 , 220 , 221 , 220 , 218 , 218 , 218 , 758 , 176 , 181 , 256 , 210 , 149 , 204 , 555 , 218 , 164 , 302 , 256 , 219 , 219 , 175 , 169 , 219 , 233 , 235 , 235 , 198 , 220 , 221 , 221 , 219 , 234 , 220 , 220 , 219 , 219 , 205 , 193 , 219 , 208 , 220 , 183 , 119 , 147 , 467 , 467 , 2006 , 918 , 239 , 203 , 239 , 239 , 240 , 239 , 214 , 796 , 479 , 182 , 225 , 225 , 
HtmlParserTest::parsesUnterminatedOption , 240 , 403 , 210 , 170 , 155 , 288 , 295 , 189 , 268 , 117 , 0 , 248 , 897 , 267 , 161 , 342 , 251 , 151 , 998 , 233 , 248 , 248 , 248 , 247 , 247 , 248 , 735 , 138 , 216 , 210 , 237 , 160 , 233 , 532 , 251 , 181 , 282 , 226 , 250 , 252 , 171 , 154 , 253 , 263 , 264 , 265 , 215 , 248 , 248 , 249 , 248 , 264 , 248 , 248 , 251 , 251 , 232 , 214 , 251 , 237 , 250 , 216 , 170 , 203 , 455 , 455 , 1980 , 895 , 269 , 231 , 270 , 271 , 271 , 270 , 245 , 773 , 458 , 224 , 252 , 251 , 
HtmlParserTest::testSpaceAfterTag , 185 , 170 , 331 , 187 , 171 , 389 , 444 , 279 , 80 , 219 , 248 , 0 , 1096 , 80 , 206 , 499 , 59 , 130 , 1203 , 42 , 6 , 6 , 6 , 6 , 6 , 6 , 932 , 277 , 74 , 416 , 87 , 236 , 40 , 718 , 60 , 183 , 461 , 370 , 61 , 59 , 348 , 246 , 59 , 32 , 33 , 33 , 88 , 6 , 6 , 6 , 6 , 33 , 5 , 5 , 62 , 62 , 42 , 136 , 62 , 72 , 61 , 75 , 199 , 214 , 608 , 608 , 2194 , 1084 , 42 , 55 , 42 , 40 , 42 , 42 , 71 , 959 , 639 , 159 , 67 , 70 , 
HtmlParserTest::createsDocumentStructure , 1025 , 1262 , 820 , 948 , 957 , 799 , 771 , 879 , 1112 , 918 , 897 , 1096 , 0 , 1112 , 929 , 738 , 1093 , 1008 , 588 , 1072 , 1095 , 1096 , 1096 , 1095 , 1095 , 1095 , 576 , 881 , 1052 , 752 , 1060 , 916 , 1072 , 594 , 1092 , 951 , 731 , 795 , 1091 , 1092 , 812 , 919 , 1092 , 1116 , 1116 , 1115 , 1049 , 1095 , 1096 , 1096 , 1095 , 1115 , 1095 , 1095 , 1093 , 1092 , 1073 , 1020 , 1093 , 1072 , 1093 , 1051 , 942 , 928 , 685 , 685 , 1393 , 596 , 1116 , 1078 , 1116 , 1116 , 1116 , 1116 , 1083 , 647 , 707 , 1005 , 1094 , 1092 , 
HtmlParserTest::createsStructureFromBodySnippet , 189 , 153 , 340 , 184 , 182 , 397 , 458 , 284 , 4 , 236 , 267 , 80 , 1112 , 0 , 209 , 510 , 29 , 139 , 1220 , 53 , 81 , 81 , 81 , 78 , 79 , 80 , 950 , 285 , 76 , 428 , 86 , 250 , 53 , 733 , 31 , 191 , 473 , 380 , 29 , 29 , 352 , 254 , 31 , 62 , 62 , 62 , 75 , 81 , 81 , 81 , 79 , 62 , 81 , 81 , 31 , 31 , 52 , 116 , 30 , 55 , 30 , 76 , 202 , 220 , 632 , 632 , 2213 , 1102 , 59 , 96 , 60 , 60 , 60 , 60 , 58 , 974 , 652 , 173 , 45 , 44 , 
HtmlParserTest::handlesEscapedData , 211 , 354 , 183 , 94 , 139 , 262 , 275 , 151 , 210 , 168 , 161 , 206 , 929 , 209 , 0 , 353 , 196 , 117 , 1039 , 176 , 207 , 207 , 205 , 205 , 205 , 206 , 773 , 171 , 160 , 255 , 169 , 144 , 178 , 563 , 196 , 156 , 312 , 225 , 194 , 195 , 199 , 100 , 196 , 223 , 223 , 222 , 159 , 207 , 207 , 207 , 206 , 222 , 206 , 207 , 196 , 196 , 177 , 138 , 196 , 179 , 196 , 165 , 88 , 143 , 484 , 484 , 2027 , 937 , 223 , 194 , 224 , 224 , 224 , 224 , 193 , 812 , 502 , 176 , 204 , 205 , 
HtmlParserTest::handlesDataOnlyTags , 456 , 657 , 290 , 378 , 363 , 290 , 308 , 312 , 511 , 369 , 342 , 499 , 738 , 510 , 353 , 0 , 491 , 421 , 851 , 473 , 499 , 498 , 498 , 497 , 498 , 498 , 590 , 363 , 457 , 272 , 467 , 348 , 474 , 467 , 493 , 393 , 348 , 306 , 492 , 492 , 316 , 360 , 492 , 517 , 516 , 517 , 457 , 499 , 499 , 499 , 497 , 516 , 499 , 498 , 493 , 492 , 474 , 430 , 493 , 475 , 494 , 457 , 371 , 381 , 358 , 358 , 1798 , 762 , 521 , 482 , 518 , 520 , 520 , 520 , 489 , 586 , 391 , 430 , 499 , 501 , 
HtmlParserTest::handlesTextAfterData , 185 , 175 , 321 , 172 , 163 , 382 , 439 , 268 , 29 , 219 , 251 , 59 , 1093 , 29 , 196 , 491 , 0 , 121 , 1201 , 33 , 60 , 60 , 60 , 59 , 59 , 60 , 931 , 268 , 62 , 410 , 75 , 231 , 33 , 713 , 16 , 174 , 454 , 361 , 6 , 6 , 336 , 238 , 4 , 39 , 39 , 39 , 64 , 59 , 59 , 60 , 59 , 40 , 60 , 60 , 16 , 14 , 33 , 116 , 16 , 43 , 6 , 63 , 186 , 202 , 612 , 612 , 2193 , 1085 , 44 , 82 , 43 , 44 , 44 , 43 , 43 , 956 , 636 , 166 , 25 , 34 , 
HtmlParserTest::handlesTextArea , 167 , 273 , 252 , 104 , 154 , 313 , 356 , 194 , 139 , 119 , 151 , 130 , 1008 , 139 , 117 , 421 , 121 , 0 , 1111 , 115 , 130 , 130 , 129 , 127 , 128 , 128 , 841 , 194 , 119 , 332 , 125 , 187 , 116 , 632 , 122 , 164 , 379 , 289 , 120 , 121 , 257 , 161 , 122 , 137 , 138 , 138 , 106 , 129 , 129 , 129 , 128 , 137 , 129 , 130 , 121 , 122 , 115 , 135 , 121 , 128 , 121 , 118 , 102 , 160 , 530 , 530 , 2095 , 997 , 142 , 111 , 142 , 143 , 142 , 142 , 123 , 870 , 550 , 137 , 128 , 130 , 
HtmlParserTest::doesNotCreateImplicitLists , 1135 , 1370 , 921 , 1053 , 1059 , 902 , 864 , 979 , 1220 , 1022 , 998 , 1203 , 588 , 1220 , 1039 , 851 , 1201 , 1111 , 0 , 1178 , 1201 , 1201 , 1203 , 1202 , 1202 , 1202 , 619 , 977 , 1155 , 855 , 1168 , 1014 , 1177 , 648 , 1200 , 1057 , 825 , 894 , 1200 , 1199 , 916 , 1019 , 1199 , 1223 , 1222 , 1223 , 1154 , 1201 , 1201 , 1202 , 1201 , 1222 , 1202 , 1201 , 1201 , 1201 , 1178 , 1128 , 1201 , 1177 , 1201 , 1156 , 1045 , 1029 , 760 , 760 , 1309 , 616 , 1224 , 1181 , 1223 , 1224 , 1223 , 1224 , 1191 , 682 , 803 , 1103 , 1200 , 1202 , 
HtmlParserTest::discardsNakedTds , 179 , 197 , 306 , 162 , 139 , 366 , 419 , 256 , 52 , 204 , 233 , 42 , 1072 , 53 , 176 , 473 , 33 , 115 , 1178 , 0 , 38 , 38 , 39 , 39 , 38 , 40 , 907 , 247 , 41 , 387 , 65 , 207 , 4 , 689 , 27 , 157 , 433 , 337 , 31 , 31 , 317 , 221 , 31 , 63 , 62 , 62 , 55 , 40 , 40 , 40 , 40 , 62 , 39 , 40 , 27 , 27 , 5 , 108 , 29 , 43 , 33 , 44 , 170 , 187 , 596 , 596 , 2170 , 1061 , 59 , 74 , 59 , 59 , 59 , 59 , 42 , 938 , 616 , 152 , 44 , 45 , 
HtmlParserTest::handlesNestedImplicitTable , 185 , 172 , 328 , 187 , 171 , 390 , 444 , 280 , 81 , 220 , 248 , 6 , 1095 , 81 , 207 , 499 , 60 , 130 , 1201 , 38 , 0 , 2 , 3 , 4 , 4 , 2 , 930 , 275 , 70 , 414 , 88 , 235 , 40 , 717 , 60 , 184 , 461 , 368 , 59 , 59 , 346 , 244 , 59 , 31 , 31 , 31 , 86 , 2 , 4 , 4 , 4 , 31 , 4 , 3 , 60 , 60 , 41 , 136 , 62 , 72 , 61 , 75 , 197 , 214 , 608 , 608 , 2192 , 1082 , 42 , 55 , 42 , 42 , 42 , 42 , 71 , 957 , 640 , 158 , 66 , 70 , 
HtmlParserTest::handlesWhatWgExpensesTableExample , 186 , 172 , 328 , 188 , 171 , 390 , 443 , 281 , 81 , 221 , 248 , 6 , 1096 , 81 , 207 , 498 , 60 , 130 , 1201 , 38 , 2 , 0 , 3 , 4 , 4 , 4 , 930 , 275 , 72 , 413 , 88 , 235 , 40 , 717 , 60 , 184 , 461 , 367 , 59 , 59 , 346 , 244 , 59 , 31 , 29 , 31 , 86 , 4 , 2 , 4 , 4 , 31 , 4 , 4 , 60 , 60 , 41 , 136 , 62 , 72 , 61 , 75 , 198 , 214 , 607 , 607 , 2192 , 1082 , 42 , 55 , 42 , 42 , 42 , 42 , 71 , 958 , 639 , 158 , 66 , 70 , 
HtmlParserTest::handlesTbodyTable , 186 , 172 , 328 , 188 , 171 , 390 , 443 , 281 , 81 , 220 , 248 , 6 , 1096 , 81 , 205 , 498 , 60 , 129 , 1203 , 39 , 3 , 3 , 0 , 3 , 3 , 3 , 930 , 274 , 72 , 414 , 88 , 235 , 40 , 717 , 60 , 184 , 460 , 368 , 59 , 59 , 345 , 244 , 59 , 32 , 31 , 29 , 86 , 4 , 4 , 3 , 5 , 32 , 5 , 5 , 61 , 61 , 40 , 135 , 61 , 71 , 61 , 75 , 198 , 214 , 608 , 608 , 2192 , 1082 , 41 , 55 , 42 , 42 , 42 , 42 , 71 , 958 , 639 , 157 , 65 , 69 , 
HtmlParserTest::handlesImplicitCaptionClose , 185 , 172 , 327 , 186 , 169 , 387 , 442 , 279 , 80 , 218 , 247 , 6 , 1095 , 78 , 205 , 497 , 59 , 127 , 1202 , 39 , 4 , 4 , 3 , 0 , 2 , 2 , 929 , 273 , 71 , 412 , 87 , 234 , 39 , 716 , 59 , 182 , 459 , 366 , 58 , 58 , 344 , 242 , 58 , 32 , 31 , 31 , 84 , 4 , 4 , 5 , 5 , 33 , 6 , 6 , 61 , 61 , 39 , 133 , 59 , 69 , 60 , 74 , 196 , 213 , 607 , 607 , 2192 , 1083 , 42 , 55 , 42 , 42 , 42 , 42 , 70 , 958 , 638 , 158 , 64 , 67 , 
HtmlParserTest::noTableDirectInTable , 186 , 172 , 328 , 186 , 169 , 387 , 442 , 280 , 80 , 218 , 247 , 6 , 1095 , 79 , 205 , 498 , 59 , 128 , 1202 , 38 , 4 , 4 , 3 , 2 , 0 , 2 , 929 , 273 , 71 , 412 , 88 , 234 , 39 , 715 , 59 , 183 , 459 , 366 , 58 , 58 , 343 , 243 , 58 , 32 , 31 , 31 , 85 , 4 , 4 , 5 , 6 , 33 , 5 , 6 , 61 , 61 , 39 , 133 , 59 , 69 , 60 , 74 , 197 , 213 , 607 , 607 , 2192 , 1082 , 42 , 55 , 42 , 42 , 42 , 42 , 71 , 959 , 638 , 158 , 65 , 68 , 
HtmlParserTest::ignoresDupeEndTrTag , 185 , 172 , 329 , 186 , 170 , 389 , 444 , 280 , 81 , 218 , 248 , 6 , 1095 , 80 , 206 , 498 , 60 , 128 , 1202 , 40 , 2 , 4 , 3 , 2 , 2 , 0 , 930 , 275 , 70 , 414 , 88 , 234 , 40 , 717 , 60 , 184 , 460 , 367 , 59 , 59 , 345 , 244 , 59 , 31 , 31 , 31 , 86 , 2 , 4 , 5 , 6 , 33 , 6 , 5 , 62 , 62 , 40 , 134 , 60 , 70 , 61 , 75 , 197 , 214 , 609 , 609 , 2192 , 1083 , 42 , 55 , 42 , 42 , 42 , 42 , 71 , 958 , 639 , 159 , 65 , 68 , 
HtmlParserTest::handlesBaseTags , 868 , 1099 , 660 , 787 , 790 , 657 , 606 , 714 , 951 , 758 , 735 , 932 , 576 , 950 , 773 , 590 , 931 , 841 , 619 , 907 , 930 , 930 , 930 , 929 , 929 , 930 , 0 , 728 , 887 , 583 , 894 , 733 , 908 , 538 , 929 , 794 , 580 , 628 , 928 , 928 , 652 , 728 , 929 , 953 , 952 , 951 , 884 , 930 , 930 , 929 , 929 , 951 , 930 , 930 , 929 , 930 , 907 , 859 , 928 , 906 , 930 , 887 , 776 , 775 , 525 , 525 , 1508 , 623 , 954 , 913 , 954 , 954 , 954 , 955 , 920 , 518 , 581 , 842 , 930 , 933 , 
HtmlParserTest::handlesCdata , 276 , 430 , 194 , 184 , 192 , 267 , 272 , 198 , 285 , 176 , 138 , 277 , 881 , 285 , 171 , 363 , 268 , 194 , 977 , 247 , 275 , 275 , 274 , 273 , 273 , 275 , 728 , 0 , 225 , 226 , 242 , 214 , 247 , 517 , 264 , 186 , 276 , 224 , 265 , 265 , 164 , 208 , 265 , 293 , 292 , 292 , 232 , 275 , 275 , 275 , 275 , 292 , 276 , 276 , 266 , 266 , 249 , 225 , 265 , 245 , 266 , 228 , 175 , 174 , 464 , 464 , 1977 , 913 , 294 , 258 , 292 , 294 , 294 , 294 , 260 , 774 , 473 , 199 , 274 , 277 , 
HtmlParserTest::handlesInvalidStartTags , 180 , 220 , 289 , 148 , 135 , 349 , 398 , 235 , 75 , 181 , 216 , 74 , 1052 , 76 , 160 , 457 , 62 , 119 , 1155 , 41 , 70 , 72 , 72 , 71 , 71 , 70 , 887 , 225 , 0 , 367 , 85 , 189 , 41 , 669 , 54 , 136 , 412 , 316 , 60 , 60 , 298 , 204 , 60 , 90 , 91 , 91 , 28 , 70 , 72 , 73 , 73 , 93 , 74 , 73 , 56 , 56 , 43 , 104 , 56 , 52 , 62 , 10 , 155 , 181 , 575 , 575 , 2147 , 1040 , 86 , 40 , 86 , 86 , 86 , 86 , 62 , 918 , 601 , 148 , 74 , 66 , 
HtmlParserTest::handlesUnknownTags , 384 , 575 , 203 , 280 , 287 , 252 , 246 , 237 , 428 , 256 , 210 , 416 , 752 , 428 , 255 , 272 , 410 , 332 , 855 , 387 , 414 , 413 , 414 , 412 , 412 , 414 , 583 , 226 , 367 , 0 , 384 , 263 , 387 , 405 , 407 , 296 , 244 , 219 , 409 , 409 , 185 , 258 , 408 , 432 , 432 , 433 , 369 , 414 , 413 , 415 , 414 , 434 , 415 , 416 , 409 , 408 , 388 , 355 , 409 , 386 , 410 , 370 , 266 , 285 , 382 , 382 , 1844 , 791 , 437 , 398 , 436 , 437 , 436 , 436 , 408 , 663 , 366 , 347 , 415 , 416 , 
HtmlParserTest::handlesUnknownInlineTags , 196 , 212 , 291 , 140 , 148 , 350 , 410 , 244 , 85 , 210 , 237 , 87 , 1060 , 86 , 169 , 467 , 75 , 125 , 1168 , 65 , 88 , 88 , 88 , 87 , 88 , 88 , 894 , 242 , 85 , 384 , 0 , 205 , 65 , 685 , 82 , 159 , 427 , 337 , 73 , 74 , 305 , 208 , 73 , 102 , 101 , 101 , 84 , 88 , 88 , 88 , 89 , 101 , 89 , 89 , 84 , 84 , 66 , 71 , 83 , 79 , 75 , 86 , 158 , 185 , 595 , 595 , 2155 , 1059 , 111 , 113 , 109 , 110 , 110 , 110 , 89 , 926 , 615 , 150 , 79 , 90 , 
HtmlParserTest::parsesBodyFragment , 233 , 392 , 209 , 166 , 126 , 295 , 318 , 185 , 248 , 149 , 160 , 236 , 916 , 250 , 144 , 348 , 231 , 187 , 1014 , 207 , 235 , 235 , 235 , 234 , 234 , 234 , 733 , 214 , 189 , 263 , 205 , 0 , 207 , 545 , 227 , 144 , 325 , 218 , 229 , 228 , 243 , 129 , 228 , 257 , 256 , 256 , 188 , 235 , 235 , 236 , 236 , 258 , 236 , 236 , 229 , 230 , 209 , 196 , 229 , 217 , 231 , 191 , 164 , 154 , 459 , 459 , 1983 , 906 , 258 , 218 , 258 , 258 , 257 , 258 , 228 , 790 , 492 , 205 , 233 , 229 , 
HtmlParserTest::handlesUnknownNamespaceTags , 179 , 197 , 306 , 163 , 139 , 367 , 419 , 256 , 52 , 204 , 233 , 40 , 1072 , 53 , 178 , 474 , 33 , 116 , 1177 , 4 , 40 , 40 , 40 , 39 , 39 , 40 , 908 , 247 , 41 , 387 , 65 , 207 , 0 , 688 , 25 , 156 , 432 , 338 , 31 , 31 , 317 , 220 , 31 , 63 , 62 , 62 , 55 , 40 , 40 , 41 , 40 , 63 , 42 , 42 , 29 , 29 , 4 , 108 , 29 , 43 , 31 , 44 , 170 , 187 , 597 , 597 , 2170 , 1062 , 59 , 73 , 59 , 59 , 59 , 59 , 40 , 938 , 616 , 153 , 43 , 46 , 
HtmlParserTest::handlesKnownEmptyBlocks , 672 , 882 , 492 , 583 , 580 , 466 , 446 , 525 , 733 , 555 , 532 , 718 , 594 , 733 , 563 , 467 , 713 , 632 , 648 , 689 , 717 , 717 , 717 , 716 , 715 , 717 , 538 , 517 , 669 , 405 , 685 , 545 , 688 , 0 , 710 , 584 , 418 , 424 , 710 , 711 , 460 , 553 , 711 , 740 , 739 , 738 , 669 , 717 , 718 , 717 , 717 , 738 , 718 , 718 , 713 , 712 , 691 , 648 , 713 , 690 , 712 , 670 , 569 , 562 , 440 , 440 , 1633 , 633 , 742 , 701 , 741 , 741 , 742 , 742 , 708 , 626 , 485 , 637 , 719 , 718 , 
HtmlParserTest::handlesSolidusAtAttributeEnd , 186 , 175 , 322 , 170 , 156 , 380 , 438 , 267 , 30 , 218 , 251 , 60 , 1092 , 31 , 196 , 493 , 16 , 122 , 1200 , 27 , 60 , 60 , 60 , 59 , 59 , 60 , 929 , 264 , 54 , 407 , 82 , 227 , 25 , 710 , 0 , 170 , 452 , 359 , 14 , 14 , 331 , 235 , 14 , 50 , 49 , 49 , 56 , 60 , 60 , 61 , 61 , 51 , 62 , 62 , 4 , 6 , 29 , 111 , 4 , 35 , 16 , 55 , 183 , 201 , 615 , 615 , 2191 , 1082 , 36 , 77 , 36 , 36 , 35 , 36 , 39 , 957 , 635 , 164 , 33 , 24 , 
HtmlParserTest::handlesMultiClosingBody , 209 , 334 , 242 , 151 , 109 , 306 , 335 , 166 , 191 , 164 , 181 , 183 , 951 , 191 , 156 , 393 , 174 , 164 , 1057 , 157 , 184 , 184 , 184 , 182 , 183 , 184 , 794 , 186 , 136 , 296 , 159 , 144 , 156 , 584 , 170 , 0 , 324 , 232 , 175 , 175 , 234 , 183 , 175 , 204 , 203 , 203 , 136 , 184 , 184 , 184 , 183 , 204 , 185 , 185 , 172 , 171 , 158 , 149 , 172 , 159 , 175 , 138 , 150 , 119 , 515 , 515 , 2043 , 956 , 201 , 166 , 199 , 201 , 201 , 201 , 174 , 838 , 541 , 161 , 184 , 182 , 
HtmlParserTest::handlesUnclosedDefinitionLists , 432 , 621 , 290 , 332 , 329 , 281 , 299 , 240 , 473 , 302 , 282 , 461 , 731 , 473 , 312 , 348 , 454 , 379 , 825 , 433 , 461 , 461 , 460 , 459 , 459 , 460 , 580 , 276 , 412 , 244 , 427 , 325 , 432 , 418 , 452 , 324 , 0 , 229 , 453 , 453 , 231 , 306 , 453 , 480 , 480 , 479 , 413 , 461 , 461 , 461 , 461 , 481 , 462 , 462 , 455 , 454 , 434 , 391 , 454 , 434 , 453 , 413 , 313 , 307 , 383 , 383 , 1824 , 769 , 483 , 443 , 481 , 482 , 482 , 482 , 450 , 676 , 409 , 390 , 458 , 461 , 
HtmlParserTest::handlesBlocksInDefinitions , 352 , 529 , 237 , 257 , 230 , 289 , 289 , 215 , 380 , 256 , 226 , 370 , 795 , 380 , 225 , 306 , 361 , 289 , 894 , 337 , 368 , 367 , 368 , 366 , 366 , 367 , 628 , 224 , 316 , 219 , 337 , 218 , 338 , 424 , 359 , 232 , 229 , 0 , 360 , 359 , 193 , 236 , 359 , 387 , 386 , 388 , 316 , 368 , 366 , 369 , 369 , 390 , 370 , 369 , 361 , 361 , 338 , 314 , 359 , 347 , 361 , 318 , 238 , 231 , 399 , 399 , 1870 , 806 , 390 , 348 , 390 , 390 , 390 , 390 , 362 , 717 , 437 , 318 , 371 , 373 , 
HtmlParserTest::handlesFrames , 185 , 177 , 320 , 172 , 162 , 382 , 439 , 268 , 30 , 219 , 250 , 61 , 1091 , 29 , 194 , 492 , 6 , 120 , 1200 , 31 , 59 , 59 , 59 , 58 , 58 , 59 , 928 , 265 , 60 , 409 , 73 , 229 , 31 , 710 , 14 , 175 , 453 , 360 , 0 , 2 , 331 , 236 , 4 , 39 , 39 , 39 , 63 , 59 , 59 , 60 , 60 , 39 , 61 , 61 , 16 , 16 , 33 , 114 , 15 , 44 , 6 , 61 , 183 , 204 , 611 , 611 , 2190 , 1083 , 45 , 84 , 44 , 46 , 46 , 46 , 44 , 954 , 633 , 164 , 25 , 33 , 
HtmlParserTest::ignoresContentAfterFrameset , 185 , 177 , 322 , 172 , 162 , 381 , 440 , 267 , 30 , 219 , 252 , 59 , 1092 , 29 , 195 , 492 , 6 , 121 , 1199 , 31 , 59 , 59 , 59 , 58 , 58 , 59 , 928 , 265 , 60 , 409 , 74 , 228 , 31 , 711 , 14 , 175 , 453 , 359 , 2 , 0 , 332 , 237 , 2 , 39 , 39 , 39 , 63 , 59 , 59 , 60 , 60 , 41 , 60 , 60 , 16 , 16 , 33 , 116 , 15 , 45 , 6 , 63 , 184 , 204 , 611 , 611 , 2191 , 1084 , 45 , 84 , 46 , 45 , 46 , 46 , 44 , 956 , 634 , 164 , 25 , 34 , 
HtmlParserTest::handlesJavadocFont , 325 , 501 , 189 , 214 , 219 , 257 , 232 , 196 , 352 , 175 , 171 , 348 , 812 , 352 , 199 , 316 , 336 , 257 , 916 , 317 , 346 , 346 , 345 , 344 , 343 , 345 , 652 , 164 , 298 , 185 , 305 , 243 , 317 , 460 , 331 , 234 , 231 , 193 , 331 , 332 , 0 , 207 , 334 , 363 , 363 , 363 , 296 , 346 , 346 , 346 , 345 , 363 , 346 , 347 , 332 , 334 , 317 , 282 , 331 , 313 , 333 , 297 , 171 , 207 , 404 , 404 , 1908 , 834 , 362 , 328 , 362 , 363 , 362 , 363 , 331 , 718 , 402 , 275 , 345 , 346 , 
HtmlParserTest::handlesBaseWithoutHref , 222 , 395 , 209 , 114 , 154 , 292 , 317 , 173 , 253 , 169 , 154 , 246 , 919 , 254 , 100 , 360 , 238 , 161 , 1019 , 221 , 244 , 244 , 244 , 242 , 243 , 244 , 728 , 208 , 204 , 258 , 208 , 129 , 220 , 553 , 235 , 183 , 306 , 236 , 236 , 237 , 207 , 0 , 236 , 261 , 259 , 259 , 196 , 244 , 244 , 245 , 245 , 260 , 245 , 246 , 236 , 236 , 222 , 199 , 235 , 216 , 235 , 203 , 82 , 167 , 463 , 463 , 1993 , 912 , 262 , 231 , 260 , 262 , 262 , 262 , 238 , 783 , 487 , 204 , 239 , 239 , 
HtmlParserTest::normalisesDocument , 185 , 177 , 322 , 172 , 163 , 382 , 440 , 267 , 31 , 219 , 253 , 59 , 1092 , 31 , 196 , 492 , 4 , 122 , 1199 , 31 , 59 , 59 , 59 , 58 , 58 , 59 , 929 , 265 , 60 , 408 , 73 , 228 , 31 , 711 , 14 , 175 , 453 , 359 , 4 , 2 , 334 , 236 , 0 , 39 , 37 , 38 , 63 , 59 , 59 , 60 , 60 , 41 , 60 , 60 , 16 , 16 , 33 , 116 , 16 , 44 , 6 , 63 , 185 , 204 , 611 , 611 , 2191 , 1084 , 46 , 83 , 44 , 43 , 45 , 45 , 44 , 956 , 635 , 164 , 25 , 34 , 
HtmlParserTest::normalisesEmptyDocument , 190 , 151 , 345 , 196 , 190 , 406 , 463 , 292 , 62 , 233 , 263 , 32 , 1116 , 62 , 223 , 517 , 39 , 137 , 1223 , 63 , 31 , 31 , 32 , 32 , 32 , 31 , 953 , 293 , 90 , 432 , 102 , 257 , 63 , 740 , 50 , 204 , 480 , 387 , 39 , 39 , 363 , 261 , 39 , 0 , 3 , 5 , 95 , 31 , 31 , 33 , 33 , 6 , 33 , 33 , 51 , 51 , 64 , 142 , 51 , 74 , 41 , 94 , 211 , 231 , 626 , 626 , 2213 , 1104 , 30 , 73 , 30 , 30 , 30 , 30 , 69 , 977 , 656 , 170 , 50 , 59 , 
HtmlParserTest::normalisesHeadlessBody , 191 , 152 , 345 , 197 , 190 , 406 , 462 , 294 , 62 , 235 , 264 , 33 , 1116 , 62 , 223 , 516 , 39 , 138 , 1222 , 62 , 31 , 29 , 31 , 31 , 31 , 31 , 952 , 292 , 91 , 432 , 101 , 256 , 62 , 739 , 49 , 203 , 480 , 386 , 39 , 39 , 363 , 259 , 37 , 3 , 0 , 3 , 94 , 31 , 29 , 32 , 33 , 6 , 33 , 33 , 51 , 51 , 64 , 142 , 51 , 73 , 41 , 94 , 212 , 231 , 626 , 626 , 2212 , 1102 , 31 , 72 , 29 , 29 , 29 , 29 , 69 , 975 , 658 , 171 , 50 , 59 , 
HtmlParserTest::normalisedBodyAfterContent , 191 , 152 , 343 , 197 , 190 , 406 , 463 , 293 , 62 , 235 , 265 , 33 , 1115 , 62 , 222 , 517 , 39 , 138 , 1223 , 62 , 31 , 31 , 29 , 31 , 31 , 31 , 951 , 292 , 91 , 433 , 101 , 256 , 62 , 738 , 49 , 203 , 479 , 388 , 39 , 39 , 363 , 259 , 38 , 5 , 3 , 0 , 93 , 30 , 30 , 30 , 33 , 6 , 33 , 33 , 51 , 51 , 64 , 142 , 51 , 71 , 41 , 94 , 212 , 231 , 626 , 626 , 2212 , 1103 , 30 , 73 , 30 , 30 , 30 , 30 , 68 , 975 , 657 , 170 , 50 , 59 , 
HtmlParserTest::findsCharsetInMalformedMeta , 167 , 222 , 287 , 139 , 135 , 347 , 402 , 237 , 77 , 198 , 215 , 88 , 1049 , 75 , 159 , 457 , 64 , 106 , 1154 , 55 , 86 , 86 , 86 , 84 , 85 , 86 , 884 , 232 , 28 , 369 , 84 , 188 , 55 , 669 , 56 , 136 , 413 , 316 , 63 , 63 , 296 , 196 , 63 , 95 , 94 , 93 , 0 , 84 , 84 , 86 , 87 , 96 , 88 , 88 , 58 , 58 , 57 , 100 , 58 , 56 , 65 , 30 , 147 , 180 , 575 , 575 , 2145 , 1041 , 88 , 61 , 88 , 88 , 88 , 88 , 61 , 915 , 599 , 141 , 76 , 71 , 
HtmlParserTest::testHgroup , 185 , 172 , 328 , 187 , 171 , 390 , 444 , 280 , 81 , 220 , 248 , 6 , 1095 , 81 , 207 , 499 , 59 , 129 , 1201 , 40 , 2 , 4 , 4 , 4 , 4 , 2 , 930 , 275 , 70 , 414 , 88 , 235 , 40 , 717 , 60 , 184 , 461 , 368 , 59 , 59 , 346 , 244 , 59 , 31 , 31 , 30 , 84 , 0 , 2 , 4 , 6 , 33 , 6 , 5 , 62 , 62 , 42 , 136 , 62 , 71 , 61 , 75 , 197 , 214 , 608 , 608 , 2192 , 1082 , 42 , 55 , 42 , 42 , 42 , 42 , 70 , 958 , 639 , 158 , 67 , 70 , 
HtmlParserTest::testRelaxedTags , 186 , 172 , 328 , 188 , 171 , 390 , 443 , 281 , 81 , 221 , 248 , 6 , 1096 , 81 , 207 , 499 , 59 , 129 , 1201 , 40 , 4 , 2 , 4 , 4 , 4 , 4 , 930 , 275 , 72 , 413 , 88 , 235 , 40 , 718 , 60 , 184 , 461 , 366 , 59 , 59 , 346 , 244 , 59 , 31 , 29 , 30 , 84 , 2 , 0 , 4 , 6 , 33 , 6 , 6 , 62 , 62 , 42 , 136 , 62 , 71 , 61 , 75 , 198 , 214 , 607 , 607 , 2192 , 1082 , 42 , 55 , 42 , 42 , 42 , 42 , 70 , 958 , 639 , 158 , 67 , 70 , 
HtmlParserTest::testHeaderContents , 186 , 172 , 328 , 188 , 172 , 389 , 444 , 281 , 81 , 221 , 249 , 6 , 1096 , 81 , 207 , 499 , 60 , 129 , 1202 , 40 , 4 , 4 , 3 , 5 , 5 , 5 , 929 , 275 , 73 , 415 , 88 , 236 , 41 , 717 , 61 , 184 , 461 , 369 , 60 , 60 , 346 , 245 , 60 , 33 , 32 , 30 , 86 , 4 , 4 , 0 , 4 , 31 , 4 , 4 , 60 , 60 , 41 , 135 , 61 , 71 , 60 , 74 , 199 , 213 , 607 , 607 , 2192 , 1082 , 40 , 54 , 41 , 41 , 41 , 41 , 70 , 958 , 638 , 159 , 67 , 70 , 
HtmlParserTest::testSpanContents , 185 , 172 , 327 , 186 , 171 , 388 , 442 , 279 , 80 , 219 , 248 , 6 , 1095 , 79 , 206 , 497 , 59 , 128 , 1201 , 40 , 4 , 4 , 5 , 5 , 6 , 6 , 929 , 275 , 73 , 414 , 89 , 236 , 40 , 717 , 61 , 183 , 461 , 369 , 60 , 60 , 345 , 245 , 60 , 33 , 33 , 33 , 87 , 6 , 6 , 4 , 0 , 29 , 2 , 2 , 58 , 58 , 38 , 134 , 60 , 70 , 57 , 73 , 198 , 212 , 606 , 606 , 2192 , 1082 , 40 , 52 , 40 , 40 , 40 , 40 , 67 , 958 , 637 , 158 , 65 , 69 , 
HtmlParserTest::testNoImagesInNoScriptInHead , 191 , 152 , 343 , 197 , 191 , 404 , 461 , 292 , 61 , 234 , 264 , 33 , 1115 , 62 , 222 , 516 , 40 , 137 , 1222 , 62 , 31 , 31 , 32 , 33 , 33 , 33 , 951 , 292 , 93 , 434 , 101 , 258 , 63 , 738 , 51 , 204 , 481 , 390 , 39 , 41 , 363 , 260 , 41 , 6 , 6 , 6 , 96 , 33 , 33 , 31 , 29 , 0 , 29 , 29 , 47 , 47 , 61 , 138 , 49 , 71 , 38 , 90 , 210 , 229 , 624 , 624 , 2212 , 1103 , 29 , 72 , 27 , 29 , 29 , 29 , 67 , 975 , 655 , 170 , 50 , 58 , 
HtmlParserTest::testAFlowContents , 186 , 172 , 328 , 188 , 172 , 388 , 444 , 281 , 81 , 220 , 248 , 5 , 1095 , 81 , 206 , 499 , 60 , 129 , 1202 , 39 , 4 , 4 , 5 , 6 , 5 , 6 , 930 , 276 , 74 , 415 , 89 , 236 , 42 , 718 , 62 , 185 , 462 , 370 , 61 , 60 , 346 , 245 , 60 , 33 , 33 , 33 , 88 , 6 , 6 , 4 , 2 , 29 , 0 , 2 , 58 , 58 , 40 , 134 , 60 , 70 , 59 , 73 , 198 , 212 , 607 , 607 , 2192 , 1082 , 40 , 53 , 40 , 39 , 40 , 40 , 68 , 958 , 638 , 159 , 66 , 70 , 
HtmlParserTest::testFontFlowContents , 186 , 172 , 328 , 188 , 172 , 389 , 443 , 280 , 81 , 220 , 248 , 5 , 1095 , 81 , 207 , 498 , 60 , 130 , 1201 , 40 , 3 , 4 , 5 , 6 , 6 , 5 , 930 , 276 , 73 , 416 , 89 , 236 , 42 , 718 , 62 , 185 , 462 , 369 , 61 , 60 , 347 , 246 , 60 , 33 , 33 , 33 , 88 , 5 , 6 , 4 , 2 , 29 , 2 , 0 , 58 , 58 , 40 , 134 , 60 , 70 , 59 , 73 , 197 , 212 , 606 , 606 , 2192 , 1082 , 40 , 53 , 40 , 39 , 40 , 40 , 69 , 957 , 639 , 158 , 67 , 70 , 
HtmlParserTest::handlesMisnestedTagsBI , 186 , 175 , 320 , 171 , 158 , 379 , 438 , 267 , 29 , 219 , 251 , 62 , 1093 , 31 , 196 , 493 , 16 , 121 , 1201 , 27 , 60 , 60 , 61 , 61 , 61 , 62 , 929 , 266 , 56 , 409 , 84 , 229 , 29 , 713 , 4 , 172 , 455 , 361 , 16 , 16 , 332 , 236 , 16 , 51 , 51 , 51 , 58 , 62 , 62 , 60 , 58 , 47 , 58 , 58 , 0 , 2 , 27 , 109 , 2 , 33 , 14 , 53 , 182 , 200 , 613 , 613 , 2191 , 1082 , 35 , 75 , 34 , 35 , 33 , 35 , 37 , 955 , 635 , 164 , 33 , 24 , 
HtmlParserTest::handlesMisnestedTagsBP , 186 , 175 , 321 , 171 , 160 , 380 , 438 , 267 , 30 , 219 , 251 , 62 , 1092 , 31 , 196 , 492 , 14 , 122 , 1201 , 27 , 60 , 60 , 61 , 61 , 61 , 62 , 930 , 266 , 56 , 408 , 84 , 230 , 29 , 712 , 6 , 171 , 454 , 361 , 16 , 16 , 334 , 236 , 16 , 51 , 51 , 51 , 58 , 62 , 62 , 60 , 58 , 47 , 58 , 58 , 2 , 0 , 27 , 109 , 4 , 31 , 14 , 53 , 183 , 198 , 613 , 613 , 2191 , 1082 , 34 , 74 , 33 , 34 , 34 , 33 , 37 , 954 , 636 , 164 , 33 , 24 , 
HtmlParserTest::handlesUnexpectedMarkupInTables , 179 , 197 , 305 , 163 , 139 , 364 , 418 , 256 , 52 , 205 , 232 , 42 , 1073 , 52 , 177 , 474 , 33 , 115 , 1178 , 5 , 41 , 41 , 40 , 39 , 39 , 40 , 907 , 249 , 43 , 388 , 66 , 209 , 4 , 691 , 29 , 158 , 434 , 338 , 33 , 33 , 317 , 222 , 33 , 64 , 64 , 64 , 57 , 42 , 42 , 41 , 38 , 61 , 40 , 40 , 27 , 27 , 0 , 104 , 25 , 39 , 29 , 42 , 170 , 185 , 595 , 595 , 2170 , 1061 , 58 , 71 , 57 , 58 , 58 , 58 , 38 , 938 , 617 , 154 , 41 , 44 , 
HtmlParserTest::handlesUnclosedFormattingElements , 187 , 257 , 260 , 107 , 131 , 312 , 371 , 206 , 117 , 193 , 214 , 136 , 1020 , 116 , 138 , 430 , 116 , 135 , 1128 , 108 , 136 , 136 , 135 , 133 , 133 , 134 , 859 , 225 , 104 , 355 , 71 , 196 , 108 , 648 , 111 , 149 , 391 , 314 , 114 , 116 , 282 , 199 , 116 , 142 , 142 , 142 , 100 , 136 , 136 , 135 , 134 , 138 , 134 , 134 , 109 , 109 , 104 , 0 , 107 , 108 , 114 , 100 , 139 , 167 , 566 , 566 , 2114 , 1027 , 137 , 130 , 135 , 137 , 137 , 137 , 111 , 888 , 578 , 143 , 121 , 116 , 
HtmlParserTest::reconstructFormattingElements , 186 , 175 , 321 , 170 , 156 , 378 , 438 , 267 , 30 , 219 , 251 , 62 , 1093 , 30 , 196 , 493 , 16 , 121 , 1201 , 29 , 62 , 62 , 61 , 59 , 59 , 60 , 928 , 265 , 56 , 409 , 83 , 229 , 29 , 713 , 4 , 172 , 454 , 359 , 15 , 15 , 331 , 235 , 16 , 51 , 51 , 51 , 58 , 62 , 62 , 61 , 60 , 49 , 60 , 60 , 2 , 4 , 25 , 107 , 0 , 31 , 14 , 53 , 181 , 199 , 614 , 614 , 2190 , 1081 , 35 , 75 , 34 , 35 , 33 , 35 , 37 , 955 , 635 , 164 , 31 , 22 , 
HtmlParserTest::reconstructFormattingElementsInTable , 194 , 200 , 306 , 161 , 149 , 361 , 415 , 254 , 56 , 208 , 237 , 72 , 1072 , 55 , 179 , 475 , 43 , 128 , 1177 , 43 , 72 , 72 , 71 , 69 , 69 , 70 , 906 , 245 , 52 , 386 , 79 , 217 , 43 , 690 , 35 , 159 , 434 , 347 , 44 , 45 , 313 , 216 , 44 , 74 , 73 , 71 , 56 , 71 , 71 , 71 , 70 , 71 , 70 , 70 , 33 , 31 , 39 , 108 , 31 , 0 , 43 , 49 , 169 , 181 , 599 , 599 , 2166 , 1062 , 62 , 80 , 61 , 62 , 62 , 61 , 44 , 933 , 620 , 153 , 49 , 40 , 
HtmlParserTest::commentBeforeHtml , 185 , 177 , 321 , 173 , 165 , 380 , 439 , 268 , 30 , 220 , 250 , 61 , 1093 , 30 , 196 , 494 , 6 , 121 , 1201 , 33 , 61 , 61 , 61 , 60 , 60 , 61 , 930 , 266 , 62 , 410 , 75 , 231 , 31 , 712 , 16 , 175 , 453 , 361 , 6 , 6 , 333 , 235 , 6 , 41 , 41 , 41 , 65 , 61 , 61 , 60 , 57 , 38 , 59 , 59 , 14 , 14 , 29 , 114 , 14 , 43 , 0 , 59 , 181 , 200 , 611 , 611 , 2191 , 1083 , 45 , 81 , 44 , 45 , 45 , 45 , 40 , 953 , 635 , 164 , 23 , 34 , 
HtmlParserTest::emptyTdTag , 180 , 221 , 287 , 150 , 136 , 345 , 398 , 236 , 77 , 183 , 216 , 75 , 1051 , 76 , 165 , 457 , 63 , 118 , 1156 , 44 , 75 , 75 , 75 , 74 , 74 , 75 , 887 , 228 , 10 , 370 , 86 , 191 , 44 , 670 , 55 , 138 , 413 , 318 , 61 , 63 , 297 , 203 , 63 , 94 , 94 , 94 , 30 , 75 , 75 , 74 , 73 , 90 , 73 , 73 , 53 , 53 , 42 , 100 , 53 , 49 , 59 , 0 , 150 , 176 , 574 , 574 , 2145 , 1038 , 84 , 39 , 82 , 84 , 84 , 84 , 61 , 919 , 603 , 149 , 75 , 68 , 
HtmlParserTest::handlesSolidusInA , 177 , 346 , 218 , 58 , 106 , 268 , 288 , 131 , 201 , 119 , 170 , 199 , 942 , 202 , 88 , 371 , 186 , 102 , 1045 , 170 , 197 , 198 , 198 , 196 , 197 , 197 , 776 , 175 , 155 , 266 , 158 , 164 , 170 , 569 , 183 , 150 , 313 , 238 , 183 , 184 , 171 , 82 , 185 , 211 , 212 , 212 , 147 , 197 , 198 , 199 , 198 , 210 , 198 , 197 , 182 , 183 , 170 , 139 , 181 , 169 , 181 , 150 , 0 , 126 , 488 , 488 , 2030 , 944 , 212 , 184 , 211 , 212 , 212 , 212 , 189 , 821 , 507 , 150 , 194 , 195 , 
HtmlParserTest::handlesSpanInTbody , 231 , 363 , 224 , 153 , 116 , 291 , 304 , 182 , 220 , 147 , 203 , 214 , 928 , 220 , 143 , 381 , 202 , 160 , 1029 , 187 , 214 , 214 , 214 , 213 , 213 , 214 , 775 , 174 , 181 , 285 , 185 , 154 , 187 , 562 , 201 , 119 , 307 , 231 , 204 , 204 , 207 , 167 , 204 , 231 , 231 , 231 , 180 , 214 , 214 , 213 , 212 , 229 , 212 , 212 , 200 , 198 , 185 , 167 , 199 , 181 , 200 , 176 , 126 , 0 , 499 , 499 , 2018 , 942 , 230 , 209 , 228 , 230 , 230 , 229 , 200 , 822 , 516 , 164 , 212 , 211 , 
HtmlParserTest::handlesUnclosedTitleAtEof , 557 , 766 , 405 , 503 , 498 , 406 , 374 , 443 , 632 , 467 , 455 , 608 , 685 , 632 , 484 , 358 , 612 , 530 , 760 , 596 , 608 , 607 , 608 , 607 , 607 , 609 , 525 , 464 , 575 , 382 , 595 , 459 , 597 , 440 , 615 , 515 , 383 , 399 , 611 , 611 , 404 , 463 , 611 , 626 , 626 , 626 , 575 , 608 , 607 , 607 , 606 , 624 , 607 , 606 , 613 , 613 , 595 , 566 , 614 , 599 , 611 , 574 , 488 , 499 , 0 , 0 , 1642 , 589 , 631 , 590 , 629 , 630 , 630 , 630 , 607 , 563 , 412 , 554 , 614 , 616 , 
HtmlParserTest::handlesUnclosedTitle , 557 , 766 , 405 , 503 , 498 , 406 , 374 , 443 , 632 , 467 , 455 , 608 , 685 , 632 , 484 , 358 , 612 , 530 , 760 , 596 , 608 , 607 , 608 , 607 , 607 , 609 , 525 , 464 , 575 , 382 , 595 , 459 , 597 , 440 , 615 , 515 , 383 , 399 , 611 , 611 , 404 , 463 , 611 , 626 , 626 , 626 , 575 , 608 , 607 , 607 , 606 , 624 , 607 , 606 , 613 , 613 , 595 , 566 , 614 , 599 , 611 , 574 , 488 , 499 , 0 , 0 , 1642 , 589 , 631 , 590 , 629 , 630 , 630 , 630 , 607 , 563 , 412 , 554 , 614 , 616 , 
HtmlParserTest::handlesUnclosedScriptAtEof , 2106 , 2363 , 1922 , 2050 , 2045 , 1903 , 1850 , 1967 , 2212 , 2006 , 1980 , 2194 , 1393 , 2213 , 2027 , 1798 , 2193 , 2095 , 1309 , 2170 , 2192 , 2192 , 2192 , 2192 , 2192 , 2192 , 1508 , 1977 , 2147 , 1844 , 2155 , 1983 , 2170 , 1633 , 2191 , 2043 , 1824 , 1870 , 2190 , 2191 , 1908 , 1993 , 2191 , 2213 , 2212 , 2212 , 2145 , 2192 , 2192 , 2192 , 2192 , 2212 , 2192 , 2192 , 2191 , 2191 , 2170 , 2114 , 2190 , 2166 , 2191 , 2145 , 2030 , 2018 , 1642 , 1642 , 0 , 1222 , 2213 , 2167 , 2212 , 2213 , 2213 , 2212 , 2178 , 1540 , 1741 , 2090 , 2188 , 2189 , 
HtmlParserTest::handlesUnclosedRawtextAtEof , 1020 , 1249 , 852 , 961 , 954 , 847 , 807 , 893 , 1103 , 918 , 895 , 1084 , 596 , 1102 , 937 , 762 , 1085 , 997 , 616 , 1061 , 1082 , 1082 , 1082 , 1083 , 1082 , 1083 , 623 , 913 , 1040 , 791 , 1059 , 906 , 1062 , 633 , 1082 , 956 , 769 , 806 , 1083 , 1084 , 834 , 912 , 1084 , 1104 , 1102 , 1103 , 1041 , 1082 , 1082 , 1082 , 1082 , 1103 , 1082 , 1082 , 1082 , 1082 , 1061 , 1027 , 1081 , 1062 , 1083 , 1038 , 944 , 942 , 589 , 589 , 1222 , 0 , 1099 , 1056 , 1100 , 1100 , 1100 , 1100 , 1073 , 641 , 734 , 1011 , 1079 , 1078 , 
HtmlParserTest::noImplicitFormForTextAreas , 194 , 152 , 348 , 198 , 188 , 406 , 468 , 297 , 59 , 239 , 269 , 42 , 1116 , 59 , 223 , 521 , 44 , 142 , 1224 , 59 , 42 , 42 , 41 , 42 , 42 , 42 , 954 , 294 , 86 , 437 , 111 , 258 , 59 , 742 , 36 , 201 , 483 , 390 , 45 , 45 , 362 , 262 , 46 , 30 , 31 , 30 , 88 , 42 , 42 , 40 , 40 , 29 , 40 , 40 , 35 , 34 , 58 , 137 , 35 , 62 , 45 , 84 , 212 , 230 , 631 , 631 , 2213 , 1099 , 0 , 54 , 4 , 4 , 4 , 3 , 55 , 976 , 652 , 167 , 51 , 42 , 
HtmlParserTest::handlesEscapedScript , 176 , 198 , 316 , 176 , 165 , 375 , 427 , 266 , 95 , 203 , 231 , 55 , 1078 , 96 , 194 , 482 , 82 , 111 , 1181 , 74 , 55 , 55 , 55 , 55 , 55 , 55 , 913 , 258 , 40 , 398 , 113 , 218 , 73 , 701 , 77 , 166 , 443 , 348 , 84 , 84 , 328 , 231 , 83 , 73 , 72 , 73 , 61 , 55 , 55 , 54 , 52 , 72 , 53 , 53 , 75 , 74 , 71 , 130 , 75 , 80 , 81 , 39 , 184 , 209 , 590 , 590 , 2167 , 1056 , 54 , 0 , 52 , 52 , 52 , 52 , 75 , 938 , 614 , 152 , 83 , 78 , 
HtmlParserTest::handles0CharacterAsText , 194 , 152 , 347 , 198 , 189 , 405 , 467 , 296 , 60 , 239 , 270 , 42 , 1116 , 60 , 224 , 518 , 43 , 142 , 1223 , 59 , 42 , 42 , 42 , 42 , 42 , 42 , 954 , 292 , 86 , 436 , 109 , 258 , 59 , 741 , 36 , 199 , 481 , 390 , 44 , 46 , 362 , 260 , 44 , 30 , 29 , 30 , 88 , 42 , 42 , 41 , 40 , 27 , 40 , 40 , 34 , 33 , 57 , 135 , 34 , 61 , 44 , 82 , 211 , 228 , 629 , 629 , 2212 , 1100 , 4 , 52 , 0 , 2 , 2 , 2 , 55 , 977 , 652 , 168 , 51 , 41 , 
HtmlParserTest::handlesNullInData , 194 , 152 , 349 , 198 , 189 , 406 , 468 , 296 , 60 , 239 , 271 , 40 , 1116 , 60 , 224 , 520 , 44 , 143 , 1224 , 59 , 42 , 42 , 42 , 42 , 42 , 42 , 954 , 294 , 86 , 437 , 110 , 258 , 59 , 741 , 36 , 201 , 482 , 390 , 46 , 45 , 363 , 262 , 43 , 30 , 29 , 30 , 88 , 42 , 42 , 41 , 40 , 29 , 39 , 39 , 35 , 34 , 58 , 137 , 35 , 62 , 45 , 84 , 212 , 230 , 630 , 630 , 2213 , 1100 , 4 , 52 , 2 , 0 , 2 , 2 , 55 , 977 , 651 , 167 , 51 , 42 , 
HtmlParserTest::handlesNullInComments , 194 , 152 , 348 , 198 , 188 , 406 , 467 , 296 , 59 , 240 , 271 , 42 , 1116 , 60 , 224 , 520 , 44 , 142 , 1223 , 59 , 42 , 42 , 42 , 42 , 42 , 42 , 954 , 294 , 86 , 436 , 110 , 257 , 59 , 742 , 35 , 201 , 482 , 390 , 46 , 46 , 362 , 262 , 45 , 30 , 29 , 30 , 88 , 42 , 42 , 41 , 40 , 29 , 40 , 40 , 33 , 34 , 58 , 137 , 33 , 62 , 45 , 84 , 212 , 230 , 630 , 630 , 2213 , 1100 , 4 , 52 , 2 , 2 , 0 , 2 , 55 , 977 , 652 , 168 , 51 , 42 , 
