: , RegressionTest0::test001 , RegressionTest0::test002 , RegressionTest0::test003 , RegressionTest0::test004 , RegressionTest0::test005 , RegressionTest0::test006 , RegressionTest0::test007 , RegressionTest0::test008 , RegressionTest0::test009 , RegressionTest0::test010 , RegressionTest0::test011 , RegressionTest0::test012 , RegressionTest0::test013 , RegressionTest0::test014 , RegressionTest0::test015 , RegressionTest0::test016 , RegressionTest0::test017 , RegressionTest0::test018 , RegressionTest0::test019 , RegressionTest0::test020 , RegressionTest0::test021 , RegressionTest0::test022 , RegressionTest0::test023 , RegressionTest0::test024 , RegressionTest0::test025 , RegressionTest0::test026 , RegressionTest0::test027 , RegressionTest0::test028 , RegressionTest0::test029 , RegressionTest0::test030 , RegressionTest0::test031 , RegressionTest0::test032 , RegressionTest0::test033 , RegressionTest0::test034 , RegressionTest0::test035 , RegressionTest0::test036 , RegressionTest0::test037 , RegressionTest0::test038 , RegressionTest0::test039 , RegressionTest0::test040 , RegressionTest0::test041 , RegressionTest0::test042 , RegressionTest0::test043 , RegressionTest0::test044 , RegressionTest0::test045 , RegressionTest0::test046 , RegressionTest0::test047 , RegressionTest0::test048 , RegressionTest0::test049 , RegressionTest0::test050 , RegressionTest0::test051 , RegressionTest0::test052 , RegressionTest0::test053 , RegressionTest0::test054 , RegressionTest0::test055 , RegressionTest0::test056 , RegressionTest0::test057 , RegressionTest0::test058 , RegressionTest0::test059 , RegressionTest0::test060 , RegressionTest0::test061 , RegressionTest0::test062 , RegressionTest0::test063 , RegressionTest0::test064 , RegressionTest0::test065 , RegressionTest0::test066 , RegressionTest0::test067 , RegressionTest0::test068 , RegressionTest0::test069 , RegressionTest0::test070 , RegressionTest0::test071 , RegressionTest0::test072 , RegressionTest0::test073 , RegressionTest0::test074 , RegressionTest0::test075 , RegressionTest0::test076 , RegressionTest0::test077 , RegressionTest0::test078 , RegressionTest0::test079 , RegressionTest0::test080 , RegressionTest0::test081 , RegressionTest0::test082 , RegressionTest0::test083 , RegressionTest0::test084 , RegressionTest0::test085 , RegressionTest0::test086 , RegressionTest0::test087 , RegressionTest0::test088 , RegressionTest0::test089 , RegressionTest0::test090 , RegressionTest0::test091 , RegressionTest0::test092 , RegressionTest0::test093 , RegressionTest0::test094 , RegressionTest0::test095 , RegressionTest0::test096 , RegressionTest0::test097 , RegressionTest0::test098 , RegressionTest0::test099 , RegressionTest0::test100 , RegressionTest0::test101 , RegressionTest0::test102 , RegressionTest0::test103 , RegressionTest0::test104 , RegressionTest0::test105 , RegressionTest0::test106 , RegressionTest0::test107 , RegressionTest0::test108 , RegressionTest0::test109 , RegressionTest0::test110 , RegressionTest0::test111 , RegressionTest0::test112 , RegressionTest0::test113 , RegressionTest0::test114 , RegressionTest0::test115 , RegressionTest0::test116 , RegressionTest0::test117 , RegressionTest0::test118 , RegressionTest0::test119 , RegressionTest0::test120 , RegressionTest0::test121 , RegressionTest0::test122 , RegressionTest0::test123 , RegressionTest0::test124 , RegressionTest0::test125 , RegressionTest0::test126 , RegressionTest0::test127 , RegressionTest0::test128 , RegressionTest0::test129 , RegressionTest0::test130 , RegressionTest0::test131 , RegressionTest0::test132 , RegressionTest0::test133 , RegressionTest0::test134 , RegressionTest0::test135 , RegressionTest0::test136 , RegressionTest0::test137 , RegressionTest0::test138 , RegressionTest0::test139 , Entities_ESTest::test0 , Entities_ESTest::test1 , Entities_ESTest::test2 , Entities_ESTest::test3 , Entities_ESTest::test4 , Entities_ESTest::test5 , Entities_ESTest::test6 , EntitiesTest::escape , EntitiesTest::unescape , EntitiesTest::caseSensitive , 
RegressionTest0::test001 , 0 , 62 , 223 , 222 , 64 , 641 , 226 , 181 , 397 , 804 , 1491 , 1036 , 1250 , 396 , 2337 , 2536 , 1910 , 2105 , 1675 , 2765 , 641 , 803 , 2969 , 3193 , 3842 , 3624 , 1491 , 4063 , 1249 , 4274 , 1674 , 1035 , 4706 , 2535 , 5137 , 2336 , 3398 , 5571 , 1910 , 4494 , 6004 , 5357 , 5789 , 4924 , 2969 , 2764 , 2105 , 6222 , 7085 , 6434 , 6653 , 3842 , 3194 , 4274 , 6867 , 7733 , 4064 , 7518 , 3624 , 7300 , 4494 , 8165 , 8383 , 4924 , 8816 , 8597 , 9036 , 5358 , 7952 , 9720 , 5139 , 4708 , 10390 , 9268 , 10171 , 5572 , 3400 , 9939 , 10840 , 10621 , 6223 , 6654 , 11073 , 9487 , 5790 , 6868 , 6005 , 7519 , 11291 , 7301 , 6435 , 8166 , 7086 , 11974 , 11522 , 7952 , 8384 , 7734 , 8598 , 12194 , 12427 , 11742 , 12646 , 12877 , 9269 , 8817 , 10390 , 9720 , 10171 , 10621 , 11291 , 11073 , 13096 , 9036 , 11522 , 10840 , 14001 , 13782 , 13330 , 11742 , 11975 , 9488 , 12427 , 13548 , 9939 , 12194 , 12646 , 14233 , 12877 , 13329 , 14567 , 13781 , 14000 , 14451 , 13095 , 13547 , 14567 , 14452 , 14234 , 343 , 457 , 264 , 413 , 415 , 415 , 413 , 357 , 370 , 338 , 
RegressionTest0::test002 , 62 , 0 , 214 , 213 , 4 , 669 , 184 , 229 , 429 , 842 , 1528 , 1077 , 1289 , 429 , 2375 , 2575 , 1948 , 2142 , 1711 , 2803 , 667 , 842 , 3008 , 3230 , 3882 , 3663 , 1529 , 4102 , 1289 , 4313 , 1710 , 1077 , 4745 , 2575 , 5178 , 2375 , 3439 , 5611 , 1948 , 4534 , 6042 , 5396 , 5829 , 4965 , 3008 , 2803 , 2142 , 6261 , 7126 , 6470 , 6691 , 3881 , 3230 , 4313 , 6908 , 7770 , 4102 , 7557 , 3663 , 7339 , 4533 , 8205 , 8423 , 4965 , 8855 , 8633 , 9075 , 5396 , 7990 , 9759 , 5177 , 4745 , 10429 , 9308 , 10209 , 5610 , 3439 , 9977 , 10876 , 10661 , 6260 , 6692 , 11111 , 9526 , 5829 , 6908 , 6043 , 7557 , 11330 , 7339 , 6469 , 8205 , 7126 , 12013 , 11561 , 7990 , 8423 , 7769 , 8632 , 12232 , 12464 , 11780 , 12685 , 12916 , 9307 , 8854 , 10428 , 9758 , 10209 , 10661 , 11329 , 11111 , 13135 , 9075 , 11561 , 10876 , 14040 , 13820 , 13368 , 11781 , 12012 , 9526 , 12465 , 13588 , 9977 , 12233 , 12686 , 14273 , 12917 , 13368 , 14605 , 13820 , 14040 , 14491 , 13135 , 13588 , 14606 , 14491 , 14273 , 311 , 419 , 228 , 373 , 374 , 373 , 372 , 353 , 329 , 302 , 
RegressionTest0::test003 , 223 , 214 , 0 , 6 , 215 , 585 , 196 , 114 , 414 , 805 , 1457 , 1000 , 1252 , 415 , 2307 , 2532 , 1876 , 2103 , 1675 , 2742 , 584 , 804 , 2962 , 3171 , 3835 , 3604 , 1457 , 4045 , 1252 , 4268 , 1675 , 1000 , 4698 , 2532 , 5131 , 2307 , 3395 , 5564 , 1876 , 4478 , 5996 , 5340 , 5772 , 4909 , 2963 , 2742 , 2103 , 6205 , 7070 , 6428 , 6637 , 3835 , 3170 , 4268 , 6861 , 7726 , 4045 , 7502 , 3604 , 7293 , 4478 , 8158 , 8366 , 4909 , 8799 , 8589 , 9028 , 5340 , 7935 , 9703 , 5131 , 4699 , 10381 , 9252 , 10154 , 5564 , 3395 , 9931 , 10833 , 10605 , 6205 , 6637 , 11055 , 9480 , 5773 , 6861 , 5996 , 7502 , 11284 , 7293 , 6428 , 8158 , 7069 , 11958 , 11506 , 7935 , 8367 , 7726 , 8590 , 12187 , 12410 , 11735 , 12638 , 12861 , 9252 , 8800 , 10382 , 9703 , 10154 , 10605 , 11284 , 11056 , 13089 , 9029 , 11506 , 10833 , 13994 , 13764 , 13312 , 11734 , 11957 , 9479 , 12409 , 13541 , 9930 , 12186 , 12638 , 14217 , 12861 , 13313 , 14551 , 13765 , 13993 , 14445 , 13090 , 13542 , 14551 , 14445 , 14217 , 350 , 451 , 308 , 409 , 408 , 409 , 411 , 332 , 344 , 296 , 
RegressionTest0::test004 , 222 , 213 , 6 , 0 , 212 , 588 , 193 , 119 , 413 , 809 , 1461 , 1005 , 1255 , 414 , 2312 , 2535 , 1881 , 2106 , 1678 , 2744 , 588 , 808 , 2965 , 3173 , 3837 , 3606 , 1461 , 4047 , 1255 , 4270 , 1678 , 1005 , 4700 , 2535 , 5133 , 2312 , 3398 , 5565 , 1881 , 4480 , 5998 , 5342 , 5774 , 4911 , 2966 , 2744 , 2106 , 6207 , 7072 , 6430 , 6639 , 3837 , 3172 , 4270 , 6863 , 7728 , 4047 , 7504 , 3606 , 7295 , 4480 , 8160 , 8368 , 4911 , 8801 , 8591 , 9030 , 5343 , 7937 , 9705 , 5134 , 4701 , 10384 , 9254 , 10156 , 5566 , 3399 , 9933 , 10835 , 10607 , 6208 , 6640 , 11058 , 9482 , 5776 , 6864 , 5999 , 7504 , 11286 , 7295 , 6430 , 8160 , 7071 , 11960 , 11508 , 7937 , 8369 , 7729 , 8592 , 12189 , 12412 , 11737 , 12641 , 12863 , 9254 , 8802 , 10384 , 9705 , 10156 , 10607 , 11286 , 11058 , 13092 , 9031 , 11508 , 10835 , 13996 , 13767 , 13315 , 11737 , 11960 , 9482 , 12412 , 13544 , 9933 , 12189 , 12641 , 14219 , 12863 , 13315 , 14553 , 13767 , 13996 , 14447 , 13092 , 13544 , 14553 , 14447 , 14219 , 348 , 448 , 309 , 407 , 407 , 407 , 408 , 329 , 347 , 296 , 
RegressionTest0::test005 , 64 , 4 , 215 , 212 , 0 , 666 , 184 , 227 , 431 , 840 , 1527 , 1075 , 1288 , 431 , 2372 , 2574 , 1946 , 2140 , 1709 , 2801 , 666 , 840 , 3007 , 3229 , 3880 , 3661 , 1527 , 4101 , 1288 , 4312 , 1709 , 1075 , 4744 , 2574 , 5176 , 2373 , 3437 , 5610 , 1946 , 4533 , 6042 , 5395 , 5828 , 4964 , 3006 , 2801 , 2140 , 6260 , 7125 , 6469 , 6691 , 3880 , 3229 , 4312 , 6906 , 7769 , 4101 , 7556 , 3661 , 7338 , 4533 , 8204 , 8422 , 4964 , 8853 , 8632 , 9074 , 5396 , 7990 , 9759 , 5178 , 4745 , 10429 , 9308 , 10208 , 5610 , 3438 , 9977 , 10876 , 10661 , 6261 , 6692 , 11111 , 9526 , 5828 , 6908 , 6043 , 7556 , 11329 , 7338 , 6469 , 8204 , 7125 , 12012 , 11559 , 7989 , 8422 , 7770 , 8633 , 12233 , 12465 , 11781 , 12686 , 12917 , 9307 , 8855 , 10429 , 9758 , 10209 , 10661 , 11330 , 11111 , 13135 , 9075 , 11560 , 10876 , 14040 , 13820 , 13368 , 11781 , 12013 , 9526 , 12465 , 13588 , 9976 , 12233 , 12686 , 14273 , 12917 , 13368 , 14606 , 13820 , 14040 , 14491 , 13134 , 13588 , 14606 , 14490 , 14272 , 312 , 420 , 228 , 373 , 373 , 374 , 371 , 355 , 330 , 302 , 
RegressionTest0::test006 , 641 , 669 , 585 , 588 , 666 , 0 , 736 , 514 , 347 , 351 , 961 , 513 , 777 , 341 , 1815 , 2046 , 1389 , 1615 , 1187 , 2236 , 8 , 357 , 2475 , 2671 , 3338 , 3077 , 967 , 3535 , 783 , 3758 , 1193 , 519 , 4189 , 2052 , 4622 , 1820 , 2885 , 5046 , 1395 , 3969 , 5479 , 4821 , 5252 , 4388 , 2480 , 2238 , 1621 , 5684 , 6535 , 5894 , 6110 , 3340 , 2674 , 3762 , 6335 , 7195 , 3537 , 6973 , 3083 , 6766 , 3971 , 7627 , 7831 , 4388 , 8262 , 8052 , 8491 , 4822 , 7403 , 9160 , 4624 , 4189 , 9836 , 8714 , 9609 , 5047 , 2891 , 9390 , 10286 , 10058 , 5686 , 6113 , 10509 , 8944 , 5256 , 6334 , 5480 , 6973 , 10735 , 6767 , 5896 , 7627 , 6535 , 11409 , 10957 , 7401 , 7831 , 7197 , 8054 , 11639 , 11862 , 11187 , 12092 , 12314 , 8714 , 8262 , 9836 , 9160 , 9609 , 10058 , 10736 , 10509 , 12542 , 8492 , 10958 , 10285 , 13448 , 13218 , 12767 , 11187 , 11410 , 8944 , 11862 , 12996 , 9391 , 11638 , 12092 , 13671 , 12314 , 12767 , 14004 , 13218 , 13448 , 13899 , 12542 , 12995 , 14004 , 13900 , 13671 , 860 , 1005 , 808 , 959 , 959 , 959 , 959 , 618 , 874 , 795 , 
RegressionTest0::test007 , 226 , 184 , 196 , 193 , 184 , 736 , 0 , 280 , 557 , 967 , 1614 , 1162 , 1413 , 556 , 2472 , 2695 , 2040 , 2266 , 1835 , 2902 , 735 , 968 , 3128 , 3333 , 4000 , 3766 , 1614 , 4207 , 1414 , 4430 , 1835 , 1161 , 4863 , 2695 , 5294 , 2472 , 3558 , 5728 , 2040 , 4639 , 6159 , 5504 , 5937 , 5072 , 3128 , 2902 , 2266 , 6368 , 7233 , 6591 , 6800 , 4000 , 3334 , 4430 , 7024 , 7889 , 4207 , 7665 , 3766 , 7456 , 4639 , 8321 , 8530 , 5072 , 8963 , 8753 , 9192 , 5505 , 8099 , 9867 , 5295 , 4864 , 10546 , 9416 , 10318 , 5729 , 3559 , 10095 , 10997 , 10769 , 6369 , 6801 , 11220 , 9644 , 5938 , 7025 , 6160 , 7666 , 11448 , 7457 , 6592 , 8322 , 7234 , 12122 , 11670 , 8099 , 8531 , 7890 , 8754 , 12351 , 12574 , 11899 , 12803 , 13025 , 9416 , 8964 , 10546 , 9867 , 10318 , 10769 , 11448 , 11220 , 13254 , 9193 , 11670 , 10997 , 14158 , 13929 , 13477 , 11899 , 12122 , 9644 , 12574 , 13706 , 10095 , 12351 , 12803 , 14381 , 13025 , 13477 , 14715 , 13929 , 14158 , 14609 , 13254 , 13706 , 14715 , 14609 , 14381 , 211 , 290 , 228 , 261 , 262 , 262 , 264 , 378 , 220 , 213 , 
RegressionTest0::test008 , 181 , 229 , 114 , 119 , 227 , 514 , 280 , 0 , 347 , 729 , 1382 , 918 , 1174 , 346 , 2234 , 2455 , 1802 , 2028 , 1593 , 2664 , 513 , 729 , 2888 , 3091 , 3758 , 3526 , 1381 , 3966 , 1174 , 4191 , 1593 , 918 , 4623 , 2455 , 5052 , 2234 , 3317 , 5484 , 1803 , 4399 , 5917 , 5260 , 5693 , 4830 , 2888 , 2664 , 2026 , 6126 , 6989 , 6348 , 6557 , 3758 , 3092 , 4191 , 6780 , 7646 , 3965 , 7422 , 3526 , 7213 , 4399 , 8078 , 8287 , 4830 , 8720 , 8510 , 8948 , 5261 , 7856 , 9624 , 5053 , 4624 , 10303 , 9173 , 10075 , 5485 , 3318 , 9852 , 10754 , 10526 , 6127 , 6558 , 10977 , 9401 , 5694 , 6781 , 5917 , 7423 , 11204 , 7214 , 6349 , 8079 , 6990 , 11879 , 11426 , 7856 , 8287 , 7646 , 8510 , 12108 , 12330 , 11655 , 12559 , 12781 , 9172 , 8720 , 10301 , 9624 , 10075 , 10526 , 11204 , 10977 , 13011 , 8950 , 11426 , 10754 , 13914 , 13686 , 13234 , 11656 , 11879 , 9401 , 12331 , 13463 , 9852 , 12109 , 12559 , 14138 , 12782 , 13234 , 14472 , 13686 , 13915 , 14367 , 13011 , 13463 , 14471 , 14367 , 14138 , 408 , 533 , 390 , 489 , 490 , 489 , 492 , 351 , 420 , 371 , 
RegressionTest0::test009 , 397 , 429 , 414 , 413 , 431 , 347 , 557 , 347 , 0 , 486 , 1178 , 726 , 936 , 7 , 2022 , 2203 , 1592 , 1781 , 1352 , 2451 , 341 , 481 , 2640 , 2873 , 3502 , 3298 , 1173 , 3734 , 932 , 3931 , 1351 , 721 , 4361 , 2203 , 4786 , 2020 , 3061 , 5222 , 1587 , 4165 , 5649 , 5021 , 5449 , 4594 , 2639 , 2447 , 1780 , 5879 , 6739 , 6079 , 6309 , 3501 , 2872 , 3931 , 6513 , 7375 , 3732 , 7165 , 3295 , 6940 , 4164 , 7804 , 8028 , 4593 , 8461 , 8235 , 8672 , 5020 , 7602 , 9361 , 4785 , 4360 , 10024 , 8913 , 9809 , 5223 , 3061 , 9575 , 10478 , 10259 , 5880 , 6309 , 10710 , 9124 , 5450 , 6514 , 5649 , 7165 , 10928 , 6941 , 6079 , 7805 , 6740 , 11613 , 11159 , 7602 , 8028 , 7375 , 8236 , 11830 , 12065 , 11378 , 12282 , 12515 , 8913 , 8462 , 10025 , 9360 , 9809 , 10258 , 10927 , 10709 , 12733 , 8672 , 11158 , 10477 , 13637 , 13419 , 12968 , 11378 , 11613 , 9124 , 12065 , 13185 , 9576 , 11830 , 12282 , 13871 , 12515 , 12968 , 14205 , 13420 , 13638 , 14089 , 12734 , 13185 , 14205 , 14088 , 13872 , 688 , 820 , 564 , 773 , 774 , 774 , 772 , 530 , 696 , 635 , 
RegressionTest0::test010 , 804 , 842 , 805 , 809 , 840 , 351 , 967 , 729 , 486 , 0 , 808 , 379 , 553 , 480 , 1644 , 1832 , 1222 , 1401 , 968 , 2077 , 357 , 8 , 2255 , 2491 , 3099 , 2928 , 815 , 3353 , 560 , 3552 , 974 , 386 , 3980 , 1837 , 4406 , 1651 , 2691 , 4841 , 1228 , 3785 , 5264 , 4631 , 5073 , 4214 , 2258 , 2084 , 1407 , 5501 , 6355 , 5689 , 5919 , 3103 , 2497 , 3556 , 6122 , 6979 , 3359 , 6787 , 2934 , 6546 , 3790 , 7416 , 7648 , 4216 , 8067 , 7839 , 8277 , 4633 , 7215 , 8969 , 4407 , 3982 , 9622 , 8526 , 9415 , 4842 , 2697 , 9170 , 10073 , 9866 , 5503 , 5921 , 10314 , 8727 , 5074 , 6123 , 5267 , 6788 , 10522 , 6547 , 5693 , 7417 , 6357 , 11210 , 10760 , 7214 , 7648 , 6980 , 7840 , 11421 , 11661 , 10970 , 11871 , 12112 , 8526 , 8068 , 9622 , 8969 , 9414 , 9865 , 10522 , 10313 , 12320 , 8276 , 10760 , 10072 , 13225 , 13011 , 12556 , 10969 , 11211 , 8727 , 11661 , 12775 , 9170 , 11422 , 11871 , 13461 , 12112 , 12555 , 13794 , 13011 , 13226 , 13677 , 12321 , 12775 , 13794 , 13677 , 13461 , 1091 , 1231 , 966 , 1184 , 1184 , 1184 , 1184 , 845 , 1101 , 1017 , 
RegressionTest0::test011 , 1491 , 1528 , 1457 , 1461 , 1527 , 961 , 1614 , 1382 , 1178 , 808 , 0 , 569 , 381 , 1172 , 1010 , 1264 , 594 , 836 , 426 , 1457 , 966 , 815 , 1702 , 1877 , 2556 , 2261 , 8 , 2736 , 388 , 2960 , 431 , 574 , 3405 , 1271 , 3835 , 1016 , 2111 , 4246 , 601 , 3155 , 4677 , 4024 , 4401 , 3588 , 1708 , 1463 , 842 , 4860 , 5722 , 5102 , 5290 , 2560 , 1883 , 2964 , 5533 , 6373 , 2740 , 6152 , 2265 , 5947 , 3155 , 6815 , 7007 , 3590 , 7440 , 7241 , 7675 , 4029 , 6563 , 8331 , 3838 , 3408 , 9008 , 7872 , 8757 , 4249 , 2117 , 8560 , 9454 , 9217 , 4863 , 5294 , 9664 , 8117 , 4404 , 5536 , 4680 , 6155 , 9891 , 5952 , 5103 , 6818 , 5725 , 10561 , 10110 , 6565 , 7012 , 6373 , 7244 , 10788 , 11004 , 10349 , 11244 , 11432 , 7871 , 7442 , 9007 , 8332 , 8757 , 9216 , 9890 , 9663 , 11694 , 7676 , 10109 , 9453 , 12593 , 12334 , 11909 , 10350 , 10560 , 8119 , 11007 , 12141 , 8561 , 10789 , 11245 , 12808 , 11433 , 11909 , 13142 , 12334 , 12594 , 13036 , 11695 , 12141 , 13143 , 13036 , 12808 , 1738 , 1890 , 1655 , 1842 , 1842 , 1842 , 1841 , 1440 , 1753 , 1663 , 
RegressionTest0::test012 , 1036 , 1077 , 1000 , 1005 , 1075 , 513 , 1162 , 918 , 726 , 379 , 569 , 0 , 405 , 720 , 1438 , 1675 , 1007 , 1244 , 819 , 1855 , 519 , 385 , 2098 , 2286 , 2947 , 2715 , 575 , 3133 , 412 , 3390 , 825 , 7 , 3811 , 1681 , 4233 , 1445 , 2515 , 4659 , 1014 , 3586 , 5084 , 4420 , 4860 , 4003 , 2104 , 1860 , 1250 , 5278 , 6134 , 5521 , 5724 , 2952 , 2291 , 3394 , 5941 , 6805 , 3139 , 6582 , 2720 , 6381 , 3589 , 7232 , 7436 , 4007 , 7862 , 7666 , 8102 , 4423 , 7010 , 8761 , 4239 , 3813 , 9440 , 8320 , 9204 , 4664 , 2521 , 8980 , 9886 , 9654 , 5281 , 5728 , 10103 , 8543 , 4863 , 5945 , 5088 , 6583 , 10336 , 6382 , 5526 , 7237 , 6139 , 11000 , 10547 , 7010 , 7440 , 6808 , 7667 , 11234 , 11438 , 10778 , 11680 , 11898 , 8321 , 7863 , 9440 , 8760 , 9203 , 9653 , 10335 , 10101 , 12128 , 8101 , 10546 , 9885 , 13026 , 12798 , 12339 , 10779 , 11000 , 8545 , 11438 , 12580 , 8983 , 11234 , 11680 , 13246 , 11898 , 12339 , 13581 , 12797 , 13027 , 13477 , 12129 , 12579 , 13581 , 13477 , 13245 , 1286 , 1431 , 1206 , 1383 , 1384 , 1384 , 1382 , 1011 , 1299 , 1208 , 
RegressionTest0::test013 , 1250 , 1289 , 1252 , 1255 , 1288 , 777 , 1413 , 1174 , 936 , 553 , 381 , 405 , 0 , 931 , 1251 , 1425 , 818 , 992 , 570 , 1675 , 783 , 560 , 1854 , 2111 , 2714 , 2515 , 388 , 2967 , 8 , 3126 , 576 , 412 , 3569 , 1432 , 3999 , 1258 , 2238 , 4390 , 825 , 3386 , 4843 , 4250 , 4654 , 3810 , 1861 , 1681 , 996 , 5092 , 5942 , 5275 , 5518 , 2718 , 2116 , 3130 , 5701 , 6541 , 2973 , 6373 , 2521 , 6127 , 3391 , 6991 , 7218 , 3811 , 7654 , 7420 , 7845 , 4256 , 6792 , 8554 , 4003 , 3571 , 9192 , 8103 , 8997 , 4393 , 2243 , 8733 , 9639 , 9444 , 5094 , 5520 , 9890 , 8304 , 4660 , 5701 , 4844 , 6374 , 10089 , 6128 , 5277 , 6993 , 5942 , 10789 , 10336 , 6794 , 7221 , 6544 , 7422 , 10980 , 11236 , 10535 , 11418 , 11677 , 8104 , 7657 , 9193 , 8554 , 8998 , 9443 , 10088 , 9890 , 11881 , 7845 , 10336 , 9638 , 12778 , 12573 , 12132 , 10535 , 10788 , 8304 , 11235 , 12324 , 8732 , 10979 , 11418 , 13029 , 11677 , 12133 , 13354 , 12574 , 12778 , 13224 , 11883 , 12324 , 13354 , 13224 , 13029 , 1539 , 1683 , 1407 , 1635 , 1635 , 1635 , 1634 , 1257 , 1548 , 1461 , 
RegressionTest0::test014 , 396 , 429 , 415 , 414 , 431 , 341 , 556 , 346 , 7 , 480 , 1172 , 720 , 931 , 0 , 2019 , 2202 , 1586 , 1780 , 1351 , 2447 , 347 , 487 , 2640 , 2871 , 3502 , 3295 , 1179 , 3732 , 937 , 3930 , 1353 , 727 , 4360 , 2203 , 4786 , 2022 , 3059 , 5222 , 1593 , 4164 , 5648 , 5021 , 5450 , 4593 , 2640 , 2453 , 1782 , 5880 , 6739 , 6076 , 6308 , 3503 , 2874 , 3930 , 6512 , 7375 , 3734 , 7166 , 3299 , 6940 , 4166 , 7803 , 8027 , 4593 , 8462 , 8235 , 8672 , 5023 , 7602 , 9362 , 4788 , 4361 , 10025 , 8912 , 9810 , 5224 , 3061 , 9576 , 10478 , 10259 , 5882 , 6310 , 10710 , 9123 , 5452 , 6513 , 5650 , 7168 , 10928 , 6941 , 6078 , 7804 , 6740 , 11612 , 11159 , 7603 , 8028 , 7376 , 8236 , 11830 , 12065 , 11378 , 12282 , 12514 , 8913 , 8463 , 10025 , 9361 , 9809 , 10258 , 10927 , 10709 , 12733 , 8671 , 11158 , 10477 , 13637 , 13420 , 12968 , 11378 , 11613 , 9124 , 12065 , 13184 , 9576 , 11830 , 12282 , 13871 , 12514 , 12967 , 14204 , 13419 , 13637 , 14088 , 12733 , 13184 , 14204 , 14089 , 13872 , 688 , 821 , 566 , 773 , 774 , 775 , 772 , 529 , 697 , 636 , 
RegressionTest0::test015 , 2337 , 2375 , 2307 , 2312 , 2372 , 1815 , 2472 , 2234 , 2022 , 1644 , 1010 , 1438 , 1251 , 2019 , 0 , 510 , 640 , 422 , 869 , 678 , 1820 , 1651 , 937 , 1089 , 1815 , 1551 , 1016 , 1977 , 1258 , 2216 , 875 , 1444 , 2670 , 517 , 3059 , 8 , 1362 , 3518 , 647 , 2349 , 3938 , 3245 , 3679 , 2820 , 942 , 684 , 428 , 4108 , 4953 , 4319 , 4458 , 1822 , 1095 , 2216 , 4783 , 5635 , 1983 , 5352 , 1556 , 5188 , 2353 , 6038 , 6242 , 2821 , 6634 , 6447 , 6916 , 3250 , 5810 , 7562 , 3067 , 2675 , 8245 , 7111 , 7954 , 3522 , 1368 , 7798 , 8679 , 8446 , 4109 , 4459 , 8844 , 7352 , 3681 , 4790 , 3941 , 5355 , 9127 , 5190 , 4322 , 6044 , 4955 , 9753 , 9331 , 5811 , 6245 , 5636 , 6448 , 9996 , 10215 , 9564 , 10462 , 10667 , 7111 , 6638 , 8247 , 7560 , 7954 , 8445 , 9128 , 8845 , 10897 , 6917 , 9330 , 8679 , 11804 , 11532 , 11093 , 9564 , 9753 , 7352 , 10215 , 11348 , 7797 , 9996 , 10462 , 12007 , 10667 , 11093 , 12351 , 11532 , 11806 , 12233 , 10897 , 11348 , 12350 , 12232 , 12007 , 2595 , 2749 , 2495 , 2701 , 2702 , 2702 , 2700 , 2269 , 2611 , 2511 , 
RegressionTest0::test016 , 2536 , 2575 , 2532 , 2535 , 2574 , 2046 , 2695 , 2455 , 2203 , 1832 , 1264 , 1675 , 1425 , 2202 , 510 , 0 , 880 , 657 , 1034 , 443 , 2050 , 1837 , 701 , 954 , 1579 , 1391 , 1271 , 1826 , 1432 , 1998 , 1039 , 1681 , 2363 , 8 , 2847 , 516 , 1102 , 3261 , 887 , 2280 , 3707 , 3136 , 3545 , 2665 , 707 , 448 , 663 , 3957 , 4786 , 4125 , 4405 , 1584 , 960 , 1999 , 4479 , 5377 , 1831 , 5254 , 1398 , 4979 , 2286 , 5828 , 6073 , 2668 , 6523 , 6256 , 6653 , 3142 , 5671 , 7402 , 2850 , 2368 , 7980 , 6929 , 7846 , 3267 , 1109 , 7581 , 8470 , 8285 , 3958 , 4411 , 8739 , 7140 , 3550 , 4481 , 3708 , 5260 , 8862 , 4981 , 4127 , 5828 , 4790 , 9624 , 9161 , 5673 , 6074 , 5382 , 6259 , 9780 , 10064 , 9359 , 10244 , 10508 , 6929 , 6527 , 7980 , 7400 , 7847 , 8284 , 8862 , 8739 , 10689 , 6657 , 9160 , 8468 , 11554 , 11401 , 10951 , 9359 , 9625 , 7140 , 10065 , 11110 , 7582 , 9779 , 10244 , 11809 , 10508 , 10951 , 12151 , 11402 , 11556 , 12033 , 10690 , 11109 , 12151 , 12033 , 11810 , 2818 , 2972 , 2686 , 2924 , 2924 , 2924 , 2923 , 2494 , 2834 , 2731 , 
RegressionTest0::test017 , 1910 , 1948 , 1876 , 1881 , 1946 , 1389 , 2040 , 1802 , 1592 , 1222 , 594 , 1007 , 818 , 1586 , 640 , 880 , 0 , 468 , 406 , 1050 , 1394 , 1227 , 1315 , 1506 , 2172 , 1922 , 600 , 2309 , 825 , 2617 , 412 , 1014 , 3006 , 887 , 3463 , 647 , 1748 , 3883 , 8 , 2781 , 4276 , 3636 , 4057 , 3195 , 1320 , 1054 , 473 , 4428 , 5323 , 4733 , 4912 , 2177 , 1511 , 2621 , 5151 , 5998 , 2313 , 5768 , 1926 , 5580 , 2783 , 6414 , 6596 , 3199 , 7050 , 6864 , 7284 , 3638 , 6193 , 7915 , 3468 , 3012 , 8615 , 7500 , 8390 , 3890 , 1755 , 8177 , 9068 , 8800 , 4431 , 4916 , 9270 , 7734 , 4060 , 5153 , 4278 , 5771 , 9509 , 5583 , 4737 , 6414 , 5326 , 10163 , 9708 , 6195 , 6599 , 6003 , 6865 , 10405 , 10605 , 9942 , 10837 , 11047 , 7502 , 7053 , 8615 , 7915 , 8391 , 8800 , 9508 , 9270 , 11293 , 7288 , 9707 , 9068 , 12186 , 11954 , 11485 , 9942 , 10163 , 7735 , 10605 , 11746 , 8178 , 10405 , 10835 , 12365 , 11047 , 11485 , 12739 , 11954 , 12188 , 12636 , 11294 , 11746 , 12739 , 12637 , 12365 , 2164 , 2317 , 2070 , 2269 , 2270 , 2270 , 2268 , 1845 , 2179 , 2082 , 
RegressionTest0::test018 , 2105 , 2142 , 2103 , 2106 , 2140 , 1615 , 2266 , 2028 , 1781 , 1401 , 836 , 1244 , 992 , 1780 , 422 , 657 , 468 , 0 , 615 , 905 , 1620 , 1405 , 1068 , 1345 , 1951 , 1768 , 841 , 2228 , 996 , 2323 , 622 , 1249 , 2796 , 663 , 3220 , 428 , 1522 , 3655 , 474 , 2623 , 4079 , 3498 , 3908 , 3079 , 1075 , 912 , 8 , 4352 , 5197 , 4441 , 4745 , 1958 , 1352 , 2327 , 4928 , 5782 , 2235 , 5616 , 1774 , 5347 , 2625 , 6218 , 6471 , 3083 , 6864 , 6610 , 7074 , 3503 , 6029 , 7787 , 3223 , 2798 , 8414 , 7338 , 8225 , 3658 , 1527 , 7934 , 8822 , 8681 , 4358 , 4750 , 9113 , 7527 , 3911 , 4929 , 4079 , 5620 , 9295 , 5351 , 4442 , 6221 , 5198 , 10005 , 9556 , 6031 , 6476 , 5782 , 6613 , 10187 , 10448 , 9726 , 10627 , 10895 , 7339 , 6866 , 8415 , 7789 , 8226 , 8681 , 9296 , 9114 , 11073 , 7077 , 9556 , 8824 , 11974 , 11766 , 11338 , 9725 , 10005 , 7525 , 10447 , 11507 , 7934 , 10186 , 10626 , 12238 , 10894 , 11338 , 12553 , 11768 , 11975 , 12382 , 11073 , 11508 , 12553 , 12381 , 12240 , 2388 , 2540 , 2256 , 2492 , 2493 , 2493 , 2491 , 2070 , 2402 , 2307 , 
RegressionTest0::test019 , 1675 , 1711 , 1675 , 1678 , 1709 , 1187 , 1835 , 1593 , 1352 , 968 , 426 , 819 , 570 , 1351 , 869 , 1034 , 406 , 615 , 0 , 1303 , 1191 , 973 , 1479 , 1728 , 2290 , 2162 , 431 , 2575 , 575 , 2753 , 8 , 825 , 3169 , 1040 , 3616 , 875 , 1900 , 4038 , 411 , 3028 , 4414 , 3862 , 4295 , 3441 , 1485 , 1310 , 622 , 4698 , 5572 , 4887 , 5148 , 2294 , 1734 , 2755 , 5316 , 6166 , 2580 , 5987 , 2168 , 5744 , 3029 , 6576 , 6829 , 3446 , 7273 , 7029 , 7463 , 3864 , 6419 , 8157 , 3618 , 3173 , 8777 , 7725 , 8607 , 4041 , 1905 , 8354 , 9235 , 9051 , 4702 , 5148 , 9501 , 7887 , 4300 , 5318 , 4416 , 5990 , 9689 , 5747 , 4890 , 6577 , 5575 , 10393 , 9943 , 6420 , 6831 , 6167 , 7030 , 10583 , 10841 , 10136 , 11027 , 11291 , 7726 , 7274 , 8778 , 8159 , 8607 , 9053 , 9690 , 9502 , 11461 , 7465 , 9943 , 9237 , 12358 , 12186 , 11722 , 10135 , 10392 , 7888 , 10840 , 11929 , 8354 , 10582 , 11026 , 12619 , 11290 , 11724 , 12935 , 12187 , 12357 , 12826 , 11461 , 11930 , 12936 , 12827 , 12617 , 1958 , 2108 , 1830 , 2060 , 2061 , 2061 , 2059 , 1657 , 1972 , 1874 , 
RegressionTest0::test020 , 2765 , 2803 , 2742 , 2744 , 2801 , 2236 , 2902 , 2664 , 2451 , 2077 , 1457 , 1855 , 1675 , 2447 , 678 , 443 , 1050 , 905 , 1303 , 0 , 2238 , 2082 , 550 , 721 , 1415 , 1114 , 1462 , 1608 , 1681 , 1867 , 1310 , 1860 , 2261 , 449 , 2728 , 684 , 979 , 3107 , 1054 , 2022 , 3575 , 2875 , 3290 , 2383 , 557 , 8 , 912 , 3739 , 4491 , 3994 , 4148 , 1421 , 728 , 1874 , 4370 , 5241 , 1613 , 5002 , 1121 , 4842 , 2026 , 5681 , 5853 , 2387 , 6286 , 6092 , 6502 , 2879 , 5389 , 7178 , 2734 , 2261 , 7864 , 6691 , 7620 , 3114 , 986 , 7407 , 8309 , 8010 , 3740 , 4151 , 8509 , 6987 , 3297 , 4372 , 3578 , 5003 , 8738 , 4848 , 4000 , 5681 , 4493 , 9393 , 8886 , 5390 , 5853 , 5243 , 6097 , 9636 , 9808 , 9199 , 10045 , 10275 , 6694 , 6287 , 7866 , 7179 , 7621 , 8010 , 8739 , 8510 , 10522 , 6503 , 8888 , 8311 , 11398 , 11140 , 10715 , 9198 , 9395 , 6987 , 9807 , 10954 , 7408 , 9638 , 10044 , 11579 , 10275 , 10716 , 11962 , 11141 , 11400 , 11856 , 10521 , 10955 , 11962 , 11855 , 11580 , 3026 , 3181 , 2919 , 3133 , 3133 , 3133 , 3132 , 2694 , 3043 , 2940 , 
RegressionTest0::test021 , 641 , 667 , 584 , 588 , 666 , 8 , 735 , 513 , 341 , 357 , 966 , 519 , 783 , 347 , 1820 , 2050 , 1394 , 1620 , 1191 , 2238 , 0 , 350 , 2478 , 2672 , 3340 , 3081 , 960 , 3537 , 777 , 3760 , 1186 , 513 , 4191 , 2047 , 4622 , 1815 , 2889 , 5046 , 1389 , 3970 , 5479 , 4821 , 5253 , 4390 , 2475 , 2236 , 1615 , 5685 , 6535 , 5897 , 6110 , 3338 , 2671 , 3758 , 6336 , 7196 , 3535 , 6972 , 3078 , 6767 , 3968 , 7626 , 7830 , 4389 , 8263 , 8054 , 8492 , 4820 , 7403 , 9160 , 4621 , 4191 , 9836 , 8714 , 9609 , 5047 , 2886 , 9392 , 10286 , 10058 , 5684 , 6111 , 10510 , 8944 , 5254 , 6336 , 5479 , 6973 , 10737 , 6767 , 5895 , 7627 , 6536 , 11411 , 10958 , 7403 , 7831 , 7196 , 8054 , 11638 , 11861 , 11186 , 12091 , 12313 , 8713 , 8263 , 9835 , 9160 , 9609 , 10058 , 10736 , 10510 , 12542 , 8493 , 10958 , 10286 , 13449 , 13217 , 12766 , 11186 , 11409 , 8943 , 11861 , 12995 , 9392 , 11638 , 12091 , 13671 , 12314 , 12767 , 14004 , 13218 , 13449 , 13899 , 12542 , 12996 , 14005 , 13900 , 13671 , 860 , 1005 , 809 , 959 , 959 , 959 , 959 , 617 , 874 , 795 , 
RegressionTest0::test022 , 803 , 842 , 804 , 808 , 840 , 357 , 968 , 729 , 481 , 8 , 815 , 385 , 560 , 487 , 1651 , 1837 , 1227 , 1405 , 973 , 2082 , 350 , 0 , 2257 , 2495 , 3101 , 2932 , 808 , 3359 , 554 , 3556 , 968 , 379 , 3982 , 1833 , 4407 , 1645 , 2696 , 4841 , 1223 , 3788 , 5265 , 4632 , 5073 , 4217 , 2255 , 2078 , 1401 , 5501 , 6358 , 5692 , 5919 , 3098 , 2491 , 3554 , 6123 , 6978 , 3353 , 6788 , 2928 , 6547 , 3786 , 7416 , 7647 , 4214 , 8067 , 7837 , 8279 , 4633 , 7214 , 8970 , 4406 , 3981 , 9622 , 8527 , 9414 , 4842 , 2692 , 9171 , 10073 , 9866 , 5502 , 5918 , 10314 , 8727 , 5074 , 6123 , 5265 , 6788 , 10522 , 6548 , 5691 , 7416 , 6356 , 11211 , 10760 , 7214 , 7648 , 6979 , 7838 , 11421 , 11662 , 10969 , 11871 , 12111 , 8527 , 8068 , 9622 , 8969 , 9413 , 9865 , 10521 , 10313 , 12321 , 8277 , 10759 , 10072 , 13225 , 13009 , 12555 , 10969 , 11210 , 8725 , 11661 , 12774 , 9170 , 11420 , 11870 , 13461 , 12111 , 12556 , 13795 , 13009 , 13226 , 13677 , 12322 , 12775 , 13795 , 13677 , 13461 , 1092 , 1231 , 966 , 1183 , 1183 , 1183 , 1183 , 844 , 1101 , 1017 , 
RegressionTest0::test023 , 2969 , 3008 , 2962 , 2965 , 3007 , 2475 , 3128 , 2888 , 2640 , 2255 , 1702 , 2098 , 1854 , 2640 , 937 , 701 , 1315 , 1068 , 1479 , 550 , 2478 , 2257 , 0 , 459 , 1142 , 985 , 1707 , 1440 , 1861 , 1620 , 1484 , 2103 , 2040 , 707 , 2395 , 943 , 739 , 2888 , 1319 , 1868 , 3311 , 2719 , 3180 , 2326 , 8 , 557 , 1075 , 3588 , 4460 , 3762 , 4005 , 1147 , 465 , 1625 , 4171 , 5027 , 1446 , 4828 , 992 , 4507 , 1873 , 5416 , 5721 , 2332 , 6118 , 5871 , 6311 , 2724 , 5307 , 6992 , 2401 , 2044 , 7644 , 6598 , 7460 , 2893 , 746 , 7198 , 8031 , 7909 , 3594 , 4005 , 8350 , 6705 , 3188 , 4175 , 3317 , 4833 , 8530 , 4509 , 3762 , 5420 , 4465 , 9223 , 8801 , 5308 , 5726 , 5028 , 5874 , 9415 , 9681 , 8905 , 9823 , 10121 , 6602 , 6120 , 7646 , 6992 , 7461 , 7912 , 8530 , 8352 , 10286 , 6315 , 8800 , 8032 , 11161 , 10999 , 10561 , 8905 , 9223 , 6708 , 9680 , 10730 , 7198 , 9414 , 9823 , 11450 , 10122 , 10563 , 11749 , 10999 , 11160 , 11602 , 10288 , 10730 , 11750 , 11603 , 11450 , 3252 , 3406 , 3116 , 3358 , 3358 , 3358 , 3357 , 2916 , 3268 , 3162 , 
RegressionTest0::test024 , 3193 , 3230 , 3171 , 3173 , 3229 , 2671 , 3333 , 3091 , 2873 , 2491 , 1877 , 2286 , 2111 , 2871 , 1089 , 954 , 1506 , 1345 , 1728 , 721 , 2672 , 2495 , 459 , 0 , 1034 , 760 , 1882 , 1166 , 2117 , 1463 , 1733 , 2290 , 1918 , 959 , 2301 , 1095 , 594 , 2772 , 1510 , 1654 , 3147 , 2421 , 2914 , 2072 , 466 , 728 , 1352 , 3335 , 4198 , 3624 , 3783 , 1041 , 8 , 1467 , 4049 , 4894 , 1171 , 4518 , 767 , 4413 , 1659 , 5293 , 5421 , 2072 , 5893 , 5726 , 6132 , 2427 , 5050 , 6743 , 2302 , 1925 , 7480 , 6351 , 7233 , 2779 , 601 , 7057 , 7928 , 7679 , 3341 , 3783 , 8058 , 6558 , 2919 , 4055 , 3153 , 4521 , 8370 , 4415 , 3628 , 5295 , 4200 , 8932 , 8565 , 5052 , 5426 , 4899 , 5732 , 9259 , 9458 , 8796 , 9687 , 9850 , 6354 , 5895 , 7481 , 6746 , 7234 , 7680 , 8373 , 8059 , 10093 , 6136 , 8565 , 7928 , 11014 , 10766 , 10321 , 8795 , 8933 , 6557 , 9457 , 10582 , 7059 , 9260 , 9687 , 11192 , 9850 , 10322 , 11534 , 10767 , 11013 , 11448 , 10093 , 10583 , 11535 , 11450 , 11193 , 3458 , 3614 , 3342 , 3566 , 3566 , 3566 , 3565 , 3119 , 3476 , 3370 , 
RegressionTest0::test025 , 3842 , 3882 , 3835 , 3837 , 3880 , 3338 , 4000 , 3758 , 3502 , 3099 , 2556 , 2947 , 2714 , 3502 , 1815 , 1579 , 2172 , 1951 , 2290 , 1415 , 3340 , 3101 , 1142 , 1034 , 0 , 641 , 2560 , 493 , 2718 , 820 , 2294 , 2953 , 1212 , 1584 , 1704 , 1822 , 786 , 2133 , 2177 , 1070 , 2469 , 1953 , 2424 , 1524 , 1146 , 1421 , 1954 , 2801 , 3682 , 2979 , 3271 , 8 , 1041 , 826 , 3391 , 4256 , 499 , 4093 , 648 , 3839 , 1076 , 4558 , 4914 , 1530 , 5404 , 5121 , 5480 , 1958 , 4561 , 6248 , 1710 , 1217 , 6803 , 5843 , 6736 , 2140 , 793 , 6432 , 7308 , 7102 , 2808 , 3277 , 7582 , 5983 , 2430 , 3397 , 2475 , 4097 , 7761 , 3842 , 2983 , 4562 , 3688 , 8478 , 8042 , 4565 , 4920 , 4257 , 5123 , 8643 , 8944 , 8124 , 8991 , 9341 , 5845 , 5405 , 6807 , 6249 , 6741 , 7106 , 7763 , 7582 , 9530 , 5484 , 8046 , 7310 , 10401 , 10257 , 9796 , 8124 , 8478 , 5982 , 8944 , 9928 , 6434 , 8642 , 8990 , 10680 , 9342 , 9797 , 10957 , 10262 , 10401 , 10832 , 9530 , 9929 , 10957 , 10832 , 10679 , 4124 , 4280 , 3991 , 4232 , 4232 , 4232 , 4231 , 3779 , 4142 , 4038 , 
RegressionTest0::test026 , 3624 , 3663 , 3604 , 3606 , 3661 , 3077 , 3766 , 3526 , 3298 , 2928 , 2261 , 2715 , 2515 , 3295 , 1551 , 1391 , 1922 , 1768 , 2162 , 1114 , 3081 , 2932 , 985 , 760 , 641 , 0 , 2264 , 809 , 2521 , 1078 , 2169 , 2720 , 1510 , 1398 , 1975 , 1555 , 474 , 2343 , 1926 , 1198 , 2829 , 2120 , 2461 , 1697 , 992 , 1120 , 1774 , 2958 , 3830 , 3195 , 3382 , 648 , 767 , 1084 , 3688 , 4454 , 815 , 4242 , 8 , 4096 , 1203 , 4958 , 5102 , 1702 , 5449 , 5332 , 5786 , 2125 , 4546 , 6409 , 1982 , 1516 , 7125 , 5959 , 6789 , 2343 , 481 , 6610 , 7545 , 7295 , 2962 , 3388 , 7745 , 6211 , 2467 , 3692 , 2835 , 4244 , 7996 , 4102 , 3201 , 4963 , 3833 , 8620 , 8100 , 4547 , 5103 , 4458 , 5335 , 8856 , 8972 , 8426 , 9323 , 9511 , 5961 , 5453 , 7127 , 6413 , 6793 , 7294 , 7995 , 7745 , 9768 , 5789 , 8100 , 7544 , 10647 , 10380 , 9906 , 8429 , 8619 , 6214 , 8972 , 10151 , 6609 , 8856 , 9325 , 10824 , 9511 , 9906 , 11184 , 10381 , 10647 , 11066 , 9768 , 10152 , 11184 , 11066 , 10824 , 3891 , 4047 , 3775 , 3999 , 3999 , 3999 , 3998 , 3545 , 3909 , 3806 , 
RegressionTest0::test027 , 1491 , 1529 , 1457 , 1461 , 1527 , 967 , 1614 , 1381 , 1173 , 815 , 8 , 575 , 388 , 1179 , 1016 , 1271 , 600 , 841 , 431 , 1462 , 960 , 808 , 1707 , 1882 , 2560 , 2264 , 0 , 2741 , 382 , 2964 , 426 , 570 , 3408 , 1265 , 3838 , 1011 , 2115 , 4250 , 595 , 3157 , 4680 , 4025 , 4401 , 3590 , 1702 , 1457 , 835 , 4862 , 5723 , 5104 , 5293 , 2556 , 1877 , 2960 , 5536 , 6372 , 2736 , 6155 , 2261 , 5951 , 3154 , 6816 , 7009 , 3588 , 7442 , 7242 , 7676 , 4025 , 6565 , 8333 , 3835 , 3406 , 9008 , 7872 , 8757 , 4247 , 2111 , 8561 , 9455 , 9217 , 4862 , 5292 , 9664 , 8119 , 4401 , 5535 , 4679 , 6152 , 9891 , 5948 , 5102 , 6816 , 5722 , 10561 , 10110 , 6563 , 7007 , 6373 , 7243 , 10788 , 11005 , 10350 , 11245 , 11433 , 7871 , 7441 , 9006 , 8331 , 8758 , 9217 , 9892 , 9664 , 11694 , 7676 , 10110 , 9455 , 12593 , 12333 , 11909 , 10349 , 10560 , 8116 , 11005 , 12139 , 8559 , 10787 , 11243 , 12808 , 11433 , 11910 , 13144 , 12334 , 12594 , 13036 , 11694 , 12140 , 13143 , 13036 , 12808 , 1738 , 1890 , 1655 , 1842 , 1842 , 1842 , 1841 , 1438 , 1753 , 1662 , 
RegressionTest0::test028 , 4063 , 4102 , 4045 , 4047 , 4101 , 3535 , 4207 , 3966 , 3734 , 3353 , 2736 , 3133 , 2967 , 3732 , 1977 , 1826 , 2309 , 2228 , 2575 , 1608 , 3537 , 3359 , 1440 , 1166 , 493 , 809 , 2741 , 0 , 2972 , 677 , 2578 , 3138 , 1119 , 1830 , 1552 , 1980 , 1037 , 2015 , 2314 , 848 , 2384 , 1738 , 2155 , 1235 , 1446 , 1613 , 2235 , 2492 , 3418 , 2871 , 3000 , 499 , 1171 , 684 , 3231 , 4142 , 8 , 3859 , 815 , 3720 , 854 , 4483 , 4568 , 1240 , 5146 , 5012 , 5392 , 1742 , 4272 , 6024 , 1557 , 1126 , 6674 , 5502 , 6474 , 2022 , 1044 , 6281 , 7186 , 6846 , 2499 , 3004 , 7355 , 5854 , 2162 , 3237 , 2386 , 3862 , 7606 , 3727 , 2877 , 4486 , 3424 , 8146 , 7801 , 4273 , 4571 , 4146 , 5013 , 8492 , 8678 , 8057 , 8911 , 9013 , 5507 , 5147 , 6675 , 6025 , 6477 , 6848 , 7607 , 7355 , 9378 , 5393 , 7802 , 7190 , 10201 , 9951 , 9566 , 8058 , 8147 , 5855 , 8677 , 9821 , 6286 , 8495 , 8911 , 10430 , 9011 , 9566 , 10726 , 9951 , 10200 , 10702 , 9380 , 9819 , 10727 , 10703 , 10432 , 4334 , 4489 , 4212 , 4441 , 4441 , 4441 , 4440 , 3984 , 4351 , 4247 , 
RegressionTest0::test029 , 1249 , 1289 , 1252 , 1255 , 1288 , 783 , 1414 , 1174 , 932 , 560 , 388 , 412 , 8 , 937 , 1258 , 1432 , 825 , 996 , 575 , 1681 , 777 , 554 , 1861 , 2117 , 2718 , 2521 , 382 , 2972 , 0 , 3129 , 569 , 405 , 3570 , 1425 , 3998 , 1251 , 2241 , 4391 , 818 , 3391 , 4843 , 4254 , 4659 , 3811 , 1855 , 1675 , 992 , 5094 , 5941 , 5277 , 5519 , 2714 , 2111 , 3126 , 5702 , 6543 , 2967 , 6375 , 2514 , 6128 , 3386 , 6991 , 7219 , 3810 , 7655 , 7421 , 7846 , 4251 , 6792 , 8555 , 4000 , 3570 , 9192 , 8104 , 8998 , 4391 , 2239 , 8733 , 9639 , 9443 , 5092 , 5518 , 9891 , 8304 , 4655 , 5700 , 4843 , 6373 , 10088 , 6128 , 5277 , 6991 , 5942 , 10789 , 10336 , 6791 , 7219 , 6542 , 7420 , 10979 , 11236 , 10535 , 11420 , 11676 , 8103 , 7655 , 9192 , 8554 , 8994 , 9444 , 10089 , 9892 , 11883 , 7846 , 10336 , 9640 , 12779 , 12573 , 12133 , 10536 , 10789 , 8304 , 11236 , 12325 , 8734 , 10979 , 11420 , 13029 , 11674 , 12133 , 13354 , 12572 , 12778 , 13223 , 11882 , 12323 , 13353 , 13224 , 13029 , 1539 , 1683 , 1407 , 1635 , 1635 , 1635 , 1634 , 1255 , 1548 , 1461 , 
RegressionTest0::test030 , 4274 , 4313 , 4268 , 4270 , 4312 , 3758 , 4430 , 4191 , 3931 , 3552 , 2960 , 3390 , 3126 , 3930 , 2216 , 1998 , 2617 , 2323 , 2753 , 1867 , 3760 , 3556 , 1620 , 1463 , 820 , 1078 , 2964 , 677 , 3129 , 0 , 2754 , 3393 , 857 , 2001 , 1254 , 2217 , 1182 , 1754 , 2621 , 507 , 2179 , 1576 , 1996 , 1110 , 1625 , 1874 , 2327 , 2473 , 3329 , 2506 , 2846 , 826 , 1468 , 8 , 3013 , 3885 , 684 , 3729 , 1084 , 3434 , 514 , 4305 , 4622 , 1116 , 4957 , 4585 , 5172 , 1583 , 4137 , 5907 , 1260 , 865 , 6498 , 5473 , 6307 , 1761 , 1188 , 6045 , 6867 , 6814 , 2479 , 2853 , 7164 , 5533 , 2003 , 3017 , 2186 , 3734 , 7380 , 3440 , 2512 , 4304 , 3334 , 8097 , 7646 , 4140 , 4626 , 3888 , 4589 , 8175 , 8541 , 7827 , 8706 , 9008 , 5473 , 4963 , 6500 , 5912 , 6306 , 6818 , 7380 , 7167 , 9033 , 5173 , 7647 , 6872 , 9970 , 9864 , 9405 , 7826 , 8101 , 5536 , 8540 , 9606 , 6045 , 8175 , 8706 , 10321 , 9011 , 9403 , 10549 , 9863 , 9969 , 10450 , 9032 , 9605 , 10549 , 10452 , 10323 , 4557 , 4713 , 4423 , 4665 , 4665 , 4665 , 4664 , 4205 , 4575 , 4470 , 
RegressionTest0::test031 , 1674 , 1710 , 1675 , 1678 , 1709 , 1193 , 1835 , 1593 , 1351 , 974 , 431 , 825 , 576 , 1353 , 875 , 1039 , 412 , 622 , 8 , 1310 , 1186 , 968 , 1484 , 1733 , 2294 , 2169 , 426 , 2578 , 569 , 2754 , 0 , 818 , 3172 , 1033 , 3614 , 868 , 1903 , 4039 , 406 , 3029 , 4415 , 3861 , 4298 , 3447 , 1480 , 1304 , 616 , 4702 , 5575 , 4888 , 5148 , 2291 , 1729 , 2753 , 5318 , 6165 , 2575 , 5987 , 2163 , 5745 , 3027 , 6576 , 6830 , 3441 , 7274 , 7031 , 7463 , 3862 , 6418 , 8157 , 3615 , 3170 , 8778 , 7725 , 8606 , 4040 , 1901 , 8354 , 9237 , 9053 , 4698 , 5149 , 9503 , 7888 , 4296 , 5317 , 4415 , 5987 , 9691 , 5745 , 4888 , 6577 , 5574 , 10392 , 9942 , 6418 , 6828 , 6164 , 7028 , 10582 , 10841 , 10136 , 11026 , 11289 , 7723 , 7274 , 8776 , 8156 , 8606 , 9051 , 9690 , 9502 , 11461 , 7464 , 9942 , 9237 , 12358 , 12187 , 11724 , 10136 , 10390 , 7888 , 10842 , 11931 , 8353 , 10583 , 11027 , 12619 , 11289 , 11723 , 12934 , 12186 , 12356 , 12827 , 11460 , 11930 , 12934 , 12827 , 12619 , 1958 , 2108 , 1830 , 2061 , 2061 , 2061 , 2060 , 1656 , 1972 , 1874 , 
RegressionTest0::test032 , 1035 , 1077 , 1000 , 1005 , 1075 , 519 , 1161 , 918 , 721 , 386 , 574 , 7 , 412 , 727 , 1444 , 1681 , 1014 , 1249 , 825 , 1860 , 513 , 379 , 2103 , 2290 , 2953 , 2720 , 570 , 3138 , 405 , 3393 , 818 , 0 , 3814 , 1675 , 4237 , 1438 , 2519 , 4663 , 1008 , 3590 , 5085 , 4420 , 4861 , 4008 , 2098 , 1855 , 1244 , 5279 , 6138 , 5523 , 5725 , 2946 , 2286 , 3390 , 5944 , 6807 , 3133 , 6580 , 2715 , 6379 , 3586 , 7234 , 7437 , 4003 , 7860 , 7665 , 8102 , 4422 , 7008 , 8761 , 4234 , 3811 , 9438 , 8320 , 9204 , 4660 , 2516 , 8983 , 9885 , 9653 , 5278 , 5724 , 10103 , 8544 , 4861 , 5942 , 5085 , 6580 , 10335 , 6380 , 5523 , 7234 , 6135 , 11000 , 10547 , 7008 , 7437 , 6806 , 7666 , 11232 , 11438 , 10778 , 11679 , 11898 , 8319 , 7861 , 9438 , 8760 , 9203 , 9652 , 10334 , 10102 , 12127 , 8100 , 10546 , 9884 , 13026 , 12798 , 12339 , 10779 , 11000 , 8542 , 11438 , 12580 , 8980 , 11232 , 11679 , 13245 , 11897 , 12338 , 13580 , 12796 , 13026 , 13475 , 12127 , 12578 , 13580 , 13476 , 13245 , 1285 , 1431 , 1205 , 1383 , 1384 , 1384 , 1382 , 1010 , 1299 , 1208 , 
RegressionTest0::test033 , 4706 , 4745 , 4698 , 4700 , 4744 , 4189 , 4863 , 4623 , 4361 , 3980 , 3405 , 3811 , 3569 , 4360 , 2670 , 2363 , 3006 , 2796 , 3169 , 2261 , 4191 , 3982 , 2040 , 1918 , 1212 , 1510 , 3408 , 1119 , 3570 , 857 , 3172 , 3814 , 0 , 2367 , 900 , 2674 , 1664 , 1289 , 3012 , 714 , 1799 , 1154 , 1609 , 527 , 2045 , 2264 , 2800 , 2038 , 2895 , 2213 , 2515 , 1216 , 1923 , 864 , 2546 , 3477 , 1126 , 3380 , 1516 , 3048 , 720 , 3939 , 4190 , 533 , 4681 , 4340 , 4613 , 1161 , 3777 , 5540 , 908 , 9 , 6093 , 5016 , 5966 , 1294 , 1672 , 5585 , 6554 , 6364 , 2044 , 2521 , 6880 , 5237 , 1617 , 2551 , 1805 , 3387 , 6919 , 3053 , 2217 , 3943 , 2898 , 7705 , 7221 , 3782 , 4193 , 3480 , 4343 , 7883 , 8163 , 7433 , 8227 , 8605 , 5020 , 4688 , 6094 , 5540 , 5971 , 6364 , 6920 , 6885 , 8762 , 4617 , 7222 , 6555 , 9660 , 9465 , 9068 , 7432 , 7704 , 5235 , 8165 , 9072 , 5588 , 7883 , 8227 , 9914 , 8604 , 9072 , 10167 , 9464 , 9658 , 10018 , 8762 , 9071 , 10167 , 10020 , 9915 , 4989 , 5145 , 4855 , 5097 , 5097 , 5097 , 5096 , 4631 , 5007 , 4902 , 
