:,CholeskyDecompositionTest::testAEqualLLT,CholeskyDecompositionTest::testDimensions,CholeskyDecompositionTest::testLLowerTriangular,CholeskyDecompositionTest::testLTTransposed,CholeskyDecompositionTest::testMath274,CholeskyDecompositionTest::testMatricesValues,CholeskyDecompositionTest::testNonSquare,CholeskyDecompositionTest::testNotPositiveDefinite,CholeskyDecompositionTest::testNotSymmetricMatrixException,RectangularCholeskyDecompositionTest::testDecomposition3x3,RectangularCholeskyDecompositionTest::testFullRank,RectangularCholeskyDecompositionTest::testMath789,RectangularCholeskyDecomposition_ESTest::test0,RectangularCholeskyDecomposition_ESTest::test1,RectangularCholeskyDecomposition_ESTest::test2,RectangularCholeskyDecomposition_ESTest::test3,RectangularCholeskyDecomposition_ESTest::test4,RegressionTest0::test01,RegressionTest0::test02,RegressionTest0::test03,RegressionTest0::test04,RegressionTest0::test05,RegressionTest0::test06,RegressionTest0::test07,RegressionTest0::test08,RegressionTest0::test09,RegressionTest0::test10,RegressionTest0::test11,
CholeskyDecompositionTest::testAEqualLLT ,0,37,32,2,87,169,36,129,30,91,120,413,27,28,68,62,73,34,252,101,69,95,607,267,66,162,345,208,
CholeskyDecompositionTest::testDimensions ,37,0,46,38,92,173,50,134,41,98,131,422,44,44,72,64,77,49,258,108,72,100,614,274,76,166,352,211,
CholeskyDecompositionTest::testLLowerTriangular ,32,46,0,31,89,172,49,130,42,98,126,414,43,42,72,68,75,47,253,106,73,99,606,268,77,161,345,205,
CholeskyDecompositionTest::testLTTransposed ,2,38,31,0,87,168,34,129,28,91,120,414,26,27,68,62,73,33,253,102,70,97,608,268,66,162,346,208,
CholeskyDecompositionTest::testMath274 ,87,92,89,87,0,111,88,46,86,70,60,349,82,82,81,80,79,86,203,78,84,86,552,220,84,157,297,201,
CholeskyDecompositionTest::testMatricesValues ,169,173,172,168,111,0,188,72,182,117,82,294,169,167,164,165,163,175,164,127,163,145,485,179,165,169,255,197,
CholeskyDecompositionTest::testNonSquare ,36,50,49,34,88,188,0,130,27,111,139,435,40,40,82,76,87,24,270,118,81,111,630,288,86,178,364,224,
CholeskyDecompositionTest::testNotPositiveDefinite ,129,134,130,129,46,72,130,0,128,82,74,308,123,123,117,120,116,128,178,92,116,104,516,195,117,154,272,195,
CholeskyDecompositionTest::testNotSymmetricMatrixException ,30,41,42,28,86,182,27,128,0,106,135,425,35,35,74,68,79,28,260,110,75,101,619,277,80,169,355,215,
RectangularCholeskyDecompositionTest::testDecomposition3x3 ,91,98,98,91,70,117,111,82,106,0,74,345,92,90,94,92,94,97,205,83,90,87,551,222,93,156,297,198,
RectangularCholeskyDecompositionTest::testFullRank ,120,131,126,120,60,82,139,74,135,74,0,324,122,119,113,113,112,126,180,92,120,105,527,196,119,155,278,195,
RectangularCholeskyDecompositionTest::testMath789 ,413,422,414,414,349,294,435,308,425,345,324,0,409,406,398,400,395,422,311,358,397,372,399,315,395,383,322,383,
RectangularCholeskyDecomposition_ESTest::test0 ,27,44,43,26,82,169,40,123,35,92,122,409,0,5,62,53,66,34,247,96,66,90,599,258,63,157,342,203,
RectangularCholeskyDecomposition_ESTest::test1 ,28,44,42,27,82,167,40,123,35,90,119,406,5,0,59,52,63,33,245,93,64,89,596,256,62,157,339,202,
RectangularCholeskyDecomposition_ESTest::test2 ,68,72,72,68,81,164,82,117,74,94,113,398,62,59,0,11,5,69,236,95,73,90,583,252,76,151,327,194,
RectangularCholeskyDecomposition_ESTest::test3 ,62,64,68,62,80,165,76,120,68,92,113,400,53,52,11,0,15,67,236,97,71,90,586,253,72,150,329,194,
RectangularCholeskyDecomposition_ESTest::test4 ,73,77,75,73,79,163,87,116,79,94,112,395,66,63,5,15,0,74,233,94,73,89,580,249,78,150,326,193,
RegressionTest0::test01 ,34,49,47,33,86,175,24,128,28,97,126,422,34,33,69,67,74,0,251,97,62,91,610,268,66,160,345,206,
RegressionTest0::test02 ,252,258,253,253,203,164,270,178,260,205,180,311,247,245,236,236,233,251,0,161,210,177,410,133,212,192,173,194,
RegressionTest0::test03 ,101,108,106,102,78,127,118,92,110,83,92,358,96,93,95,97,94,97,161,0,80,54,515,174,85,148,267,186,
RegressionTest0::test04 ,69,72,73,70,84,163,81,116,75,90,120,397,66,64,73,71,73,62,210,80,0,52,567,232,29,113,292,157,
RegressionTest0::test05 ,95,100,99,97,86,145,111,104,101,87,105,372,90,89,90,90,89,91,177,54,52,0,532,198,61,130,281,170,
RegressionTest0::test06 ,607,614,606,608,552,485,630,516,619,551,527,399,599,596,583,586,580,610,410,515,567,532,0,376,566,531,377,516,
RegressionTest0::test07 ,267,274,268,268,220,179,288,195,277,222,196,315,258,256,252,253,249,268,133,174,232,198,376,0,229,208,211,207,
RegressionTest0::test08 ,66,76,77,66,84,165,86,117,80,93,119,395,63,62,76,72,78,66,212,85,29,61,566,229,0,119,295,164,
RegressionTest0::test09 ,162,166,161,162,157,169,178,154,169,156,155,383,157,157,151,150,150,160,192,148,113,130,531,208,119,0,211,49,
RegressionTest0::test10 ,345,352,345,346,297,255,364,272,355,297,278,322,342,339,327,329,326,345,173,267,292,281,377,211,295,211,0,208,
RegressionTest0::test11 ,208,211,205,208,201,197,224,195,215,198,195,383,203,202,194,194,193,206,194,186,157,170,516,207,164,49,208,0,
