:,AbstractLeastSquaresOptimizer_ESTest::test00,AbstractLeastSquaresOptimizer_ESTest::test01,AbstractLeastSquaresOptimizer_ESTest::test02,AbstractLeastSquaresOptimizer_ESTest::test03,AbstractLeastSquaresOptimizer_ESTest::test04,AbstractLeastSquaresOptimizer_ESTest::test05,AbstractLeastSquaresOptimizer_ESTest::test06,AbstractLeastSquaresOptimizer_ESTest::test07,AbstractLeastSquaresOptimizer_ESTest::test08,AbstractLeastSquaresOptimizer_ESTest::test09,AbstractLeastSquaresOptimizer_ESTest::test10,AbstractLeastSquaresOptimizer_ESTest::test11,AbstractLeastSquaresOptimizer_ESTest::test12,AbstractLeastSquaresOptimizer_ESTest::test13,AbstractLeastSquaresOptimizer_ESTest::test14,LevenbergMarquardtOptimizerTest::testCircleFitting,LevenbergMarquardtOptimizerTest::testCircleFittingBadInit,LevenbergMarquardtOptimizerTest::testControlParameters,LevenbergMarquardtOptimizerTest::testIllConditioned,LevenbergMarquardtOptimizerTest::testInconsistentEquations,LevenbergMarquardtOptimizerTest::testInconsistentSizes,LevenbergMarquardtOptimizerTest::testMath199,LevenbergMarquardtOptimizerTest::testMoreEstimatedParametersSimple,LevenbergMarquardtOptimizerTest::testMoreEstimatedParametersUnsorted,LevenbergMarquardtOptimizerTest::testNoDependency,LevenbergMarquardtOptimizerTest::testNonInversible,LevenbergMarquardtOptimizerTest::testOneSet,LevenbergMarquardtOptimizerTest::testQRColumnsPermutation,LevenbergMarquardtOptimizerTest::testRedundantEquations,LevenbergMarquardtOptimizerTest::testTrivial,LevenbergMarquardtOptimizerTest::testTwoSets,RegressionTest0::test001,RegressionTest0::test002,RegressionTest0::test003,RegressionTest0::test004,RegressionTest0::test005,RegressionTest0::test006,RegressionTest0::test007,RegressionTest0::test008,RegressionTest0::test009,RegressionTest0::test010,RegressionTest0::test011,RegressionTest0::test012,RegressionTest0::test013,RegressionTest0::test014,RegressionTest0::test015,RegressionTest0::test016,RegressionTest0::test017,RegressionTest0::test018,RegressionTest0::test019,RegressionTest0::test020,RegressionTest0::test021,RegressionTest0::test022,RegressionTest0::test023,RegressionTest0::test024,RegressionTest0::test025,RegressionTest0::test026,RegressionTest0::test027,RegressionTest0::test028,RegressionTest0::test029,RegressionTest0::test030,RegressionTest0::test031,RegressionTest0::test032,RegressionTest0::test033,RegressionTest0::test034,RegressionTest0::test035,RegressionTest0::test036,RegressionTest0::test037,RegressionTest0::test038,RegressionTest0::test039,RegressionTest0::test040,RegressionTest0::test041,RegressionTest0::test042,RegressionTest0::test043,RegressionTest0::test044,RegressionTest0::test045,RegressionTest0::test046,RegressionTest0::test047,RegressionTest0::test048,RegressionTest0::test049,RegressionTest0::test050,RegressionTest0::test051,RegressionTest0::test052,RegressionTest0::test053,RegressionTest0::test054,RegressionTest0::test055,RegressionTest0::test056,RegressionTest0::test057,RegressionTest0::test058,RegressionTest0::test059,RegressionTest0::test060,RegressionTest0::test061,RegressionTest0::test062,RegressionTest0::test063,RegressionTest0::test064,RegressionTest0::test065,RegressionTest0::test066,RegressionTest0::test067,RegressionTest0::test068,RegressionTest0::test069,RegressionTest0::test070,RegressionTest0::test071,RegressionTest0::test072,RegressionTest0::test073,RegressionTest0::test074,RegressionTest0::test075,RegressionTest0::test076,RegressionTest0::test077,RegressionTest0::test078,RegressionTest0::test079,RegressionTest0::test080,RegressionTest0::test081,RegressionTest0::test082,RegressionTest0::test083,RegressionTest0::test084,RegressionTest0::test085,RegressionTest0::test086,RegressionTest0::test087,RegressionTest0::test088,RegressionTest0::test089,RegressionTest0::test090,RegressionTest0::test091,RegressionTest0::test092,RegressionTest0::test093,RegressionTest0::test094,RegressionTest0::test095,RegressionTest0::test096,RegressionTest0::test097,RegressionTest0::test098,RegressionTest0::test099,RegressionTest0::test100,RegressionTest0::test101,RegressionTest0::test102,RegressionTest0::test103,RegressionTest0::test104,RegressionTest0::test105,
AbstractLeastSquaresOptimizer_ESTest::test00 ,0,16,10,15,10,11,13,18,69,68,17,58,17,19,27,359,1432,60,380,102,158,88,126,265,309,134,130,127,108,68,341,327,81,59,67,73,430,79,79,227,36,214,57,36,315,31,498,51,93,71,38,455,54,628,47,49,674,655,32,299,44,32,38,480,44,428,291,313,33,74,667,721,58,418,478,47,67,421,29,82,48,236,420,50,247,60,119,59,57,99,84,53,39,456,57,52,29,663,115,73,59,39,179,317,424,78,260,668,68,274,719,62,326,108,108,463,102,313,145,104,266,83,86,36,488,568,36,68,75,127,290,115,35,121,48,114,
AbstractLeastSquaresOptimizer_ESTest::test01 ,16,0,9,7,9,8,6,13,73,72,14,59,15,10,28,371,1441,70,388,103,165,98,129,273,310,137,135,135,112,72,349,336,85,64,70,78,438,84,84,234,33,221,63,38,321,30,506,54,98,75,42,463,58,637,51,54,683,664,34,306,48,31,36,488,46,435,297,319,29,79,676,730,61,426,485,53,71,428,28,89,54,243,427,55,255,63,123,66,63,105,90,58,41,463,62,55,29,672,122,79,64,41,185,323,431,84,269,678,74,281,728,67,332,115,113,470,109,319,151,110,273,88,92,39,496,576,36,72,81,133,296,121,38,127,54,120,
AbstractLeastSquaresOptimizer_ESTest::test02 ,10,9,0,6,0,8,7,15,73,72,14,59,14,14,25,366,1438,66,386,103,163,93,131,271,311,136,133,133,111,71,347,331,83,62,69,76,435,82,82,231,32,218,59,36,318,29,502,52,97,74,38,460,55,634,49,51,678,659,31,303,46,30,35,485,45,432,294,316,28,77,671,725,60,424,482,51,69,425,26,87,50,239,424,53,251,62,121,62,60,103,88,55,37,460,60,53,27,667,118,76,61,40,182,320,428,81,264,674,71,277,724,65,329,112,111,467,106,316,148,108,269,87,89,35,492,571,34,71,78,131,293,118,34,124,51,117,
AbstractLeastSquaresOptimizer_ESTest::test03 ,15,7,6,0,6,8,5,12,76,75,11,61,11,9,25,371,1442,69,389,103,166,96,131,274,311,137,136,136,113,74,351,335,85,63,70,78,438,84,84,234,32,221,61,37,322,29,506,53,98,75,40,463,56,637,50,52,682,663,33,306,47,30,35,488,45,436,298,320,28,79,675,730,61,428,486,52,71,429,28,89,53,242,428,54,254,63,124,64,61,105,89,56,38,464,61,54,28,671,122,78,63,41,184,324,431,83,268,678,73,281,728,66,333,114,113,471,109,320,151,110,273,88,91,38,496,576,35,72,80,133,297,121,37,127,53,120,
AbstractLeastSquaresOptimizer_ESTest::test04 ,10,9,0,6,0,8,7,15,73,72,14,59,14,14,25,366,1438,66,386,103,163,93,131,271,311,136,133,133,111,71,347,331,83,62,69,76,435,82,82,231,32,218,59,36,318,29,502,52,97,74,38,460,55,634,49,51,678,659,31,303,46,30,35,485,45,432,294,316,28,77,671,725,60,424,482,51,69,425,26,87,50,239,424,53,251,62,121,62,60,103,88,55,37,460,60,53,27,667,118,76,61,40,182,320,428,81,264,674,71,277,724,65,329,112,111,467,106,316,148,108,269,87,89,35,492,571,34,71,78,131,293,118,34,124,51,117,
AbstractLeastSquaresOptimizer_ESTest::test05 ,11,8,8,8,8,0,7,17,72,71,16,60,16,15,26,367,1437,66,386,104,163,94,130,271,310,137,133,133,110,70,347,332,83,63,69,77,435,83,83,231,34,218,61,36,318,30,502,54,97,74,40,460,56,633,50,52,679,660,33,303,47,31,37,485,46,432,294,316,30,78,672,726,61,424,482,52,70,425,29,88,52,240,424,54,252,62,121,64,61,104,89,56,42,460,61,54,29,668,120,76,63,41,182,320,428,83,266,674,73,278,725,67,329,113,111,467,108,316,149,109,270,87,90,37,493,572,35,71,80,131,293,119,36,125,53,118,
AbstractLeastSquaresOptimizer_ESTest::test06 ,13,6,7,5,7,7,0,12,73,72,11,61,11,8,26,370,1439,66,389,104,165,94,130,273,311,136,135,135,112,72,348,335,87,65,72,78,440,84,84,233,36,222,61,37,323,29,507,54,100,75,39,465,57,638,50,53,683,664,32,308,47,30,39,490,46,437,299,321,32,79,676,729,61,427,486,52,71,430,26,88,52,243,429,54,255,65,125,64,61,106,90,57,41,465,63,55,27,672,120,78,63,42,185,325,433,85,269,678,75,282,729,67,334,116,115,472,110,321,152,111,274,89,93,36,497,575,35,74,82,134,298,122,35,128,53,121,
AbstractLeastSquaresOptimizer_ESTest::test07 ,18,13,15,12,15,17,12,0,70,69,2,55,4,6,21,368,1441,69,386,103,162,95,129,273,311,133,135,135,112,70,349,332,86,67,71,79,437,84,84,233,34,222,62,36,322,29,505,55,97,76,38,462,58,637,51,53,683,664,31,305,44,30,37,487,45,436,298,320,32,80,676,729,60,426,484,53,72,430,28,89,52,242,429,55,255,66,124,65,61,106,90,56,42,464,63,55,28,672,118,77,62,43,185,324,432,85,268,677,75,282,727,64,333,116,114,471,110,320,153,112,274,89,93,36,495,575,35,74,82,134,297,123,35,129,52,122,
AbstractLeastSquaresOptimizer_ESTest::test08 ,69,73,73,76,73,72,73,70,0,3,71,36,70,72,62,337,1410,70,361,97,146,94,118,255,293,120,124,123,106,75,325,303,88,76,77,82,404,84,84,204,74,200,74,70,297,70,470,74,97,81,70,429,72,602,73,74,646,627,70,283,72,71,74,454,74,403,274,295,74,83,640,691,73,395,451,73,78,396,71,89,71,219,395,73,231,75,115,73,72,101,92,73,73,430,77,74,71,635,106,80,72,75,164,299,401,86,245,642,82,258,692,75,308,107,110,437,105,295,142,106,250,90,93,72,466,541,68,77,86,124,273,115,71,118,72,112,
AbstractLeastSquaresOptimizer_ESTest::test09 ,68,72,72,75,72,71,72,69,3,0,70,34,70,71,62,337,1411,70,361,96,145,93,119,256,294,120,123,122,105,75,326,302,87,75,76,82,403,83,83,204,73,199,74,69,296,69,470,73,97,81,69,428,71,602,72,73,646,627,69,282,71,70,73,453,73,402,273,294,73,82,640,691,72,394,450,72,77,395,70,89,70,218,394,72,230,74,115,72,71,101,92,72,72,430,76,73,70,635,106,79,72,74,164,298,402,85,244,642,81,257,691,74,307,107,110,437,104,294,141,106,249,89,93,71,465,541,67,75,85,124,272,115,70,118,71,112,
AbstractLeastSquaresOptimizer_ESTest::test10 ,17,14,14,11,14,16,11,2,71,70,0,56,3,5,20,367,1441,68,387,104,163,94,130,274,312,134,136,136,113,71,350,332,86,67,71,79,437,84,84,233,34,222,62,36,322,29,506,55,97,76,38,462,58,637,51,53,683,664,31,305,44,30,37,487,45,436,298,320,32,80,676,729,60,427,485,53,72,430,28,89,52,242,429,55,255,66,124,65,61,106,90,56,42,464,63,55,28,672,118,77,62,43,185,324,432,85,268,677,75,282,727,64,333,116,114,471,110,320,153,112,274,89,93,36,495,575,35,74,82,134,297,123,35,129,52,122,
AbstractLeastSquaresOptimizer_ESTest::test11 ,58,59,59,61,59,60,61,55,36,34,56,0,56,58,48,340,1415,67,360,91,147,90,117,258,295,121,124,121,101,68,328,310,86,71,73,78,408,78,78,208,63,204,65,59,301,59,475,64,96,75,59,433,60,609,63,65,655,636,59,287,63,60,64,458,63,407,278,299,63,77,648,699,66,400,456,63,71,400,60,85,60,223,399,64,236,68,117,69,65,100,88,65,62,435,71,64,60,643,105,74,63,63,165,303,407,84,249,648,75,263,696,69,312,107,110,442,104,299,144,108,256,84,91,62,470,548,56,74,82,127,277,116,60,121,62,113,
AbstractLeastSquaresOptimizer_ESTest::test12 ,17,15,14,11,14,16,11,4,70,70,3,56,0,5,20,368,1441,69,388,104,164,95,130,274,312,135,137,137,114,72,350,333,87,66,72,79,437,84,84,233,35,222,62,36,322,29,507,55,98,76,39,463,58,638,51,53,683,665,31,305,45,30,38,488,45,437,298,320,33,80,677,729,61,427,484,53,72,430,28,89,52,242,429,56,255,66,125,66,61,106,91,57,41,465,64,55,28,673,119,78,62,42,185,324,432,85,268,678,75,282,727,65,333,116,114,471,110,320,153,112,274,90,93,37,495,575,35,75,82,135,297,124,36,129,52,123,
AbstractLeastSquaresOptimizer_ESTest::test13 ,19,10,14,9,14,15,8,6,72,71,5,58,5,0,21,371,1443,71,389,104,166,97,130,276,313,137,138,138,114,73,352,336,89,68,74,81,441,87,87,235,36,224,64,38,325,31,509,57,100,78,41,466,60,640,53,55,686,667,33,309,47,31,39,491,47,439,301,323,32,82,679,732,63,429,488,55,74,432,30,91,54,245,431,58,258,67,127,68,63,109,93,59,42,467,66,57,30,675,121,80,65,44,187,327,435,87,271,681,77,285,731,67,336,119,117,474,113,323,155,114,277,92,96,39,499,579,37,76,84,137,300,126,38,131,54,125,
AbstractLeastSquaresOptimizer_ESTest::test14 ,27,28,25,25,25,26,26,21,62,62,20,48,20,21,0,357,1428,65,379,96,155,94,124,265,303,128,129,127,106,65,340,321,83,64,69,73,425,79,79,222,39,211,57,34,310,33,494,52,96,70,38,450,53,626,48,48,671,652,35,295,47,34,41,475,42,424,286,308,37,74,664,716,56,414,473,46,67,417,33,85,48,233,416,50,246,61,120,63,58,102,85,52,42,452,63,51,33,660,114,72,59,45,179,312,419,82,258,666,72,272,715,61,321,112,110,459,106,308,147,108,264,82,90,39,484,563,36,70,79,128,285,118,36,124,48,117,
LevenbergMarquardtOptimizerTest::testCircleFitting ,359,371,366,371,366,367,370,368,337,337,367,340,368,371,357,0,1285,320,302,320,296,297,307,291,306,310,300,297,311,326,308,297,334,342,338,339,360,334,334,294,356,294,342,352,303,357,412,349,331,340,350,379,347,514,349,345,558,541,353,299,349,358,357,395,349,358,296,300,359,338,552,592,342,348,392,348,339,354,356,331,340,295,353,345,290,340,325,342,343,330,334,344,352,380,343,348,355,548,309,333,342,352,305,302,349,334,290,546,338,292,592,341,305,326,326,384,327,300,320,327,291,330,335,353,404,473,354,336,334,323,296,326,351,328,342,327,
LevenbergMarquardtOptimizerTest::testCircleFittingBadInit ,1432,1441,1438,1442,1438,1437,1439,1441,1410,1411,1441,1415,1441,1443,1428,1285,0,1409,1143,1371,1338,1389,1345,1248,1228,1351,1347,1347,1360,1397,1209,1301,1412,1419,1415,1414,1282,1411,1411,1336,1429,1359,1420,1427,1333,1431,1272,1421,1407,1414,1425,1279,1419,1205,1422,1419,1200,1195,1428,1335,1422,1431,1430,1274,1422,1281,1337,1334,1431,1413,1196,1197,1414,1289,1272,1420,1415,1284,1431,1412,1420,1348,1285,1420,1344,1418,1398,1417,1418,1404,1415,1418,1425,1276,1420,1421,1430,1196,1383,1416,1417,1426,1369,1333,1287,1410,1339,1208,1413,1342,1189,1415,1330,1402,1401,1277,1404,1334,1390,1408,1345,1415,1410,1429,1272,1254,1426,1416,1413,1398,1338,1400,1426,1400,1419,1401,
LevenbergMarquardtOptimizerTest::testControlParameters ,60,70,66,69,66,66,66,69,70,70,68,67,69,71,65,320,1409,0,360,101,156,76,123,260,298,131,134,128,110,75,328,309,79,67,72,72,405,74,74,215,67,199,67,66,289,67,472,67,88,70,66,429,66,598,67,66,640,623,66,276,66,66,67,454,66,403,268,287,70,72,634,686,68,394,451,67,70,396,66,78,67,218,396,68,227,68,108,66,67,91,80,64,66,429,66,68,65,631,106,75,68,62,161,290,395,77,239,640,69,251,690,71,298,100,98,437,94,287,128,95,243,79,81,65,460,540,64,71,74,113,267,105,65,109,67,103,
LevenbergMarquardtOptimizerTest::testIllConditioned ,380,388,386,389,386,386,389,386,361,361,387,360,388,389,379,302,1143,360,0,306,260,331,274,210,226,282,272,270,290,326,221,295,355,362,359,358,348,354,354,305,374,318,366,368,325,377,399,366,351,357,369,362,362,504,366,367,534,517,370,319,367,378,375,380,369,347,320,323,376,356,529,577,363,346,382,368,356,343,375,355,366,318,342,365,316,360,347,358,361,350,358,366,370,361,363,366,374,525,330,360,363,369,330,323,356,355,316,527,361,317,577,362,324,349,347,367,349,323,342,349,318,353,350,375,396,465,370,360,357,348,319,348,370,349,367,348,
LevenbergMarquardtOptimizerTest::testInconsistentEquations ,102,103,103,103,103,104,104,103,97,96,104,91,104,104,96,320,1371,101,306,0,104,82,50,191,226,48,53,47,18,79,269,274,97,94,99,99,373,101,101,183,94,180,95,95,276,94,441,94,101,96,96,398,91,575,94,97,619,600,96,264,93,94,95,423,95,370,255,276,94,96,612,664,98,362,421,94,96,363,96,99,97,201,362,95,214,96,117,92,96,108,100,97,93,398,94,92,96,608,107,99,99,94,155,280,378,102,229,606,98,238,657,98,289,115,108,405,107,276,140,106,231,100,98,97,440,513,92,97,101,123,254,115,97,121,97,114,
LevenbergMarquardtOptimizerTest::testInconsistentSizes ,158,165,163,166,163,163,165,162,146,145,163,147,164,166,155,296,1338,156,260,104,0,126,107,195,221,110,113,91,107,107,259,257,147,148,148,148,358,149,149,181,158,185,152,155,268,158,424,152,146,147,155,381,150,563,152,151,595,576,156,256,149,160,159,404,153,356,248,267,158,147,588,639,151,355,409,151,147,350,157,149,153,200,349,151,213,148,150,149,151,149,149,150,153,382,151,152,157,584,146,150,151,156,169,271,350,149,224,579,148,234,627,147,277,151,149,389,147,267,158,151,228,148,145,157,420,500,154,149,149,151,247,148,156,152,153,150,
LevenbergMarquardtOptimizerTest::testMath199 ,88,98,93,96,93,94,94,95,94,93,94,90,95,97,94,297,1389,76,331,82,126,0,95,224,255,102,105,113,93,82,288,288,95,93,93,93,389,94,94,202,94,197,91,94,288,96,456,91,100,92,93,413,90,587,92,91,623,605,95,275,92,96,94,438,92,386,266,286,96,93,617,668,90,376,431,90,92,379,96,95,93,218,378,91,223,93,111,89,90,102,95,92,93,413,91,90,95,613,109,94,93,93,159,290,389,91,236,618,90,249,667,92,299,106,100,419,104,286,131,104,241,94,94,97,454,525,92,94,91,117,264,106,95,113,94,106,
LevenbergMarquardtOptimizerTest::testMoreEstimatedParametersSimple ,126,129,131,131,131,130,130,129,118,119,130,117,130,130,124,307,1345,123,274,50,107,95,0,158,195,53,55,76,55,102,237,261,122,124,124,126,363,124,124,174,123,176,123,122,271,123,429,121,122,123,124,388,118,569,121,124,605,586,123,259,121,123,125,413,122,360,250,271,123,123,597,652,124,350,409,121,123,353,124,123,123,195,352,122,209,123,127,119,123,124,123,124,121,388,121,121,123,594,113,123,124,124,155,275,372,123,224,595,125,235,646,125,283,127,124,394,122,271,146,127,228,122,123,126,432,504,120,123,125,131,249,125,124,131,123,127,
LevenbergMarquardtOptimizerTest::testMoreEstimatedParametersUnsorted ,265,273,271,274,271,271,273,273,255,256,274,258,274,276,265,291,1248,260,210,191,195,224,158,0,91,169,150,165,175,213,112,249,259,257,256,261,331,258,258,209,262,228,260,261,274,264,397,260,256,258,263,355,258,512,260,259,542,524,264,260,259,265,264,379,259,329,254,272,263,258,536,588,256,327,376,261,259,322,264,258,257,229,321,258,233,258,252,257,260,254,259,257,258,355,259,259,264,532,229,258,261,259,232,275,357,256,238,544,258,246,591,261,281,254,255,361,254,272,251,255,242,257,256,264,401,472,261,258,256,253,254,255,263,255,255,254,
LevenbergMarquardtOptimizerTest::testNoDependency ,309,310,311,311,311,310,311,311,293,294,312,295,312,313,303,306,1228,298,226,226,221,255,195,91,0,207,200,221,216,266,78,266,295,300,299,298,342,296,296,247,304,262,300,300,289,302,409,299,294,297,303,367,297,525,301,298,551,535,303,279,300,302,305,391,299,339,277,285,304,297,546,596,298,339,388,300,298,332,302,296,299,263,332,298,268,299,292,296,300,293,295,298,301,367,299,299,303,542,271,295,302,304,270,287,367,298,270,556,296,272,602,299,295,292,292,372,291,285,287,294,270,294,293,303,421,487,299,298,299,292,277,290,303,292,300,291,
LevenbergMarquardtOptimizerTest::testNonInversible ,134,137,136,137,136,137,136,133,120,120,134,121,135,137,128,310,1351,131,282,48,110,102,53,169,207,0,30,53,49,92,240,254,127,128,126,128,350,127,127,164,128,172,127,124,265,125,418,126,127,127,126,374,124,563,126,126,599,581,126,252,127,127,129,397,126,347,243,263,128,127,593,645,126,343,398,126,127,341,127,130,123,190,340,125,203,128,134,126,127,128,129,127,124,374,128,126,127,588,116,127,127,128,151,267,360,126,218,584,128,229,631,128,276,131,132,379,131,263,148,131,222,131,128,126,420,494,123,129,127,137,242,132,126,135,124,133,
LevenbergMarquardtOptimizerTest::testOneSet ,130,135,133,136,133,133,135,135,124,123,136,124,137,138,129,300,1347,134,272,53,113,105,55,150,200,30,0,42,38,83,227,252,128,125,124,129,349,126,126,164,127,172,127,121,263,126,415,125,127,127,125,373,123,562,125,122,596,578,126,251,124,127,129,397,122,346,242,262,127,127,590,643,123,340,396,125,127,339,127,128,123,189,338,124,203,126,131,126,125,127,128,123,122,373,126,125,127,586,118,126,127,126,151,266,359,128,218,583,125,228,631,127,275,129,131,379,126,262,148,130,221,130,126,128,418,492,124,127,128,138,241,131,125,135,123,131,
LevenbergMarquardtOptimizerTest::testQRColumnsPermutation ,127,135,133,136,133,133,135,135,123,122,136,121,137,138,127,297,1347,128,270,47,91,113,76,165,221,53,42,0,31,72,231,257,121,121,118,124,353,122,122,169,125,171,122,121,263,125,419,122,123,121,124,377,118,556,122,118,598,580,124,251,120,127,126,401,120,351,242,262,125,121,591,645,118,345,401,121,121,344,125,123,120,190,342,120,202,121,129,120,119,123,123,119,120,378,121,122,125,588,115,122,123,124,152,266,354,123,217,586,120,227,633,120,275,126,126,384,124,262,143,130,220,124,122,126,417,492,122,123,122,134,241,129,123,133,120,128,
LevenbergMarquardtOptimizerTest::testRedundantEquations ,108,112,111,113,111,110,112,112,106,105,113,101,114,114,106,311,1360,110,290,18,107,93,55,175,216,49,38,31,0,69,255,265,107,104,105,108,363,107,107,176,105,176,107,102,271,105,430,104,109,106,105,388,101,568,104,104,610,592,105,258,102,105,107,412,102,361,249,270,105,106,603,656,104,356,412,104,106,354,105,108,102,194,352,104,209,105,119,104,106,112,108,104,103,389,102,104,106,600,105,107,107,106,152,274,367,110,224,598,105,234,647,107,283,117,112,395,114,270,140,114,227,109,107,107,430,503,101,106,109,126,248,118,104,125,105,117,
LevenbergMarquardtOptimizerTest::testTrivial ,68,72,71,74,71,70,72,70,75,75,71,68,72,73,65,326,1397,75,326,79,107,82,102,213,266,92,83,72,69,0,294,292,80,66,71,76,391,79,79,192,67,186,68,64,281,65,457,66,92,72,65,415,63,594,66,66,635,618,65,268,64,66,67,439,63,389,259,280,67,75,630,683,67,381,438,65,69,383,66,82,63,207,381,64,219,67,109,67,67,95,83,65,61,416,67,66,66,626,104,73,67,65,161,284,379,79,235,628,70,244,674,69,293,103,103,423,98,280,133,99,237,82,86,67,446,528,64,72,77,118,258,110,65,114,64,108,
LevenbergMarquardtOptimizerTest::testTwoSets ,341,349,347,351,347,347,348,349,325,326,350,328,350,352,340,308,1209,328,221,269,259,288,237,112,78,240,227,231,255,294,0,275,329,332,330,331,336,327,327,267,340,288,334,335,308,340,401,334,326,330,337,359,330,509,335,335,536,519,337,297,336,342,341,383,336,333,294,308,341,329,529,579,332,336,382,335,331,327,338,328,331,287,326,335,287,333,322,329,331,323,330,334,336,359,334,334,338,525,297,329,335,337,294,309,362,325,289,544,331,295,590,332,310,321,322,365,322,308,321,324,293,329,326,339,405,476,336,332,327,320,294,323,336,322,329,322,
RegressionTest0::test001 ,327,336,331,335,331,332,335,332,303,302,332,310,333,336,321,297,1301,309,295,274,257,288,261,249,266,254,252,257,265,292,275,0,301,306,300,300,209,293,293,154,318,198,304,310,228,317,281,308,293,300,310,234,303,452,309,306,469,450,313,213,308,318,319,258,309,210,211,227,319,298,462,520,300,215,262,307,302,207,316,293,300,202,206,306,178,304,289,303,302,289,297,304,312,235,307,307,316,457,253,293,303,313,243,229,289,293,184,429,300,182,486,300,230,286,296,240,289,227,286,290,181,295,299,314,278,353,311,301,296,285,211,293,312,289,299,291,
RegressionTest0::test002 ,81,85,83,85,83,83,87,86,88,87,86,86,87,89,83,334,1412,79,355,97,147,95,122,259,295,127,128,121,107,80,329,301,0,31,25,34,377,35,35,206,56,143,48,68,239,70,435,47,19,30,68,391,52,556,50,44,600,582,69,224,48,71,59,412,47,376,215,237,58,29,594,653,45,374,414,54,29,369,68,37,66,159,368,47,176,29,43,46,50,27,37,43,52,391,26,50,67,590,96,52,51,56,124,241,349,41,190,611,30,200,652,49,250,36,29,396,31,237,69,39,192,33,18,66,420,500,69,30,40,52,214,42,66,48,67,40,
RegressionTest0::test003 ,59,64,62,63,62,63,65,67,76,75,67,71,66,68,64,342,1419,67,362,94,148,93,124,257,300,128,125,121,104,66,332,306,31,0,19,31,388,35,35,209,37,166,36,50,264,49,454,34,43,29,50,410,34,580,34,36,625,607,48,250,33,51,40,432,34,385,241,263,37,33,619,676,40,388,438,31,26,378,47,39,49,187,378,34,199,17,69,35,38,50,45,35,27,410,12,36,46,615,96,46,38,34,132,267,374,22,213,631,20,224,674,40,276,59,59,415,54,263,94,49,216,42,30,48,442,523,49,21,18,77,240,64,48,71,50,65,
RegressionTest0::test004 ,67,70,69,70,69,69,72,71,77,76,71,73,72,74,69,338,1415,72,359,99,148,93,124,256,299,126,124,118,105,71,330,300,25,19,0,30,388,30,30,204,42,156,35,44,255,55,448,34,32,24,48,409,37,570,34,28,616,597,48,240,33,56,45,432,29,382,231,253,43,28,609,668,26,388,428,41,21,380,53,42,47,176,379,35,188,23,56,36,34,39,42,27,35,405,12,35,52,605,92,39,36,41,120,257,364,24,202,621,13,215,666,36,266,49,49,409,43,253,85,53,207,40,37,52,435,515,52,25,24,66,230,54,49,61,49,54,
RegressionTest0::test005 ,73,78,76,78,76,77,78,79,82,82,79,78,79,81,73,339,1414,72,358,99,148,93,126,261,298,128,129,124,108,76,331,300,34,31,30,0,382,12,12,202,49,162,35,52,257,58,439,36,38,6,56,400,39,574,36,28,617,600,55,242,37,57,46,425,35,380,233,255,52,9,612,667,29,375,422,44,9,373,57,27,55,187,371,36,191,25,59,34,39,42,37,31,45,406,26,37,57,608,93,41,37,44,135,259,365,40,205,615,29,215,667,36,267,52,51,414,46,255,86,58,208,34,42,57,435,516,59,25,37,70,232,60,52,58,55,56,
RegressionTest0::test006 ,430,438,435,438,435,435,440,437,404,403,437,408,437,441,425,360,1282,405,348,373,358,389,363,331,342,350,349,353,363,391,336,209,377,388,388,382,0,381,381,258,411,244,394,415,272,420,173,402,367,382,415,30,397,429,404,399,404,400,419,267,403,422,412,56,405,11,265,269,413,380,408,463,395,138,149,405,383,12,421,375,405,271,12,400,278,384,366,394,396,369,382,397,402,33,384,401,421,407,355,387,397,405,327,269,286,384,273,353,382,265,388,397,268,364,367,41,362,269,354,368,261,376,373,415,243,346,413,378,385,361,265,363,414,361,404,363,
RegressionTest0::test007 ,79,84,82,84,82,83,84,84,84,83,84,78,84,87,79,334,1411,74,354,101,149,94,124,258,296,127,126,122,107,79,327,293,35,35,30,12,381,0,0,199,55,162,39,57,252,64,438,41,37,12,58,402,43,567,42,34,611,592,59,237,42,63,57,425,41,374,229,251,58,11,604,660,28,374,421,49,15,372,63,26,57,180,370,41,181,29,52,38,35,33,38,32,49,400,32,42,62,600,90,40,30,49,129,255,358,34,195,608,28,206,660,43,262,42,52,407,42,251,79,56,201,32,42,59,429,509,63,28,33,64,228,58,57,57,53,55,
RegressionTest0::test008 ,79,84,82,84,82,83,84,84,84,83,84,78,84,87,79,334,1411,74,354,101,149,94,124,258,296,127,126,122,107,79,327,293,35,35,30,12,381,0,0,199,55,162,39,57,252,64,438,41,37,12,58,402,43,567,42,34,611,592,59,237,42,63,57,425,41,374,229,251,58,11,604,660,28,374,421,49,15,372,63,26,57,180,370,41,181,29,52,38,35,33,38,32,49,400,32,42,62,600,90,40,30,49,129,255,358,34,195,608,28,206,660,43,262,42,52,407,42,251,79,56,201,32,42,59,429,509,63,28,33,64,228,58,57,57,53,55,
RegressionTest0::test009 ,227,234,231,234,231,231,233,233,204,204,233,208,233,235,222,294,1336,215,305,183,181,202,174,209,247,164,164,169,176,192,267,154,206,209,204,202,258,199,199,0,217,143,205,208,218,214,326,208,198,203,208,283,204,498,211,208,524,504,213,201,211,214,217,307,209,255,194,216,219,202,515,568,203,247,306,208,203,249,216,198,198,146,247,207,153,207,197,203,203,196,201,207,214,283,210,208,216,512,163,193,203,212,160,219,302,197,165,495,205,179,542,200,226,194,203,290,196,216,198,197,172,198,204,212,318,399,209,204,202,196,193,199,211,197,197,199,
RegressionTest0::test010 ,36,33,32,32,32,34,36,34,74,73,34,63,35,36,39,356,1429,67,374,94,158,94,123,262,304,128,127,125,105,67,340,318,56,37,42,49,411,55,55,217,0,193,33,27,293,23,478,25,70,46,29,435,27,609,20,24,655,636,24,278,18,25,5,460,16,408,269,291,4,50,648,702,32,401,458,26,42,401,22,59,40,214,399,24,227,35,95,35,31,77,61,28,12,435,34,25,21,644,105,48,35,11,157,295,403,55,241,650,46,253,701,40,304,86,84,442,81,291,122,82,245,59,62,25,468,549,22,43,52,104,268,92,25,98,41,91,
RegressionTest0::test011 ,214,221,218,221,218,218,222,222,200,199,222,204,222,224,211,294,1359,199,318,180,185,197,176,228,262,172,172,171,176,186,288,198,143,166,156,162,244,162,162,143,193,0,180,199,138,204,341,181,135,156,195,268,179,484,183,177,494,493,201,123,182,204,196,292,183,244,114,136,195,155,505,567,173,281,311,187,160,237,204,160,190,84,236,182,91,168,132,175,178,139,164,175,185,268,163,180,203,501,155,174,183,190,118,140,247,154,107,512,156,96,548,184,149,135,135,276,132,136,133,141,88,161,151,201,319,413,199,163,159,130,112,129,199,132,189,132,
RegressionTest0::test012 ,57,63,59,61,59,61,61,62,74,74,62,65,62,64,57,342,1420,67,366,95,152,91,123,260,300,127,127,122,107,68,334,304,48,36,35,35,394,39,39,205,33,180,0,38,274,40,460,15,59,33,29,418,23,591,18,25,637,618,33,259,25,42,34,443,29,390,250,272,37,35,630,679,28,375,436,26,30,384,36,38,38,202,383,18,211,29,81,22,18,61,33,25,35,417,29,18,37,626,91,29,16,28,147,276,382,48,224,625,34,236,681,29,283,72,73,424,65,272,102,69,229,40,53,33,449,531,41,32,46,89,249,77,31,79,36,72,
RegressionTest0::test013 ,36,38,36,37,36,36,37,36,70,69,36,59,36,38,34,352,1427,66,368,95,155,94,122,261,300,124,121,121,102,64,335,310,68,50,44,52,415,57,57,208,27,199,38,0,298,12,482,32,75,48,15,440,31,612,28,29,658,639,8,283,27,12,30,465,24,412,274,296,26,52,651,700,31,398,457,27,45,405,14,65,21,220,404,28,230,45,100,44,37,82,65,33,25,440,48,31,14,647,96,47,38,33,162,300,406,61,244,650,54,257,704,39,309,91,93,446,86,296,128,90,249,60,74,18,474,551,15,51,60,109,273,97,12,104,21,97,
RegressionTest0::test014 ,315,321,318,322,318,318,323,322,297,296,322,301,322,325,310,303,1333,289,325,276,268,288,271,274,289,265,263,263,271,281,308,228,239,264,255,257,272,252,252,218,293,138,274,298,0,302,311,279,231,256,296,275,278,446,283,276,464,461,301,35,281,302,296,296,282,273,27,7,296,254,472,508,272,242,252,279,258,268,303,252,289,130,267,279,124,263,208,272,276,229,255,273,286,277,261,279,302,469,253,267,276,287,197,11,117,253,134,476,254,101,494,277,20,226,214,282,228,7,190,232,104,253,242,299,267,354,298,259,255,202,27,214,298,213,290,210,
RegressionTest0::test015 ,31,30,29,29,29,30,29,29,70,69,29,59,29,31,33,357,1431,67,377,94,158,96,123,264,302,125,126,125,105,65,340,317,70,49,55,58,420,64,64,214,23,204,40,12,302,0,487,35,82,56,19,445,34,618,30,33,663,644,11,287,30,6,24,470,28,417,278,300,19,59,656,707,42,404,462,27,52,410,7,68,28,224,409,32,235,46,106,45,42,89,69,37,24,445,46,35,7,652,101,55,43,30,168,304,412,68,249,656,57,261,710,44,313,98,97,452,93,300,134,92,254,66,76,16,479,557,11,54,64,115,277,104,15,111,29,103,
RegressionTest0::test016 ,498,506,502,506,502,502,507,505,470,470,506,475,507,509,494,412,1272,472,399,441,424,456,429,397,409,418,415,419,430,457,401,281,435,454,448,439,173,438,438,326,478,341,460,482,311,487,0,467,428,444,481,148,462,448,469,462,412,421,484,327,467,489,475,129,468,170,325,307,482,442,425,474,459,195,199,470,445,174,487,439,472,309,174,465,339,448,412,459,462,423,437,461,472,148,453,467,486,424,427,451,460,471,390,310,293,446,332,336,445,318,381,456,309,418,416,149,420,307,395,435,322,440,433,483,238,359,480,445,449,416,325,418,483,407,471,414,
RegressionTest0::test017 ,51,54,52,53,52,54,54,55,74,73,55,64,55,57,52,349,1421,67,366,94,152,91,121,260,299,126,125,122,104,66,334,308,47,34,34,36,402,41,41,208,25,181,15,32,279,35,467,0,56,31,29,425,16,592,8,17,636,617,28,264,17,34,30,448,20,398,255,277,27,34,630,682,21,384,442,20,29,392,29,41,36,201,391,15,212,30,81,16,13,65,42,17,25,425,27,5,29,625,93,32,18,24,145,281,389,50,226,628,35,238,687,28,290,73,71,429,68,277,109,72,230,45,52,31,455,534,37,36,47,88,254,80,28,87,37,76,
RegressionTest0::test018 ,93,98,97,98,97,97,100,97,97,97,97,96,98,100,96,331,1407,88,351,101,146,100,122,256,294,127,127,123,109,92,326,293,19,43,32,38,367,37,37,198,70,135,59,75,231,82,428,56,0,34,76,386,62,541,58,55,586,567,79,214,59,83,73,405,58,367,207,229,72,33,579,644,53,368,407,67,32,360,81,39,75,161,359,59,163,45,30,52,56,16,45,54,63,389,39,56,80,575,97,58,61,68,117,233,341,38,174,603,36,189,643,57,242,25,32,389,18,229,60,34,181,42,24,79,412,491,81,40,39,40,206,36,77,39,76,30,
RegressionTest0::test019 ,71,75,74,75,74,74,75,76,81,81,76,75,76,78,70,340,1414,70,357,96,147,92,123,258,297,127,127,121,106,72,330,300,30,29,24,6,382,12,12,203,46,156,33,48,256,56,444,31,34,0,53,405,33,569,30,25,613,595,51,241,34,54,49,429,32,380,232,254,49,4,607,662,25,374,422,41,5,373,55,26,52,182,371,32,190,25,57,30,35,42,32,28,41,406,22,32,55,603,91,36,37,43,130,258,365,38,205,615,24,215,667,42,267,51,47,411,46,254,85,56,208,29,42,53,435,513,56,25,36,67,231,58,50,63,51,55,
RegressionTest0::test020 ,38,42,38,40,38,40,39,38,70,69,38,59,39,41,38,350,1425,66,369,96,155,93,124,263,303,126,125,124,105,65,337,310,68,50,48,56,415,58,58,208,29,195,29,15,296,19,481,29,76,53,0,440,36,610,28,31,655,636,9,281,30,18,29,465,27,412,272,294,30,53,649,697,33,397,457,32,50,405,15,58,21,215,404,36,228,49,101,32,32,81,56,32,29,439,46,24,15,644,90,48,34,33,159,298,406,60,242,647,52,255,702,41,307,86,93,445,82,294,127,88,247,61,73,11,471,551,20,55,59,109,271,99,9,103,22,98,
RegressionTest0::test021 ,455,463,460,463,460,460,465,462,429,428,462,433,463,466,450,379,1279,429,362,398,381,413,388,355,367,374,373,377,388,415,359,234,391,410,409,400,30,402,402,283,435,268,418,440,275,445,148,425,386,405,440,0,420,434,427,425,403,400,444,291,427,447,433,27,430,33,289,271,438,403,407,464,420,163,174,430,406,38,445,399,430,295,37,423,302,407,379,418,421,387,401,422,427,15,409,426,445,406,380,410,418,430,352,274,285,405,298,349,402,285,387,418,272,384,382,24,382,271,365,391,284,398,390,441,256,362,438,401,405,378,289,380,441,369,429,376,
RegressionTest0::test022 ,54,58,55,56,55,56,57,58,72,71,58,60,58,60,53,347,1419,66,362,91,150,90,118,258,297,124,123,118,101,63,330,303,52,34,37,39,397,43,43,204,27,179,23,31,278,34,462,16,62,33,36,420,0,590,13,21,635,617,33,263,22,35,32,443,24,393,254,276,30,34,629,679,24,379,435,18,33,387,36,46,36,202,386,18,213,29,85,24,20,68,46,22,28,420,30,18,36,625,93,32,23,27,143,280,386,53,227,628,38,238,682,28,288,76,75,424,68,276,111,77,231,44,58,37,453,531,25,38,51,94,253,84,34,89,35,82,
RegressionTest0::test023 ,628,637,634,637,634,633,638,637,602,602,637,609,638,640,626,514,1205,598,504,575,563,587,569,512,525,563,562,556,568,594,509,452,556,580,570,574,429,567,567,498,609,484,591,612,446,618,448,592,541,569,610,434,590,0,596,592,300,280,615,445,596,618,612,446,597,427,446,446,611,567,292,356,587,417,389,600,571,428,619,571,601,455,429,595,452,583,536,584,588,545,572,588,601,432,577,591,618,288,553,579,592,605,502,445,419,567,453,462,569,447,462,588,442,539,546,433,541,446,535,560,449,567,563,614,397,415,612,579,569,530,446,546,613,542,602,537,
RegressionTest0::test024 ,47,51,49,50,49,50,50,51,73,72,51,63,51,53,48,349,1422,67,366,94,152,92,121,260,301,126,125,122,104,66,335,309,50,34,34,36,404,42,42,211,20,183,18,28,283,30,469,8,58,30,28,427,13,596,0,17,641,622,21,268,15,32,25,450,16,399,259,281,23,33,634,686,24,387,444,14,27,394,25,41,34,205,393,13,215,31,83,17,13,65,44,20,21,426,26,9,25,630,93,35,17,20,149,285,392,51,229,632,37,241,689,30,294,75,72,431,69,281,110,74,233,45,56,30,456,538,34,37,49,92,258,83,27,87,34,80,
RegressionTest0::test025 ,49,54,51,52,51,52,53,53,74,73,53,65,53,55,48,345,1419,66,367,97,151,91,124,259,298,126,122,118,104,66,335,306,44,36,28,28,399,34,34,208,24,177,25,29,276,33,462,17,55,25,31,425,21,592,17,0,636,618,31,261,11,32,29,449,9,397,252,274,26,28,629,681,10,390,439,22,28,391,31,44,32,197,389,19,209,35,80,26,18,61,48,5,20,425,29,18,31,626,92,34,22,22,141,278,386,46,223,632,30,236,684,27,287,71,70,430,65,274,107,71,228,46,57,31,452,532,33,42,43,89,251,77,30,83,32,76,
RegressionTest0::test026 ,674,683,678,682,678,679,683,683,646,646,683,655,683,686,671,558,1200,640,534,619,595,623,605,542,551,599,596,598,610,635,536,469,600,625,616,617,404,611,611,524,655,494,637,658,464,663,412,636,586,613,655,403,635,300,641,636,0,23,660,457,641,663,658,400,643,408,463,459,657,612,33,223,631,413,396,645,617,406,664,613,645,481,405,639,446,626,570,629,632,589,616,632,647,404,623,636,663,28,588,625,636,649,539,457,437,610,439,371,614,430,402,633,456,582,578,404,584,459,564,596,429,612,606,658,379,436,657,621,614,565,463,575,658,576,645,571,
RegressionTest0::test027 ,655,664,659,663,659,660,664,664,627,627,664,636,665,667,652,541,1195,623,517,600,576,605,586,524,535,581,578,580,592,618,519,450,582,607,597,600,400,592,592,504,636,493,618,639,461,644,421,617,567,595,636,400,617,280,622,618,23,0,641,455,622,644,639,409,624,399,461,461,638,593,19,202,613,411,393,626,598,401,645,598,626,463,400,621,428,610,561,610,613,570,598,614,628,397,604,617,644,8,570,606,617,632,520,458,418,591,420,365,595,419,411,614,453,563,572,401,567,461,559,585,424,594,589,639,369,416,638,605,595,556,462,570,639,568,626,562,
RegressionTest0::test028 ,32,34,31,33,31,33,32,31,70,69,31,59,31,33,35,353,1428,66,370,96,156,95,123,264,303,126,126,124,105,65,337,313,69,48,48,55,419,59,59,213,24,201,33,8,301,11,484,28,79,51,9,444,33,615,21,31,660,641,0,286,28,13,27,469,26,414,277,299,23,54,653,703,34,403,462,29,48,409,6,61,25,220,408,33,233,48,103,38,33,83,62,35,27,441,45,29,6,649,94,52,35,31,165,303,409,62,247,652,53,260,706,43,312,92,93,449,87,299,129,89,252,64,74,15,475,555,17,54,61,111,276,101,6,105,26,101,
RegressionTest0::test029 ,299,306,303,306,303,303,308,305,283,282,305,287,305,309,295,299,1335,276,319,264,256,275,259,260,279,252,251,251,258,268,297,213,224,250,240,242,267,237,237,201,278,123,259,283,35,287,327,264,214,241,281,291,263,445,268,261,457,455,286,0,266,287,281,312,267,269,12,33,281,239,467,507,256,243,252,270,243,263,288,237,274,116,262,264,108,249,193,257,260,213,240,258,271,293,246,264,287,463,236,252,261,272,179,33,133,237,106,479,239,90,491,261,35,211,199,297,213,33,175,224,89,238,228,284,263,349,283,244,239,195,12,199,282,200,274,196,
RegressionTest0::test030 ,44,48,46,47,46,47,47,44,72,71,44,63,45,47,47,349,1422,66,367,93,149,92,121,259,300,127,124,120,102,64,336,308,48,33,33,37,403,42,42,211,18,182,25,27,281,30,467,17,59,34,30,427,22,596,15,11,641,622,28,266,0,30,23,451,9,401,257,279,20,38,634,686,18,389,444,19,30,394,28,52,33,201,393,17,214,31,86,27,24,68,51,15,20,428,26,17,28,630,92,40,27,20,144,283,391,51,228,637,37,241,689,27,292,78,76,434,71,279,113,79,233,50,60,29,457,535,29,40,49,95,256,85,28,91,33,84,
RegressionTest0::test031 ,32,31,30,30,30,31,30,30,71,70,30,60,30,31,34,358,1431,66,378,94,160,96,123,265,302,127,127,127,105,66,342,318,71,51,56,57,422,63,63,214,25,204,42,12,302,6,489,34,83,54,18,447,35,618,32,32,663,644,13,287,30,0,28,472,29,419,278,300,21,58,657,707,40,405,462,30,52,412,9,69,28,225,411,32,236,48,107,46,42,88,70,36,26,447,49,34,9,652,101,55,43,31,167,304,412,68,250,656,59,263,711,44,313,97,98,453,92,300,134,93,255,66,77,15,479,557,12,55,65,117,277,105,15,110,28,104,
RegressionTest0::test032 ,38,36,35,35,35,37,39,37,74,73,37,64,38,39,41,357,1430,67,375,95,159,94,125,264,305,129,129,126,107,67,341,319,59,40,45,46,412,57,57,217,5,196,34,30,296,24,475,30,73,49,29,433,32,612,25,29,658,639,27,281,23,28,0,458,21,409,272,294,9,53,651,699,37,402,455,28,45,402,25,61,40,217,400,29,229,37,98,40,36,79,58,33,17,436,37,30,24,647,106,53,36,12,160,298,405,58,243,651,49,255,701,35,306,88,87,443,83,294,124,85,247,62,64,27,468,551,24,45,55,107,271,95,26,96,42,93,
RegressionTest0::test033 ,480,488,485,488,485,485,490,487,454,453,487,458,488,491,475,395,1274,454,380,423,404,438,413,379,391,397,397,401,412,439,383,258,412,432,432,425,56,425,425,307,460,292,443,465,296,470,129,448,405,429,465,27,443,446,450,449,400,409,469,312,451,472,458,0,455,57,309,291,463,427,413,472,445,188,195,453,430,63,470,424,455,320,62,446,326,431,395,441,445,408,418,447,452,33,431,449,470,414,405,434,443,455,377,292,288,427,323,349,426,307,388,439,296,405,393,33,404,291,375,414,305,420,414,465,270,373,463,426,427,397,309,396,465,394,454,395,
RegressionTest0::test034 ,44,46,45,45,45,46,46,45,74,73,45,63,45,47,42,349,1422,66,369,95,153,92,122,259,299,126,122,120,102,63,336,309,47,34,29,35,405,41,41,209,16,183,29,24,282,28,468,20,58,32,27,430,24,597,16,9,643,624,26,267,9,29,21,455,0,402,258,280,18,36,636,688,17,395,445,20,28,395,26,48,31,204,394,21,215,34,83,32,21,65,53,13,12,429,30,19,25,632,95,38,25,21,146,284,392,50,229,638,33,242,691,31,293,75,75,434,69,280,111,77,234,50,59,26,459,538,27,39,48,93,257,81,25,87,32,80,
RegressionTest0::test035 ,428,435,432,436,432,432,437,436,403,402,436,407,437,439,424,358,1281,403,347,370,356,386,360,329,339,347,346,351,361,389,333,210,376,385,382,380,11,374,374,255,408,244,390,412,273,417,170,398,367,380,412,33,393,427,399,397,408,399,414,269,401,419,409,57,402,0,269,270,410,378,407,462,392,135,155,402,381,10,417,372,401,271,9,397,274,381,361,391,391,362,379,394,399,30,381,398,416,406,354,381,389,402,326,270,282,380,273,352,374,256,388,393,269,359,367,37,362,270,354,365,262,373,370,413,242,347,410,375,380,361,268,363,413,361,401,363,
RegressionTest0::test036 ,291,297,294,298,294,294,299,298,274,273,298,278,298,301,286,296,1337,268,320,255,248,266,250,254,277,243,242,242,249,259,294,211,215,241,231,233,265,229,229,194,269,114,250,274,27,278,325,255,207,232,272,289,254,446,259,252,463,461,277,12,257,278,272,309,258,269,0,25,272,230,472,512,248,245,254,261,234,261,279,228,266,108,261,255,101,240,185,248,252,205,231,249,262,291,237,255,278,469,229,244,253,263,173,28,136,229,109,480,229,82,495,254,37,201,190,293,204,25,166,215,81,229,219,274,268,354,274,235,230,186,2,190,274,191,266,187,
