: , RegressionTest0::test001 , RegressionTest0::test002 , RegressionTest0::test003 , RegressionTest0::test004 , RegressionTest0::test005 , RegressionTest0::test006 , RegressionTest0::test007 , RegressionTest0::test008 , RegressionTest0::test009 , RegressionTest0::test010 , RegressionTest0::test011 , RegressionTest0::test012 , RegressionTest0::test013 , RegressionTest0::test014 , RegressionTest0::test015 , RegressionTest0::test016 , RegressionTest0::test017 , RegressionTest0::test018 , RegressionTest0::test019 , RegressionTest0::test020 , RegressionTest0::test021 , RegressionTest0::test022 , RegressionTest0::test023 , RegressionTest0::test024 , RegressionTest0::test025 , RegressionTest0::test026 , RegressionTest0::test027 , RegressionTest0::test028 , RegressionTest0::test029 , RegressionTest0::test030 , RegressionTest0::test031 , RegressionTest0::test032 , RegressionTest0::test033 , RegressionTest0::test034 , RegressionTest0::test035 , RegressionTest0::test036 , RegressionTest0::test037 , RegressionTest0::test038 , RegressionTest0::test039 , RegressionTest0::test040 , RegressionTest0::test041 , RegressionTest0::test042 , RegressionTest0::test043 , RegressionTest0::test044 , RegressionTest0::test045 , RegressionTest0::test046 , RegressionTest0::test047 , RegressionTest0::test048 , RegressionTest0::test049 , RegressionTest0::test050 , RegressionTest0::test051 , RegressionTest0::test052 , RegressionTest0::test053 , RegressionTest0::test054 , RegressionTest0::test055 , RegressionTest0::test056 , RegressionTest0::test057 , RegressionTest0::test058 , RegressionTest0::test059 , RegressionTest0::test060 , RegressionTest0::test061 , RegressionTest0::test062 , RegressionTest0::test063 , RegressionTest0::test064 , RegressionTest0::test065 , RegressionTest0::test066 , RegressionTest0::test067 , RegressionTest0::test068 , RegressionTest0::test069 , RegressionTest0::test070 , RegressionTest0::test071 , RegressionTest0::test072 , RegressionTest0::test073 , RegressionTest0::test074 , RegressionTest0::test075 , RegressionTest0::test076 , RegressionTest0::test077 , RegressionTest0::test078 , RegressionTest0::test079 , RegressionTest0::test080 , RegressionTest0::test081 , RegressionTest0::test082 , RegressionTest0::test083 , RegressionTest0::test084 , RegressionTest0::test085 , RegressionTest0::test086 , RegressionTest0::test087 , RegressionTest0::test088 , RegressionTest0::test089 , RegressionTest0::test090 , RegressionTest0::test091 , RegressionTest0::test092 , RegressionTest0::test093 , RegressionTest0::test094 , RegressionTest0::test095 , RegressionTest0::test096 , RegressionTest0::test097 , RegressionTest0::test098 , RegressionTest0::test099 , RegressionTest0::test100 , RegressionTest0::test101 , RegressionTest0::test102 , RegressionTest0::test103 , RegressionTest0::test104 , RegressionTest0::test105 , RegressionTest0::test106 , RegressionTest0::test107 , RegressionTest0::test108 , RegressionTest0::test109 , RegressionTest0::test110 , RegressionTest0::test111 , RegressionTest0::test112 , RegressionTest0::test113 , RegressionTest0::test114 , RegressionTest0::test115 , RegressionTest0::test116 , RegressionTest0::test117 , RegressionTest0::test118 , RegressionTest0::test119 , RegressionTest0::test120 , RegressionTest0::test121 , RegressionTest0::test122 , RegressionTest0::test123 , RegressionTest0::test124 , RegressionTest0::test125 , RegressionTest0::test126 , RegressionTest0::test127 , RegressionTest0::test128 , PolyhedronsSetTest::testBox , PolyhedronsSetTest::testTetrahedron , PolyhedronsSetTest::testIsometry , PolyhedronsSetTest::testBuildBox , PolyhedronsSetTest::testCross , PolyhedronsSetTest::testIssue780 , PolygonsSetTest::testSimplyConnected , PolygonsSetTest::testStair , PolygonsSetTest::testHole , PolygonsSetTest::testDisjointPolygons , PolygonsSetTest::testOppositeHyperplanes , PolygonsSetTest::testSingularPoint , PolygonsSetTest::testLineIntersection , PolygonsSetTest::testUnlimitedSubHyperplane , PolygonsSetTest::testUnion , PolygonsSetTest::testIntersection , PolygonsSetTest::testXor , PolygonsSetTest::testDifference , PolygonsSetTest::testEmptyDifference , PolygonsSetTest::testChoppedHexagon , PolygonsSetTest::testConcentric , PolygonsSetTest::testBug20040520 , PolygonsSetTest::testBug20041003 , PolygonsSet_ESTest::test00 , PolygonsSet_ESTest::test01 , PolygonsSet_ESTest::test02 , PolygonsSet_ESTest::test03 , PolygonsSet_ESTest::test04 , PolygonsSet_ESTest::test05 , PolygonsSet_ESTest::test06 , PolygonsSet_ESTest::test07 , PolygonsSet_ESTest::test08 , PolygonsSet_ESTest::test09 , PolygonsSet_ESTest::test10 , PolygonsSet_ESTest::test11 , 
RegressionTest0::test001 , 0 , 78 , 7675 , 477 , 2083 , 4901 , 6340 , 6184 , 1845 , 4660 , 447 , 6340 , 6554 , 5720 , 717 , 7115 , 6229 , 5378 , 999 , 3138 , 6187 , 8834 , 1000 , 4797 , 6379 , 4445 , 5215 , 9646 , 2234 , 379 , 4077 , 12196 , 431 , 1909 , 689 , 696 , 2315 , 2946 , 9077 , 4294 , 5336 , 1400 , 7625 , 3569 , 7913 , 2802 , 4194 , 5314 , 6414 , 487 , 9077 , 3318 , 4481 , 5791 , 8599 , 6379 , 2980 , 2752 , 4795 , 396 , 6300 , 380 , 910 , 5234 , 5380 , 3290 , 10894 , 7723 , 9665 , 8841 , 4431 , 2256 , 6569 , 9090 , 1663 , 2580 , 6429 , 8863 , 8642 , 5433 , 2188 , 9373 , 4204 , 1563 , 6695 , 2095 , 7544 , 4632 , 6191 , 512 , 6841 , 9638 , 3192 , 6841 , 1027 , 6307 , 2675 , 2500 , 3770 , 7137 , 8985 , 503 , 8690 , 3577 , 7118 , 9249 , 544 , 5252 , 11678 , 6544 , 5989 , 5857 , 6307 , 5288 , 6443 , 4301 , 4463 , 8083 , 7690 , 4778 , 9325 , 4325 , 3679 , 6607 , 8342 , 4144 , 7573 , 9320 , 3593 , 3006 , 2926 , 787 , 1724 , 6179 , 3222 , 1255 , 3355 , 1943 , 637 , 728 , 4001 , 1990 , 4967 , 3134 , 5782 , 4969 , 1018 , 4484 , 2032 , 10923 , 2516 , 831 , 794 , 846 , 819 , 745 , 876 , 821 , 835 , 821 , 821 , 672 , 684 , 
RegressionTest0::test002 , 78 , 0 , 7632 , 517 , 2049 , 4861 , 6299 , 6146 , 1805 , 4622 , 446 , 6298 , 6514 , 5680 , 760 , 7076 , 6189 , 5337 , 964 , 3106 , 6147 , 8794 , 965 , 4754 , 6339 , 4405 , 5173 , 9602 , 2188 , 420 , 4039 , 12153 , 428 , 1867 , 734 , 739 , 2274 , 2904 , 9033 , 4254 , 5300 , 1366 , 7584 , 3534 , 7870 , 2766 , 4155 , 5275 , 6371 , 530 , 9033 , 3279 , 4445 , 5749 , 8560 , 6339 , 2942 , 2712 , 4753 , 438 , 6262 , 405 , 893 , 5201 , 5340 , 3252 , 10855 , 7685 , 9622 , 8797 , 4393 , 2223 , 6528 , 9050 , 1630 , 2537 , 6388 , 8821 , 8600 , 5397 , 2147 , 9330 , 4162 , 1527 , 6658 , 2058 , 7505 , 4595 , 6152 , 533 , 6799 , 9596 , 3150 , 6805 , 1002 , 6269 , 2646 , 2462 , 3730 , 7097 , 8945 , 540 , 8651 , 3541 , 7078 , 9206 , 587 , 5216 , 11634 , 6501 , 5949 , 5817 , 6268 , 5255 , 6404 , 4263 , 4423 , 8045 , 7649 , 4740 , 9285 , 4283 , 3642 , 6565 , 8301 , 4104 , 7531 , 9276 , 3569 , 2981 , 2894 , 773 , 1696 , 6147 , 3195 , 1246 , 3333 , 1925 , 665 , 722 , 3965 , 1960 , 4939 , 3102 , 5752 , 4939 , 1017 , 4447 , 2004 , 10884 , 2495 , 875 , 836 , 888 , 858 , 788 , 922 , 861 , 880 , 861 , 861 , 714 , 726 , 
RegressionTest0::test003 , 7675 , 7632 , 0 , 8046 , 5989 , 4090 , 1779 , 1759 , 6217 , 3818 , 7549 , 1778 , 1446 , 3586 , 8332 , 1551 , 3108 , 3788 , 6803 , 4974 , 1760 , 3546 , 6802 , 4060 , 3311 , 4143 , 3466 , 4330 , 5859 , 7941 , 4439 , 6050 , 7635 , 6162 , 8293 , 8281 , 5836 , 5368 , 3917 , 4163 , 3705 , 6420 , 3142 , 4887 , 3744 , 5554 , 4314 , 3777 , 1715 , 7970 , 3916 , 5065 , 4213 , 3760 , 3246 , 3309 , 5094 , 5306 , 3912 , 7958 , 1804 , 7906 , 7127 , 4010 , 3797 , 5245 , 5071 , 3178 , 3809 , 3613 , 4296 , 6126 , 1798 , 3966 , 6376 , 5635 , 3336 , 3802 , 3589 , 3417 , 5949 , 4316 , 4407 , 6595 , 3482 , 6015 , 3579 , 4228 , 3188 , 7858 , 3403 , 4223 , 5172 , 3396 , 6998 , 2007 , 5550 , 5684 , 4727 , 3298 , 4232 , 7998 , 3688 , 5013 , 2955 , 4386 , 8133 , 3985 , 6144 , 3363 , 3648 , 3305 , 2005 , 3805 , 3327 , 4450 , 4168 , 3403 , 3247 , 4027 , 3462 , 4246 , 4737 , 3592 , 3725 , 4378 , 3062 , 4094 , 5828 , 5967 , 5939 , 7444 , 6702 , 5220 , 5973 , 7128 , 5967 , 6701 , 7778 , 7608 , 5452 , 6643 , 5399 , 6016 , 5212 , 5395 , 7307 , 5490 , 6659 , 7164 , 6413 , 8428 , 8377 , 8448 , 8406 , 8317 , 8493 , 8407 , 8422 , 8406 , 8406 , 8255 , 8252 , 
RegressionTest0::test004 , 477 , 517 , 8046 , 0 , 2432 , 5258 , 6717 , 6553 , 2172 , 5032 , 611 , 6717 , 6921 , 6090 , 331 , 7490 , 6612 , 5756 , 1347 , 3519 , 6554 , 9223 , 1349 , 5208 , 6749 , 4813 , 5590 , 10037 , 2601 , 208 , 4448 , 12591 , 507 , 2237 , 291 , 309 , 2667 , 3301 , 9470 , 4664 , 5699 , 1760 , 7996 , 3915 , 8288 , 3144 , 4567 , 5674 , 6781 , 302 , 9470 , 3672 , 4838 , 6154 , 8979 , 6748 , 3345 , 3121 , 5166 , 188 , 6666 , 247 , 1129 , 5597 , 5754 , 3624 , 11287 , 8105 , 10055 , 9227 , 4794 , 2594 , 6945 , 9479 , 2004 , 2918 , 6799 , 9260 , 9035 , 5804 , 2518 , 9755 , 4573 , 1823 , 7065 , 2445 , 7924 , 4999 , 6571 , 374 , 7213 , 10024 , 3537 , 7220 , 1292 , 6670 , 3029 , 2856 , 4129 , 7501 , 9370 , 299 , 9076 , 3927 , 7489 , 9638 , 144 , 5610 , 12071 , 6911 , 6359 , 6224 , 6670 , 5659 , 6813 , 4665 , 4829 , 8469 , 8070 , 5151 , 9710 , 4690 , 4046 , 6986 , 8727 , 4511 , 7949 , 9706 , 3861 , 3299 , 3214 , 960 , 1959 , 6487 , 3478 , 1460 , 3629 , 2173 , 606 , 807 , 4331 , 2222 , 5270 , 3411 , 6100 , 5269 , 1184 , 4795 , 2258 , 11295 , 2762 , 443 , 426 , 449 , 432 , 391 , 488 , 433 , 464 , 433 , 431 , 337 , 348 , 
RegressionTest0::test005 , 2083 , 2049 , 5989 , 2432 , 0 , 3176 , 4690 , 4510 , 962 , 2959 , 2025 , 4691 , 4879 , 4048 , 2678 , 5413 , 4508 , 3758 , 1279 , 1455 , 4510 , 7060 , 1280 , 3200 , 4704 , 2486 , 3459 , 7856 , 327 , 2344 , 2114 , 10466 , 2109 , 942 , 2640 , 2634 , 1105 , 1454 , 7302 , 2531 , 3733 , 1021 , 5962 , 2004 , 6190 , 1616 , 2477 , 3595 , 4718 , 2360 , 7301 , 1916 , 2863 , 4240 , 6872 , 4703 , 1254 , 1183 , 3086 , 2362 , 4619 , 2317 , 1740 , 3709 , 3717 , 1931 , 9170 , 5997 , 8000 , 7060 , 2803 , 1289 , 4931 , 7346 , 1031 , 1294 , 4708 , 7148 , 6919 , 3755 , 935 , 7687 , 2563 , 1537 , 5104 , 164 , 5872 , 2977 , 4494 , 2288 , 5117 , 7891 , 1727 , 5188 , 1683 , 4641 , 1367 , 582 , 1935 , 5524 , 7273 , 2397 , 6951 , 2327 , 5416 , 7559 , 2516 , 3701 , 9936 , 4831 , 4295 , 4238 , 4638 , 3574 , 4725 , 2722 , 2798 , 6335 , 5998 , 3131 , 7632 , 2664 , 2034 , 4965 , 6628 , 2474 , 5849 , 7552 , 2675 , 2161 , 2060 , 1980 , 1557 , 4976 , 2374 , 1822 , 2493 , 1741 , 2284 , 2150 , 2809 , 1685 , 3888 , 2379 , 4656 , 3902 , 1962 , 3390 , 1727 , 9427 , 1953 , 2771 , 2725 , 2792 , 2754 , 2674 , 2835 , 2756 , 2770 , 2756 , 2756 , 2634 , 2632 , 
RegressionTest0::test006 , 4901 , 4861 , 4090 , 5258 , 3176 , 0 , 2940 , 2737 , 3306 , 1384 , 4770 , 2939 , 3038 , 1974 , 5538 , 3517 , 2640 , 1880 , 4122 , 2418 , 2740 , 4797 , 4122 , 1595 , 2372 , 1531 , 1630 , 5678 , 3045 , 5162 , 1522 , 8117 , 4853 , 3287 , 5499 , 5492 , 2979 , 2539 , 5117 , 2190 , 2531 , 3780 , 3761 , 2125 , 3908 , 3033 , 2325 , 426 , 2906 , 5193 , 5116 , 2399 , 1610 , 2341 , 4827 , 2369 , 2493 , 2687 , 2210 , 5180 , 2819 , 5135 , 4396 , 2198 , 751 , 2805 , 6832 , 3825 , 5722 , 4798 , 1787 , 3461 , 3101 , 5055 , 3620 , 2792 , 2601 , 4897 , 4666 , 1764 , 3069 , 5330 , 2343 , 3991 , 3059 , 3201 , 3582 , 2324 , 2583 , 5080 , 2999 , 5771 , 2417 , 2963 , 4297 , 2818 , 2788 , 2971 , 1805 , 3804 , 4954 , 5224 , 4729 , 2708 , 3174 , 5267 , 5355 , 2235 , 7530 , 2681 , 1503 , 2612 , 2817 , 602 , 2579 , 1836 , 2100 , 4151 , 3757 , 2221 , 5291 , 2168 , 2237 , 2833 , 3925 , 2240 , 3652 , 5269 , 3476 , 3530 , 3419 , 4707 , 4033 , 3942 , 3573 , 4448 , 3586 , 4114 , 5046 , 4884 , 3042 , 4047 , 3422 , 3658 , 3949 , 3408 , 4640 , 3328 , 4095 , 7972 , 3877 , 5635 , 5587 , 5655 , 5613 , 5528 , 5698 , 5613 , 5630 , 5613 , 5613 , 5467 , 5464 , 
RegressionTest0::test007 , 6340 , 6299 , 1779 , 6717 , 4690 , 2940 , 0 , 555 , 4937 , 2593 , 6202 , 3 , 849 , 2930 , 7015 , 1284 , 2452 , 2830 , 5488 , 3679 , 555 , 4037 , 5487 , 2749 , 2625 , 3074 , 2519 , 4874 , 4534 , 6608 , 3198 , 6947 , 6292 , 4878 , 6976 , 6966 , 4514 , 4054 , 4291 , 3004 , 2786 , 5083 , 2676 , 3691 , 4035 , 4312 , 3084 , 2928 , 379 , 6658 , 4293 , 3808 , 2982 , 2627 , 3245 , 2624 , 3817 , 4003 , 2630 , 6628 , 446 , 6575 , 5814 , 2792 , 2648 , 4074 , 5618 , 3347 , 4449 , 4124 , 3153 , 4812 , 797 , 4434 , 5099 , 4407 , 2948 , 4198 , 4153 , 2638 , 4670 , 4246 , 3164 , 5344 , 2849 , 4713 , 3800 , 3037 , 2538 , 6550 , 3281 , 4482 , 3970 , 3305 , 5659 , 638 , 4311 , 4413 , 3469 , 2931 , 4663 , 6685 , 4039 , 3843 , 3014 , 4811 , 6806 , 2775 , 6417 , 3075 , 2803 , 2846 , 639 , 2936 , 2991 , 3377 , 2924 , 3784 , 3590 , 2824 , 4111 , 3025 , 3551 , 3106 , 4070 , 3153 , 3200 , 4605 , 4667 , 4827 , 4728 , 6157 , 5445 , 4578 , 4806 , 5868 , 4815 , 5457 , 6489 , 6334 , 4323 , 5394 , 4350 , 4865 , 4203 , 4386 , 6050 , 4426 , 5445 , 7452 , 5198 , 7111 , 7060 , 7131 , 7089 , 7002 , 7176 , 7090 , 7105 , 7089 , 7089 , 6924 , 6933 , 
RegressionTest0::test008 , 6184 , 6146 , 1759 , 6553 , 4510 , 2737 , 555 , 0 , 4750 , 2419 , 6063 , 555 , 381 , 2770 , 6834 , 1382 , 2308 , 2835 , 5319 , 3567 , 8 , 4125 , 5317 , 2725 , 2521 , 2890 , 2370 , 4896 , 4438 , 6448 , 3032 , 7075 , 6152 , 4698 , 6795 , 6785 , 4409 , 3982 , 4292 , 2808 , 2623 , 4949 , 2675 , 3521 , 4021 , 4142 , 2908 , 2769 , 572 , 6477 , 4294 , 3718 , 2825 , 2498 , 3404 , 2520 , 3647 , 3826 , 2575 , 6466 , 406 , 6417 , 5642 , 2658 , 2622 , 3901 , 5613 , 3376 , 4672 , 4173 , 2953 , 4708 , 977 , 4474 , 4924 , 4243 , 2981 , 4331 , 4245 , 2483 , 4491 , 4184 , 3017 , 5174 , 3030 , 4520 , 3750 , 2885 , 2389 , 6370 , 3293 , 4469 , 3776 , 3277 , 5500 , 624 , 4142 , 4208 , 3280 , 2891 , 4691 , 6505 , 4116 , 3562 , 3030 , 4952 , 6639 , 2595 , 6498 , 3048 , 2769 , 2706 , 627 , 2757 , 3012 , 3209 , 2762 , 3772 , 3617 , 2657 , 4222 , 2871 , 3377 , 3071 , 4068 , 2994 , 3231 , 4654 , 4506 , 4651 , 4557 , 5980 , 5272 , 4471 , 4639 , 5687 , 4645 , 5290 , 6306 , 6159 , 4151 , 5211 , 4210 , 4710 , 4078 , 4235 , 5874 , 4262 , 5272 , 7454 , 5024 , 6930 , 6880 , 6950 , 6908 , 6820 , 6995 , 6909 , 6924 , 6908 , 6908 , 6761 , 6757 , 
RegressionTest0::test009 , 1845 , 1805 , 6217 , 2172 , 962 , 3306 , 4937 , 4750 , 0 , 3227 , 1711 , 4939 , 5116 , 4229 , 2436 , 5636 , 4775 , 3919 , 1104 , 1845 , 4752 , 7321 , 1102 , 3442 , 4700 , 3007 , 3791 , 8116 , 1058 , 2090 , 2637 , 10510 , 1791 , 144 , 2395 , 2391 , 666 , 1459 , 7552 , 2930 , 3995 , 912 , 5954 , 2181 , 6389 , 1632 , 2847 , 3725 , 4961 , 2128 , 7552 , 1849 , 2830 , 4132 , 7096 , 4699 , 1640 , 1467 , 3444 , 2108 , 4862 , 2080 , 1405 , 3583 , 3850 , 1998 , 9342 , 6243 , 8081 , 7328 , 3027 , 1417 , 5122 , 7582 , 887 , 892 , 4916 , 7387 , 7145 , 3932 , 545 , 7764 , 2866 , 1207 , 5226 , 977 , 6024 , 3271 , 4728 , 1987 , 5328 , 8110 , 1658 , 5331 , 1360 , 4847 , 1057 , 1300 , 2331 , 5693 , 7470 , 2160 , 7199 , 2288 , 5609 , 7755 , 2270 , 3662 , 10054 , 5048 , 4454 , 4240 , 4846 , 3729 , 4941 , 2868 , 3079 , 6570 , 6171 , 3423 , 7792 , 2975 , 2346 , 5128 , 6792 , 2781 , 6085 , 7791 , 2787 , 2248 , 2091 , 1754 , 1451 , 5144 , 2458 , 1657 , 2621 , 1599 , 2051 , 1949 , 2952 , 1570 , 4022 , 2438 , 4772 , 4029 , 1755 , 3478 , 1613 , 9609 , 1957 , 2530 , 2483 , 2548 , 2513 , 2431 , 2590 , 2514 , 2524 , 2515 , 2515 , 2394 , 2391 , 
RegressionTest0::test010 , 4660 , 4622 , 3818 , 5032 , 2959 , 1384 , 2593 , 2419 , 3227 , 0 , 4564 , 2592 , 2762 , 2451 , 5301 , 3229 , 2300 , 2251 , 3784 , 1896 , 2418 , 4802 , 3781 , 899 , 2595 , 1538 , 1183 , 5551 , 2847 , 4926 , 1462 , 8360 , 4655 , 3168 , 5261 , 5255 , 2913 , 2504 , 4999 , 1500 , 2435 , 3392 , 3944 , 1952 , 4233 , 2901 , 1604 , 1793 , 2536 , 4959 , 4998 , 2394 , 1724 , 2714 , 4613 , 2593 , 2002 , 2228 , 1625 , 4947 , 2439 , 4899 , 4196 , 2326 , 1861 , 2790 , 7041 , 3865 , 5930 , 4872 , 1440 , 3274 , 2814 , 5087 , 3429 , 2760 , 2889 , 4822 , 4806 , 1185 , 2987 , 5484 , 1668 , 3811 , 3379 , 2985 , 3890 , 1734 , 2362 , 4867 , 3273 , 5796 , 2412 , 3267 , 4100 , 2543 , 2683 , 2756 , 1542 , 3841 , 5243 , 4993 , 4801 , 2716 , 3484 , 5463 , 5119 , 2331 , 7695 , 2958 , 2414 , 2858 , 2542 , 1825 , 2895 , 1702 , 1471 , 4152 , 4067 , 1627 , 5683 , 1524 , 1812 , 2980 , 4654 , 1618 , 3747 , 5294 , 3282 , 3353 , 3252 , 4492 , 3817 , 4021 , 3418 , 4252 , 3402 , 3928 , 4819 , 4676 , 2905 , 3877 , 3477 , 3475 , 4031 , 3482 , 4417 , 3252 , 3912 , 8085 , 3694 , 5400 , 5350 , 5417 , 5377 , 5292 , 5461 , 5377 , 5394 , 5378 , 5377 , 5234 , 5232 , 
RegressionTest0::test011 , 447 , 446 , 7549 , 611 , 2025 , 4770 , 6202 , 6063 , 1711 , 4564 , 0 , 6202 , 6429 , 5554 , 889 , 6989 , 6119 , 5252 , 1012 , 3073 , 6066 , 8710 , 1014 , 4724 , 6247 , 4345 , 5112 , 9526 , 2169 , 529 , 3983 , 12051 , 166 , 1781 , 839 , 845 , 2192 , 2812 , 8960 , 4197 , 5211 , 1382 , 7489 , 3471 , 7772 , 2676 , 4087 , 5184 , 6287 , 642 , 8960 , 3188 , 4353 , 5659 , 8466 , 6246 , 2913 , 2697 , 4672 , 545 , 6176 , 533 , 673 , 5098 , 5250 , 3117 , 10757 , 7601 , 9516 , 8714 , 4334 , 2185 , 6430 , 8972 , 1636 , 2456 , 6301 , 8744 , 8513 , 5326 , 2061 , 9244 , 4091 , 1399 , 6550 , 2028 , 7414 , 4503 , 6075 , 497 , 6712 , 9511 , 3065 , 6710 , 785 , 6179 , 2566 , 2431 , 3678 , 7009 , 8854 , 655 , 8561 , 3450 , 6979 , 9110 , 693 , 5124 , 11543 , 6409 , 5869 , 5735 , 6179 , 5166 , 6314 , 4192 , 4365 , 7967 , 7557 , 4656 , 9194 , 4235 , 3601 , 6485 , 8224 , 4053 , 7447 , 9196 , 3518 , 2939 , 2837 , 831 , 1676 , 6097 , 3129 , 1232 , 3256 , 1862 , 735 , 761 , 3890 , 1900 , 4853 , 3034 , 5671 , 4856 , 1009 , 4366 , 1971 , 10793 , 2451 , 992 , 954 , 1002 , 978 , 908 , 1035 , 980 , 987 , 981 , 980 , 826 , 837 , 
RegressionTest0::test012 , 6340 , 6298 , 1778 , 6717 , 4691 , 2939 , 3 , 555 , 4939 , 2592 , 6202 , 0 , 848 , 2929 , 7015 , 1284 , 2452 , 2829 , 5488 , 3679 , 556 , 4037 , 5486 , 2749 , 2625 , 3074 , 2519 , 4874 , 4535 , 6607 , 3199 , 6948 , 6292 , 4879 , 6976 , 6966 , 4515 , 4055 , 4293 , 3004 , 2784 , 5084 , 2676 , 3691 , 4035 , 4312 , 3083 , 2927 , 379 , 6658 , 4293 , 3807 , 2981 , 2627 , 3244 , 2624 , 3818 , 4005 , 2630 , 6627 , 447 , 6576 , 5815 , 2792 , 2649 , 4075 , 5618 , 3348 , 4450 , 4123 , 3153 , 4814 , 795 , 4433 , 5099 , 4406 , 2946 , 4198 , 4154 , 2636 , 4669 , 4245 , 3163 , 5345 , 2849 , 4714 , 3799 , 3037 , 2538 , 6550 , 3280 , 4483 , 3971 , 3305 , 5660 , 639 , 4312 , 4415 , 3469 , 2932 , 4662 , 6685 , 4038 , 3843 , 3015 , 4812 , 6806 , 2776 , 6419 , 3075 , 2804 , 2847 , 639 , 2936 , 2991 , 3378 , 2923 , 3784 , 3588 , 2823 , 4111 , 3024 , 3550 , 3104 , 4069 , 3152 , 3200 , 4606 , 4668 , 4827 , 4728 , 6157 , 5445 , 4578 , 4807 , 5867 , 4815 , 5457 , 6489 , 6334 , 4323 , 5394 , 4350 , 4864 , 4203 , 4386 , 6050 , 4424 , 5446 , 7452 , 5197 , 7111 , 7060 , 7131 , 7089 , 7002 , 7176 , 7090 , 7105 , 7089 , 7089 , 6924 , 6933 , 
RegressionTest0::test013 , 6554 , 6514 , 1446 , 6921 , 4879 , 3038 , 849 , 381 , 5116 , 2762 , 6429 , 848 , 0 , 2837 , 7206 , 1531 , 2429 , 2964 , 5687 , 3924 , 383 , 3978 , 5686 , 3031 , 2705 , 3090 , 2621 , 4783 , 4786 , 6815 , 3381 , 6787 , 6518 , 5059 , 7167 , 7157 , 4768 , 4309 , 4248 , 3148 , 2869 , 5313 , 2960 , 3842 , 3786 , 4510 , 3265 , 2857 , 783 , 6849 , 4247 , 4045 , 3115 , 2817 , 3086 , 2704 , 4009 , 4194 , 2898 , 6834 , 693 , 6787 , 6012 , 3015 , 2842 , 4217 , 5324 , 3154 , 4344 , 4038 , 3288 , 5064 , 1155 , 4347 , 5292 , 4569 , 3034 , 4185 , 3933 , 2624 , 4851 , 4395 , 3363 , 5537 , 2869 , 4891 , 3603 , 3156 , 2451 , 6740 , 3108 , 4157 , 4135 , 3101 , 5862 , 917 , 4512 , 4560 , 3645 , 2770 , 4452 , 6877 , 3887 , 3931 , 2761 , 4681 , 7008 , 2964 , 6429 , 3056 , 2821 , 2667 , 916 , 2836 , 3030 , 3413 , 3127 , 3676 , 3315 , 2990 , 3909 , 3155 , 3615 , 2831 , 4002 , 3335 , 3097 , 4506 , 4819 , 4995 , 4895 , 6339 , 5625 , 4658 , 4967 , 6045 , 4965 , 5640 , 6673 , 6516 , 4481 , 5554 , 4516 , 5019 , 4335 , 4527 , 6234 , 4560 , 5627 , 7376 , 5361 , 7302 , 7252 , 7322 , 7280 , 7192 , 7367 , 7281 , 7296 , 7280 , 7280 , 7131 , 7128 , 
RegressionTest0::test014 , 5720 , 5680 , 3586 , 6090 , 4048 , 1974 , 2930 , 2770 , 4229 , 2451 , 5554 , 2929 , 2837 , 0 , 6372 , 3346 , 2405 , 1342 , 4952 , 3262 , 2770 , 4291 , 4952 , 2349 , 2339 , 2248 , 2006 , 5252 , 3921 , 5982 , 2477 , 7647 , 5652 , 4172 , 6331 , 6321 , 3856 , 3315 , 4775 , 2789 , 2730 , 4602 , 3722 , 2917 , 3178 , 3760 , 2921 , 1774 , 2926 , 6020 , 4776 , 3072 , 2512 , 2428 , 4414 , 2338 , 3348 , 3537 , 2804 , 6000 , 2841 , 5959 , 5163 , 2699 , 1930 , 3220 , 6379 , 3048 , 5378 , 4300 , 2475 , 4254 , 3067 , 4456 , 4378 , 3734 , 1846 , 4332 , 4092 , 2215 , 3985 , 5027 , 2869 , 4775 , 2895 , 4045 , 2671 , 2677 , 2368 , 5920 , 2247 , 5362 , 3173 , 1997 , 5050 , 2851 , 3677 , 3769 , 2621 , 3403 , 4270 , 6050 , 4052 , 3329 , 2424 , 4567 , 6182 , 2702 , 7032 , 1931 , 1939 , 2364 , 2854 , 1792 , 1847 , 2547 , 2711 , 3744 , 2890 , 2800 , 4844 , 2710 , 2929 , 1971 , 3842 , 2825 , 2988 , 4810 , 4166 , 4206 , 4110 , 5515 , 4808 , 4221 , 4266 , 5228 , 4251 , 4861 , 5854 , 5692 , 3750 , 4784 , 3827 , 4302 , 3913 , 3833 , 5411 , 3951 , 4849 , 7630 , 4586 , 6464 , 6418 , 6485 , 6443 , 6362 , 6529 , 6443 , 6460 , 6443 , 6443 , 6294 , 6289 , 
RegressionTest0::test015 , 717 , 760 , 8332 , 331 , 2678 , 5538 , 7015 , 6834 , 2436 , 5301 , 889 , 7015 , 7206 , 6372 , 0 , 7774 , 6886 , 6052 , 1561 , 3803 , 6836 , 9506 , 1562 , 5499 , 7033 , 5084 , 5861 , 10318 , 2880 , 451 , 4712 , 12885 , 790 , 2502 , 99 , 99 , 2964 , 3599 , 9753 , 4929 , 5979 , 2034 , 8286 , 4201 , 8581 , 3406 , 4838 , 5957 , 7062 , 383 , 9753 , 3972 , 5118 , 6436 , 9265 , 7032 , 3595 , 3373 , 5459 , 431 , 6949 , 470 , 1362 , 5880 , 6056 , 3898 , 11577 , 8383 , 10358 , 9508 , 5061 , 2875 , 7243 , 9757 , 2245 , 3172 , 7079 , 9554 , 9329 , 6076 , 2770 , 10040 , 4841 , 2043 , 7363 , 2684 , 8206 , 5268 , 6845 , 523 , 7493 , 10312 , 3793 , 7499 , 1567 , 6950 , 3283 , 3100 , 4392 , 7789 , 9657 , 366 , 9358 , 4186 , 7772 , 9939 , 272 , 5881 , 12359 , 7191 , 6637 , 6497 , 6950 , 5930 , 7092 , 4933 , 5096 , 8746 , 8353 , 5424 , 10000 , 4957 , 4300 , 7264 , 9012 , 4776 , 8229 , 9985 , 4081 , 3516 , 3444 , 1106 , 2160 , 6747 , 3708 , 1650 , 3858 , 2376 , 713 , 953 , 4584 , 2426 , 5527 , 3637 , 6368 , 5526 , 1337 , 5048 , 2450 , 11582 , 2973 , 184 , 196 , 207 , 184 , 197 , 221 , 183 , 203 , 182 , 183 , 264 , 272 , 
RegressionTest0::test016 , 7115 , 7076 , 1551 , 7490 , 5413 , 3517 , 1284 , 1382 , 5636 , 3229 , 6989 , 1284 , 1531 , 3346 , 7774 , 0 , 2750 , 3366 , 6249 , 4408 , 1380 , 3559 , 6246 , 3463 , 2969 , 3761 , 2906 , 4337 , 5302 , 7381 , 3886 , 6398 , 7073 , 5596 , 7735 , 7723 , 5294 , 4785 , 3794 , 3635 , 3427 , 5867 , 2405 , 4389 , 3706 , 5021 , 3762 , 3448 , 1015 , 7415 , 3795 , 4551 , 3613 , 3164 , 2998 , 2968 , 4532 , 4735 , 3394 , 7398 , 1275 , 7346 , 6554 , 3383 , 3384 , 4744 , 5020 , 2999 , 4012 , 3603 , 3741 , 5587 , 1289 , 3939 , 5829 , 5122 , 3181 , 3864 , 3743 , 2942 , 5387 , 3821 , 3825 , 6079 , 2986 , 5456 , 3676 , 3705 , 2871 , 7306 , 3372 , 4142 , 4615 , 3354 , 6439 , 1485 , 5043 , 5161 , 4173 , 3084 , 4231 , 7443 , 3640 , 4540 , 2941 , 4474 , 7578 , 3375 , 5853 , 3199 , 3169 , 3066 , 1488 , 3458 , 3173 , 3961 , 3633 , 3459 , 3409 , 3509 , 3647 , 3726 , 4272 , 3223 , 3687 , 3822 , 2906 , 4128 , 5322 , 5490 , 5395 , 6886 , 6151 , 4900 , 5448 , 6587 , 5440 , 6160 , 7226 , 7060 , 4945 , 6108 , 4951 , 5508 , 4745 , 4986 , 6783 , 5002 , 6148 , 7176 , 5849 , 7870 , 7820 , 7890 , 7848 , 7759 , 7935 , 7849 , 7864 , 7848 , 7848 , 7698 , 7694 , 
RegressionTest0::test017 , 6229 , 6189 , 3108 , 6612 , 4508 , 2640 , 2452 , 2308 , 4775 , 2300 , 6119 , 2452 , 2429 , 2405 , 6886 , 2750 , 0 , 2530 , 5357 , 3476 , 2305 , 3779 , 5355 , 2533 , 2199 , 2700 , 2001 , 3838 , 4400 , 6500 , 2999 , 7196 , 6209 , 4716 , 6847 , 6838 , 4409 , 4031 , 3879 , 2682 , 2821 , 4967 , 3383 , 3387 , 3519 , 4300 , 2856 , 2420 , 2423 , 6532 , 3879 , 3838 , 2948 , 2794 , 3650 , 2199 , 3595 , 3789 , 2598 , 6520 , 2389 , 6472 , 5743 , 2948 , 2510 , 4097 , 6051 , 2917 , 5019 , 3840 , 2669 , 4752 , 2616 , 3902 , 4924 , 4210 , 2334 , 3755 , 3746 , 2023 , 4524 , 4606 , 2976 , 5288 , 2837 , 4545 , 3228 , 2930 , 462 , 6439 , 2668 , 4819 , 3887 , 2649 , 5631 , 2440 , 4182 , 4240 , 3224 , 3149 , 4383 , 6564 , 3785 , 3978 , 2840 , 4660 , 6699 , 2914 , 6600 , 2484 , 2320 , 2694 , 2440 , 2402 , 2371 , 2901 , 2713 , 3146 , 3419 , 2731 , 4698 , 2743 , 3200 , 2443 , 3712 , 2858 , 2751 , 4118 , 4576 , 4692 , 4617 , 6024 , 5314 , 4400 , 4740 , 5757 , 4767 , 5387 , 6373 , 6217 , 4218 , 5313 , 4266 , 4788 , 4053 , 4307 , 5936 , 4359 , 5368 , 7433 , 5066 , 6984 , 6936 , 7002 , 6962 , 6878 , 7047 , 6962 , 6980 , 6962 , 6962 , 6816 , 6815 , 
RegressionTest0::test018 , 5378 , 5337 , 3788 , 5756 , 3758 , 1880 , 2830 , 2835 , 3919 , 2251 , 5252 , 2829 , 2964 , 1342 , 6052 , 3366 , 2530 , 0 , 4633 , 2833 , 2833 , 4558 , 4633 , 2089 , 2464 , 2126 , 1578 , 5451 , 3586 , 5648 , 2173 , 7943 , 5345 , 3871 , 6013 , 6004 , 3495 , 3059 , 4884 , 2566 , 2560 , 4237 , 3928 , 2669 , 3369 , 3418 , 2614 , 1933 , 2933 , 5702 , 4885 , 2817 , 2372 , 2761 , 4694 , 2463 , 3034 , 3230 , 2628 , 5664 , 2894 , 5616 , 4889 , 2693 , 1643 , 3254 , 6708 , 3444 , 5700 , 4565 , 2176 , 3882 , 3001 , 4745 , 4174 , 3449 , 1984 , 4594 , 4359 , 2017 , 3664 , 5349 , 2644 , 4475 , 3159 , 3759 , 2973 , 2696 , 2510 , 5606 , 2384 , 5595 , 2934 , 2366 , 4737 , 2915 , 3382 , 3540 , 2354 , 3722 , 4542 , 5737 , 4376 , 3089 , 2709 , 4819 , 5842 , 2663 , 7415 , 2094 , 2385 , 2587 , 2917 , 1962 , 1990 , 2320 , 2516 , 3914 , 3294 , 2696 , 5295 , 2596 , 2703 , 1741 , 4141 , 2632 , 3288 , 4958 , 3921 , 3942 , 3861 , 5203 , 4513 , 4095 , 3988 , 4923 , 4000 , 4564 , 5546 , 5382 , 3492 , 4513 , 3580 , 4047 , 3934 , 3628 , 5110 , 3707 , 4558 , 7735 , 4304 , 6146 , 6101 , 6168 , 6125 , 6041 , 6211 , 6125 , 6143 , 6125 , 6125 , 5959 , 5970 , 
RegressionTest0::test019 , 999 , 964 , 6803 , 1347 , 1279 , 4122 , 5488 , 5319 , 1104 , 3784 , 1012 , 5488 , 5687 , 4952 , 1561 , 6249 , 5357 , 4633 , 0 , 2306 , 5318 , 7959 , 8 , 4086 , 5590 , 3631 , 4336 , 8771 , 1486 , 1256 , 3263 , 11400 , 1069 , 1160 , 1524 , 1525 , 1615 , 2224 , 8207 , 3422 , 4532 , 549 , 6861 , 2818 , 7131 , 2133 , 3343 , 4536 , 5542 , 1274 , 8207 , 2606 , 3731 , 5038 , 7727 , 5589 , 2094 , 1879 , 3955 , 1271 , 5435 , 1243 , 820 , 4490 , 4624 , 2594 , 10085 , 6916 , 8913 , 8017 , 3650 , 1701 , 5776 , 8266 , 927 , 1820 , 5643 , 8063 , 7861 , 4605 , 1422 , 8564 , 3395 , 1146 , 5945 , 1307 , 6771 , 3878 , 5374 , 1209 , 6057 , 8846 , 2431 , 6070 , 856 , 5483 , 1933 , 1718 , 2967 , 6382 , 8208 , 1311 , 7879 , 2919 , 6337 , 8486 , 1427 , 4508 , 10873 , 5757 , 5172 , 5101 , 5483 , 4482 , 5660 , 3560 , 3645 , 7268 , 6924 , 3974 , 8549 , 3503 , 2900 , 5839 , 7533 , 3328 , 6765 , 8491 , 3122 , 2552 , 2433 , 1010 , 1280 , 5585 , 2786 , 1114 , 2935 , 1683 , 1255 , 1182 , 3375 , 1668 , 4440 , 2718 , 5233 , 4445 , 1086 , 3894 , 1678 , 10226 , 2129 , 1664 , 1619 , 1678 , 1648 , 1570 , 1716 , 1650 , 1658 , 1649 , 1650 , 1548 , 1545 , 
RegressionTest0::test020 , 3138 , 3106 , 4974 , 3519 , 1455 , 2418 , 3679 , 3567 , 1845 , 1896 , 3073 , 3679 , 3924 , 3262 , 3803 , 4408 , 3476 , 2833 , 2306 , 0 , 3566 , 6075 , 2303 , 2270 , 3816 , 1898 , 2332 , 6833 , 1277 , 3413 , 1605 , 9554 , 3153 , 1795 , 3764 , 3758 , 1522 , 1323 , 6286 , 1331 , 2865 , 1903 , 5124 , 1333 , 5347 , 1797 , 1270 , 2796 , 3755 , 3472 , 6287 , 1414 , 1991 , 3399 , 5773 , 3816 , 390 , 862 , 1867 , 3433 , 3681 , 3387 , 2783 , 2895 , 2846 , 1862 , 8256 , 5107 , 7076 , 6115 , 1981 , 1911 , 3946 , 6355 , 2019 , 1572 , 3890 , 6048 , 6004 , 2743 , 1634 , 6730 , 1388 , 2484 , 4213 , 1518 , 4990 , 2039 , 3508 , 3391 , 4292 , 6953 , 1388 , 4307 , 2632 , 3740 , 1558 , 1419 , 1432 , 4657 , 6426 , 3512 , 6048 , 2032 , 4608 , 6665 , 3606 , 2900 , 9020 , 3999 , 3358 , 3354 , 3738 , 2672 , 3862 , 1934 , 1672 , 5405 , 5147 , 1962 , 6766 , 1474 , 1307 , 4092 , 5680 , 1358 , 4903 , 6548 , 2571 , 2284 , 2152 , 3047 , 2467 , 4579 , 2429 , 2852 , 2506 , 2653 , 3378 , 3243 , 2625 , 2603 , 3629 , 2368 , 4323 , 3647 , 3029 , 3166 , 2600 , 8859 , 2514 , 3903 , 3853 , 3919 , 3881 , 3798 , 3963 , 3883 , 3895 , 3883 , 3883 , 3718 , 3728 , 
RegressionTest0::test021 , 6187 , 6147 , 1760 , 6554 , 4510 , 2740 , 555 , 8 , 4752 , 2418 , 6066 , 556 , 383 , 2770 , 6836 , 1380 , 2305 , 2833 , 5318 , 3566 , 0 , 4125 , 5317 , 2723 , 2519 , 2891 , 2370 , 4893 , 4438 , 6449 , 3030 , 7073 , 6153 , 4696 , 6797 , 6787 , 4410 , 3983 , 4292 , 2808 , 2622 , 4950 , 2676 , 3521 , 4020 , 4143 , 2909 , 2772 , 570 , 6479 , 4291 , 3719 , 2826 , 2499 , 3406 , 2519 , 3647 , 3828 , 2575 , 6468 , 405 , 6417 , 5643 , 2656 , 2624 , 3901 , 5610 , 3377 , 4672 , 4172 , 2956 , 4707 , 976 , 4473 , 4925 , 4244 , 2978 , 4331 , 4244 , 2481 , 4491 , 4182 , 3018 , 5176 , 3030 , 4521 , 3749 , 2884 , 2387 , 6372 , 3290 , 4467 , 3780 , 3275 , 5502 , 624 , 4143 , 4207 , 3279 , 2889 , 4690 , 6507 , 4116 , 3563 , 3032 , 4953 , 6641 , 2596 , 6497 , 3046 , 2771 , 2707 , 626 , 2758 , 3009 , 3208 , 2763 , 3771 , 3617 , 2658 , 4222 , 2871 , 3378 , 3069 , 4068 , 2994 , 3231 , 4654 , 4507 , 4654 , 4559 , 5980 , 5274 , 4471 , 4639 , 5691 , 4646 , 5292 , 6309 , 6162 , 4152 , 5212 , 4212 , 4710 , 4079 , 4237 , 5876 , 4261 , 5275 , 7454 , 5022 , 6932 , 6882 , 6952 , 6910 , 6821 , 6997 , 6911 , 6926 , 6910 , 6910 , 6763 , 6759 , 
RegressionTest0::test022 , 8834 , 8794 , 3546 , 9223 , 7060 , 4797 , 4037 , 4125 , 7321 , 4802 , 8710 , 4037 , 3978 , 4291 , 9506 , 3559 , 3779 , 4558 , 7959 , 6075 , 4125 , 0 , 7960 , 4862 , 3778 , 5171 , 4332 , 2738 , 6933 , 9113 , 5385 , 5628 , 8801 , 7270 , 9467 , 9457 , 6948 , 6438 , 2626 , 5317 , 4976 , 7559 , 3901 , 5965 , 3665 , 6751 , 5421 , 4627 , 3956 , 9146 , 2625 , 6149 , 5268 , 4787 , 3173 , 3777 , 6177 , 6365 , 5061 , 9133 , 4032 , 9079 , 8283 , 5117 , 4499 , 6407 , 4634 , 2920 , 4236 , 504 , 5173 , 7241 , 3971 , 2229 , 7517 , 6834 , 3879 , 2091 , 2814 , 4356 , 7068 , 3611 , 5502 , 7809 , 4350 , 7066 , 3624 , 5321 , 3884 , 9039 , 3809 , 3805 , 6292 , 3733 , 8172 , 4077 , 6728 , 6801 , 5645 , 4332 , 3292 , 9177 , 2292 , 6310 , 3401 , 3535 , 9313 , 5092 , 4892 , 3789 , 4248 , 4671 , 4076 , 4621 , 3859 , 5405 , 5259 , 2588 , 3141 , 5147 , 3844 , 5357 , 5831 , 3793 , 3746 , 5467 , 2874 , 2353 , 6909 , 7066 , 7016 , 8584 , 7829 , 6064 , 7098 , 8256 , 7061 , 7834 , 8929 , 8764 , 6421 , 7769 , 6372 , 7136 , 6177 , 6397 , 8475 , 6437 , 7819 , 6944 , 7491 , 9601 , 9554 , 9621 , 9580 , 9494 , 9666 , 9580 , 9597 , 9580 , 9580 , 9428 , 9426 , 
RegressionTest0::test023 , 1000 , 965 , 6802 , 1349 , 1280 , 4122 , 5487 , 5317 , 1102 , 3781 , 1014 , 5486 , 5686 , 4952 , 1562 , 6246 , 5355 , 4633 , 8 , 2303 , 5317 , 7960 , 0 , 4086 , 5589 , 3630 , 4331 , 8769 , 1486 , 1258 , 3263 , 11400 , 1071 , 1161 , 1525 , 1525 , 1613 , 2225 , 8205 , 3418 , 4534 , 545 , 6860 , 2820 , 7131 , 2132 , 3339 , 4536 , 5540 , 1276 , 8206 , 2606 , 3730 , 5037 , 7722 , 5589 , 2091 , 1879 , 3951 , 1273 , 5432 , 1244 , 819 , 4490 , 4627 , 2594 , 10086 , 6916 , 8914 , 8016 , 3651 , 1702 , 5774 , 8266 , 927 , 1821 , 5642 , 8064 , 7859 , 4601 , 1421 , 8565 , 3392 , 1147 , 5947 , 1303 , 6772 , 3877 , 5372 , 1211 , 6055 , 8843 , 2431 , 6070 , 856 , 5482 , 1933 , 1717 , 2968 , 6381 , 8205 , 1312 , 7877 , 2920 , 6339 , 8486 , 1429 , 4507 , 10871 , 5756 , 5170 , 5101 , 5483 , 4481 , 5660 , 3559 , 3643 , 7267 , 6924 , 3973 , 8548 , 3502 , 2902 , 5839 , 7530 , 3326 , 6765 , 8491 , 3122 , 2551 , 2434 , 1009 , 1278 , 5583 , 2787 , 1114 , 2938 , 1684 , 1258 , 1183 , 3376 , 1669 , 4441 , 2718 , 5236 , 4447 , 1086 , 3891 , 1680 , 10227 , 2126 , 1665 , 1620 , 1679 , 1649 , 1573 , 1717 , 1651 , 1659 , 1649 , 1650 , 1548 , 1547 , 
RegressionTest0::test024 , 4797 , 4754 , 4060 , 5208 , 3200 , 1595 , 2749 , 2725 , 3442 , 899 , 4724 , 2749 , 3031 , 2349 , 5499 , 3463 , 2533 , 2089 , 4086 , 2270 , 2723 , 4862 , 4086 , 0 , 2481 , 1763 , 1513 , 5593 , 3035 , 5096 , 1748 , 8204 , 4811 , 3377 , 5459 , 5452 , 3068 , 2622 , 5096 , 1898 , 2539 , 3690 , 3767 , 2118 , 4125 , 3111 , 1910 , 1986 , 2846 , 5148 , 5097 , 2480 , 1793 , 2574 , 4724 , 2481 , 2382 , 2612 , 1827 , 5117 , 2787 , 5063 , 4381 , 2246 , 1986 , 2964 , 6891 , 3898 , 5706 , 4868 , 1661 , 3387 , 2927 , 5057 , 3611 , 2989 , 2864 , 4778 , 4624 , 1612 , 3218 , 5379 , 1939 , 3993 , 3259 , 3202 , 3773 , 1732 , 2525 , 5060 , 3234 , 5707 , 2592 , 3206 , 4243 , 2799 , 2917 , 2966 , 1781 , 3754 , 5166 , 5189 , 4781 , 2812 , 3503 , 5352 , 5292 , 2261 , 7600 , 2948 , 2537 , 2712 , 2801 , 1940 , 2887 , 1857 , 1878 , 4111 , 3954 , 1903 , 5543 , 1889 , 2068 , 2890 , 4545 , 1967 , 3757 , 5337 , 3459 , 3509 , 3429 , 4682 , 4009 , 4011 , 3580 , 4440 , 3566 , 4105 , 5021 , 4869 , 3090 , 4048 , 3524 , 3636 , 4026 , 3524 , 4614 , 3362 , 4077 , 8009 , 3867 , 5598 , 5549 , 5616 , 5576 , 5490 , 5660 , 5576 , 5593 , 5576 , 5577 , 5411 , 5424 , 
RegressionTest0::test025 , 6379 , 6339 , 3311 , 6749 , 4704 , 2372 , 2625 , 2521 , 4700 , 2595 , 6247 , 2625 , 2705 , 2339 , 7033 , 2969 , 2199 , 2464 , 5590 , 3816 , 2519 , 3778 , 5589 , 2481 , 0 , 2949 , 2356 , 4506 , 4596 , 6646 , 3117 , 6791 , 6336 , 4640 , 6995 , 6985 , 4280 , 4062 , 3893 , 3186 , 2993 , 5252 , 2475 , 3515 , 3205 , 4425 , 3340 , 2158 , 2518 , 6680 , 3894 , 3767 , 2546 , 2321 , 3974 , 5 , 3877 , 4099 , 3142 , 6665 , 2483 , 6617 , 5842 , 2579 , 2146 , 4160 , 5803 , 3141 , 4536 , 3821 , 2843 , 4860 , 2748 , 4109 , 5110 , 4212 , 2177 , 3884 , 3558 , 2411 , 4499 , 4083 , 3343 , 5409 , 2917 , 4704 , 2916 , 3144 , 2199 , 6576 , 2382 , 4705 , 3876 , 2349 , 5722 , 2482 , 4147 , 4453 , 3318 , 3168 , 4207 , 6709 , 3802 , 4022 , 2554 , 4476 , 6846 , 2655 , 6240 , 2256 , 2360 , 2373 , 2480 , 2214 , 2185 , 3070 , 3106 , 3125 , 3129 , 3190 , 4589 , 3189 , 3537 , 2399 , 3392 , 3309 , 3016 , 4253 , 4718 , 4829 , 4736 , 6166 , 5443 , 4535 , 4860 , 5877 , 4864 , 5499 , 6513 , 6353 , 4298 , 5431 , 4353 , 4906 , 4191 , 4375 , 6076 , 4419 , 5475 , 7426 , 5193 , 7129 , 7081 , 7149 , 7107 , 7020 , 7192 , 7108 , 7125 , 7107 , 7107 , 6962 , 6959 , 
RegressionTest0::test026 , 4445 , 4405 , 4143 , 4813 , 2486 , 1531 , 3074 , 2890 , 3007 , 1538 , 4345 , 3074 , 3090 , 2248 , 5084 , 3761 , 2700 , 2126 , 3631 , 1898 , 2891 , 5171 , 3630 , 1763 , 2949 , 0 , 1905 , 5940 , 2356 , 4710 , 380 , 8524 , 4438 , 2959 , 5044 , 5036 , 2689 , 2381 , 5439 , 1667 , 2328 , 3304 , 4237 , 1685 , 4259 , 2615 , 1800 , 1631 , 3063 , 4745 , 5440 , 2043 , 1644 , 2708 , 4930 , 2949 , 1968 , 2201 , 1893 , 4729 , 2975 , 4683 , 4000 , 2314 , 1925 , 2435 , 7272 , 4120 , 6121 , 5159 , 1397 , 3049 , 3268 , 5442 , 3187 , 2442 , 2783 , 5272 , 4980 , 2035 , 2739 , 5759 , 1799 , 3622 , 3326 , 2607 , 3959 , 1729 , 2662 , 4647 , 3181 , 5939 , 2075 , 3280 , 3895 , 2974 , 2494 , 2311 , 1188 , 3855 , 5359 , 4776 , 5037 , 2403 , 3519 , 5673 , 4901 , 2318 , 7977 , 2929 , 2262 , 2860 , 2975 , 1603 , 2846 , 1351 , 1634 , 4449 , 4087 , 1917 , 5756 , 1613 , 1617 , 3052 , 4640 , 1701 , 3969 , 5655 , 3140 , 3154 , 3044 , 4274 , 3610 , 4098 , 3201 , 4029 , 3197 , 3721 , 4599 , 4448 , 2682 , 3651 , 3413 , 3265 , 4018 , 3441 , 4195 , 3107 , 3711 , 8165 , 3478 , 5179 , 5133 , 5200 , 5159 , 5074 , 5244 , 5160 , 5177 , 5161 , 5160 , 5016 , 5015 , 
RegressionTest0::test027 , 5215 , 5173 , 3466 , 5590 , 3459 , 1630 , 2519 , 2370 , 3791 , 1183 , 5112 , 2519 , 2621 , 2006 , 5861 , 2906 , 2001 , 1578 , 4336 , 2332 , 2370 , 4332 , 4331 , 1513 , 2356 , 1905 , 0 , 5077 , 3344 , 5482 , 1921 , 7908 , 5203 , 3736 , 5822 , 5813 , 3450 , 3011 , 4530 , 1692 , 2353 , 3959 , 3728 , 2496 , 3880 , 3434 , 1909 , 1713 , 2495 , 5518 , 4532 , 2830 , 2051 , 2554 , 4200 , 2355 , 2448 , 2800 , 1750 , 5498 , 2443 , 5452 , 4753 , 2332 , 1641 , 3240 , 6678 , 3421 , 5563 , 4356 , 1812 , 3776 , 2703 , 4606 , 3948 , 3303 , 2381 , 4406 , 4340 , 1158 , 3525 , 5189 , 2030 , 4344 , 3200 , 3529 , 3557 , 2058 , 2046 , 5419 , 2790 , 5352 , 2885 , 2871 , 4646 , 2521 , 3217 , 3270 , 2116 , 3596 , 4800 , 5547 , 4337 , 3170 , 2983 , 5041 , 5677 , 2335 , 7318 , 2536 , 2234 , 2718 , 2523 , 1797 , 2460 , 2010 , 1795 , 3618 , 3573 , 1889 , 5350 , 1799 , 2343 , 2793 , 4328 , 1976 , 3254 , 4768 , 3762 , 3829 , 3720 , 5026 , 4338 , 3960 , 3861 , 4785 , 3904 , 4441 , 5375 , 5219 , 3378 , 4378 , 3475 , 3936 , 3995 , 3489 , 4961 , 3592 , 4418 , 7858 , 4175 , 5960 , 5911 , 5978 , 5938 , 5854 , 6022 , 5938 , 5954 , 5939 , 5938 , 5794 , 5787 , 
RegressionTest0::test028 , 9646 , 9602 , 4330 , 10037 , 7856 , 5678 , 4874 , 4896 , 8116 , 5551 , 9526 , 4874 , 4783 , 5252 , 10318 , 4337 , 3838 , 5451 , 8771 , 6833 , 4893 , 2738 , 8769 , 5593 , 4506 , 5940 , 5077 , 0 , 7732 , 9928 , 6164 , 5508 , 9615 , 8051 , 10278 , 10268 , 7763 , 7265 , 2332 , 5991 , 5823 , 8372 , 4314 , 6685 , 4405 , 7605 , 6180 , 5434 , 4747 , 9958 , 2333 , 7012 , 6041 , 5406 , 3659 , 4508 , 6944 , 7151 , 5744 , 9947 , 4812 , 9893 , 9110 , 5754 , 5358 , 7343 , 4279 , 3968 , 4211 , 2841 , 5935 , 8019 , 4767 , 2200 , 8301 , 7602 , 4894 , 2344 , 3236 , 5118 , 7864 , 3595 , 6248 , 8620 , 5127 , 7880 , 4398 , 6056 , 4102 , 9853 , 4712 , 3686 , 7120 , 4633 , 8980 , 4884 , 7502 , 7588 , 6492 , 5094 , 4011 , 9989 , 3309 , 7146 , 4475 , 3950 , 10124 , 5756 , 4534 , 4808 , 5026 , 5500 , 4882 , 5442 , 4899 , 6175 , 5983 , 3261 , 4314 , 5801 , 4183 , 6077 , 6598 , 4767 , 4088 , 6233 , 3976 , 2120 , 7673 , 7832 , 7806 , 9393 , 8624 , 6694 , 7882 , 9070 , 7857 , 8639 , 9744 , 9560 , 7215 , 8584 , 7112 , 7927 , 6853 , 7128 , 9274 , 7177 , 8622 , 6979 , 8283 , 10416 , 10368 , 10435 , 10394 , 10307 , 10479 , 10394 , 10411 , 10394 , 10394 , 10243 , 10242 , 
RegressionTest0::test029 , 2234 , 2188 , 5859 , 2601 , 327 , 3045 , 4534 , 4438 , 1058 , 2847 , 2169 , 4535 , 4786 , 3921 , 2880 , 5302 , 4400 , 3586 , 1486 , 1277 , 4438 , 6933 , 1486 , 3035 , 4596 , 2356 , 3344 , 7732 , 0 , 2501 , 2008 , 10317 , 2246 , 1096 , 2840 , 2834 , 1007 , 1278 , 7201 , 2445 , 3632 , 1113 , 5879 , 1931 , 6046 , 1586 , 2346 , 3450 , 4632 , 2560 , 7201 , 1770 , 2784 , 4129 , 6751 , 4596 , 1219 , 1147 , 2888 , 2519 , 4540 , 2469 , 1935 , 3615 , 3538 , 1893 , 9037 , 5879 , 7832 , 6953 , 2716 , 1245 , 4774 , 7225 , 1242 , 1278 , 4594 , 6980 , 6757 , 3613 , 1043 , 7544 , 2424 , 1728 , 4941 , 430 , 5745 , 2862 , 4373 , 2483 , 5000 , 7739 , 1661 , 5064 , 1788 , 4562 , 1359 , 674 , 1782 , 5392 , 7162 , 2599 , 6840 , 2310 , 5293 , 7403 , 2683 , 3622 , 9816 , 4706 , 4154 , 4133 , 4563 , 3428 , 4578 , 2649 , 2680 , 6205 , 5861 , 2980 , 7494 , 2537 , 1949 , 4829 , 6493 , 2358 , 5722 , 7432 , 2637 , 2176 , 2042 , 2177 , 1722 , 4932 , 2356 , 2004 , 2475 , 1893 , 2483 , 2347 , 2790 , 1849 , 3838 , 2354 , 4597 , 3841 , 2146 , 3356 , 1900 , 9324 , 1998 , 2975 , 2928 , 2995 , 2957 , 2876 , 3039 , 2959 , 2974 , 2959 , 2959 , 2799 , 2810 , 
RegressionTest0::test030 , 379 , 420 , 7941 , 208 , 2344 , 5162 , 6608 , 6448 , 2090 , 4926 , 529 , 6607 , 6815 , 5982 , 451 , 7381 , 6500 , 5648 , 1256 , 3413 , 6449 , 9113 , 1258 , 5096 , 6646 , 4710 , 5482 , 9928 , 2501 , 0 , 4345 , 12482 , 454 , 2157 , 387 , 416 , 2574 , 3205 , 9359 , 4561 , 5595 , 1664 , 7890 , 3832 , 8188 , 3053 , 4468 , 5576 , 6676 , 309 , 9359 , 3574 , 4741 , 6050 , 8866 , 6646 , 3237 , 3022 , 5064 , 37 , 6563 , 212 , 1044 , 5499 , 5652 , 3531 , 11175 , 7993 , 9948 , 9115 , 4692 , 2492 , 6836 , 9369 , 1899 , 2822 , 6694 , 9145 , 8922 , 5693 , 2430 , 9646 , 4474 , 1732 , 6954 , 2348 , 7815 , 4896 , 6462 , 323 , 7106 , 9914 , 3441 , 7110 , 1192 , 6563 , 2934 , 2755 , 4031 , 7395 , 9260 , 312 , 8966 , 3829 , 7384 , 9530 , 247 , 5506 , 11961 , 6806 , 6258 , 6121 , 6563 , 5550 , 6707 , 4562 , 4728 , 8359 , 7963 , 5049 , 9599 , 4591 , 3938 , 6877 , 8617 , 4409 , 7838 , 9597 , 3795 , 3207 , 3128 , 886 , 1882 , 6407 , 3405 , 1405 , 3551 , 2106 , 614 , 786 , 4240 , 2155 , 5190 , 3330 , 6008 , 5189 , 1126 , 4699 , 2193 , 11200 , 2699 , 550 , 526 , 571 , 540 , 502 , 593 , 543 , 554 , 541 , 540 , 401 , 412 , 
