: , RegressionTest0::test01 , RegressionTest0::test02 , RegressionTest0::test03 , RegressionTest0::test04 , RegressionTest0::test05 , RegressionTest0::test06 , RegressionTest0::test07 , RegressionTest0::test08 , RegressionTest0::test09 , RegressionTest0::test10 , RegressionTest0::test11 , RegressionTest0::test12 , RegressionTest0::test13 , RegressionTest0::test14 , RegressionTest0::test15 , RegressionTest0::test16 , RegressionTest0::test17 , RegressionTest0::test18 , RegressionTest0::test19 , RegressionTest0::test20 , RegressionTest0::test21 , RegressionTest0::test22 , RegressionTest0::test23 , RegressionTest0::test24 , RegressionTest0::test25 , RegressionTest0::test26 , RegressionTest0::test27 , RegressionTest0::test28 , RegressionTest0::test29 , RegressionTest0::test30 , RegressionTest0::test31 , RegressionTest0::test32 , RegressionTest0::test33 , RegressionTest0::test34 , RegressionTest0::test35 , RegressionTest0::test36 , RegressionTest0::test37 , RegressionTest0::test38 , RegressionTest0::test39 , RegressionTest0::test40 , RegressionTest0::test41 , RegressionTest0::test42 , RegressionTest0::test43 , RegressionTest0::test44 , RegressionTest0::test45 , RegressionTest0::test46 , RegressionTest0::test47 , RegressionTest0::test48 , RegressionTest0::test49 , RegressionTest0::test50 , RegressionTest0::test51 , RegressionTest0::test52 , RegressionTest0::test53 , RegressionTest0::test54 , RegressionTest0::test55 , RegressionTest0::test56 , RegressionTest0::test57 , RegressionTest0::test58 , RegressionTest0::test59 , RegressionTest0::test60 , RegressionTest0::test61 , RegressionTest0::test62 , RegressionTest0::test63 , RegressionTest0::test64 , RegressionTest0::test65 , RegressionTest0::test66 , RegressionTest0::test67 , RegressionTest0::test68 , RegressionTest0::test69 , RegressionTest0::test70 , SimplexTableauTest::testInitialization , SimplexTableauTest::testDropPhase1Objective , SimplexTableauTest::testTableauWithNoArtificialVars , SimplexTableauTest::testSerial , SimplexSolverTest::testMath713NegativeVariable , SimplexSolverTest::testMath434NegativeVariable , SimplexSolverTest::testMath434UnfeasibleSolution , SimplexSolverTest::testMath434PivotRowSelection , SimplexSolverTest::testMath434PivotRowSelection2 , SimplexSolverTest::testMath272 , SimplexSolverTest::testMath286 , SimplexSolverTest::testDegeneracy , SimplexSolverTest::testMath288 , SimplexSolverTest::testMath290GEQ , SimplexSolverTest::testMath290LEQ , SimplexSolverTest::testMath293 , SimplexSolverTest::testSimplexSolver , SimplexSolverTest::testSingleVariableAndConstraint , SimplexSolverTest::testModelWithNoArtificialVars , SimplexSolverTest::testMinimization , SimplexSolverTest::testSolutionWithNegativeDecisionVariable , SimplexSolverTest::testInfeasibleSolution , SimplexSolverTest::testUnboundedSolution , SimplexSolverTest::testRestrictVariablesToNonNegative , SimplexSolverTest::testEpsilon , SimplexSolverTest::testTrivialModel , SimplexSolverTest::testLargeModel , SimplexTableau_ESTest::test00 , SimplexTableau_ESTest::test01 , SimplexTableau_ESTest::test02 , SimplexTableau_ESTest::test03 , SimplexTableau_ESTest::test04 , SimplexTableau_ESTest::test05 , SimplexTableau_ESTest::test06 , SimplexTableau_ESTest::test07 , SimplexTableau_ESTest::test08 , SimplexTableau_ESTest::test09 , SimplexTableau_ESTest::test10 , SimplexTableau_ESTest::test11 , SimplexTableau_ESTest::test12 , SimplexTableau_ESTest::test13 , SimplexTableau_ESTest::test14 , SimplexTableau_ESTest::test15 , SimplexTableau_ESTest::test16 , SimplexTableau_ESTest::test17 , SimplexTableau_ESTest::test18 , SimplexTableau_ESTest::test19 , SimplexTableau_ESTest::test20 , SimplexTableau_ESTest::test21 , SimplexTableau_ESTest::test22 , SimplexTableau_ESTest::test23 , SimplexTableau_ESTest::test24 , SimplexTableau_ESTest::test25 , 
RegressionTest0::test01 , 0 , 62 , 1459 , 579 , 1863 , 764 , 12321 , 7026 , 5882 , 12943 , 7407 , 3877 , 5152 , 4444 , 5415 , 4262 , 4727 , 2525 , 9571 , 1131 , 4891 , 8437 , 2791 , 4723 , 10486 , 7190 , 8109 , 2989 , 1424 , 9813 , 4715 , 1424 , 6152 , 8135 , 5137 , 5395 , 4337 , 10323 , 1419 , 7331 , 7606 , 9516 , 9960 , 8417 , 2294 , 530 , 6634 , 3723 , 8506 , 6697 , 1880 , 8268 , 9440 , 7270 , 8071 , 5326 , 9491 , 8826 , 5243 , 2028 , 2602 , 4155 , 732 , 592 , 3370 , 6760 , 4725 , 1975 , 6391 , 656 , 2385 , 1500 , 2610 , 1085 , 774 , 965 , 812 , 759 , 5147 , 1234 , 3446 , 868 , 1807 , 776 , 874 , 7033 , 1022 , 825 , 1021 , 1033 , 824 , 865 , 870 , 2842 , 1265 , 858 , 25927 , 905 , 906 , 897 , 887 , 947 , 923 , 787 , 949 , 856 , 883 , 882 , 790 , 859 , 783 , 793 , 836 , 842 , 819 , 777 , 806 , 723 , 712 , 777 , 794 , 779 , 751 , 
RegressionTest0::test02 , 62 , 0 , 1449 , 580 , 1855 , 760 , 12313 , 7014 , 5873 , 12929 , 7396 , 3871 , 5143 , 4430 , 5408 , 4268 , 4711 , 2526 , 9572 , 1127 , 4892 , 8426 , 2783 , 4708 , 10470 , 7175 , 8098 , 3004 , 1421 , 9804 , 4703 , 1421 , 6157 , 8119 , 5131 , 5389 , 4324 , 10311 , 1409 , 7317 , 7601 , 9509 , 9944 , 8406 , 2285 , 540 , 6617 , 3697 , 8490 , 6682 , 1876 , 8252 , 9428 , 7258 , 8052 , 5315 , 9483 , 8808 , 5229 , 2006 , 2595 , 4140 , 748 , 609 , 3343 , 6751 , 4716 , 1965 , 6380 , 660 , 2373 , 1490 , 2607 , 1101 , 776 , 969 , 817 , 769 , 5148 , 1235 , 3435 , 853 , 1803 , 785 , 889 , 7020 , 1021 , 836 , 1011 , 1037 , 820 , 876 , 883 , 2835 , 1262 , 867 , 25916 , 917 , 914 , 911 , 902 , 961 , 932 , 800 , 959 , 872 , 891 , 893 , 803 , 871 , 798 , 809 , 843 , 857 , 814 , 789 , 799 , 735 , 725 , 789 , 789 , 776 , 766 , 
RegressionTest0::test03 , 1459 , 1449 , 0 , 1290 , 514 , 1134 , 11140 , 5924 , 4815 , 11728 , 6315 , 2969 , 4107 , 3502 , 4460 , 3388 , 3815 , 1649 , 8476 , 1222 , 3897 , 7339 , 1973 , 3808 , 9362 , 6017 , 7009 , 2191 , 1157 , 8719 , 3823 , 1157 , 5170 , 7026 , 4115 , 4347 , 3398 , 9214 , 1296 , 6247 , 6546 , 8431 , 8854 , 7340 , 1655 , 1611 , 5612 , 2769 , 7384 , 5665 , 1310 , 7181 , 8351 , 6216 , 6970 , 4295 , 8357 , 7744 , 4176 , 1360 , 1933 , 3182 , 1951 , 1647 , 2487 , 5632 , 3812 , 1526 , 5353 , 1554 , 2012 , 1803 , 2270 , 2406 , 1853 , 1721 , 1907 , 1784 , 4521 , 1669 , 2904 , 1792 , 1741 , 1889 , 2123 , 6212 , 1699 , 2020 , 1704 , 1708 , 1780 , 2060 , 2126 , 2357 , 1617 , 2064 , 24745 , 2203 , 2210 , 2170 , 2204 , 2268 , 2231 , 1994 , 2252 , 2088 , 2194 , 2163 , 1930 , 2148 , 1983 , 2039 , 2136 , 2140 , 2067 , 2030 , 1980 , 1717 , 1851 , 2030 , 2064 , 1992 , 1908 , 
RegressionTest0::test04 , 579 , 580 , 1290 , 0 , 1640 , 465 , 12051 , 6791 , 5647 , 12680 , 7168 , 3699 , 4945 , 4268 , 5226 , 4103 , 4545 , 2326 , 9359 , 1042 , 4684 , 8210 , 2616 , 4541 , 10246 , 6944 , 7876 , 2847 , 1208 , 9591 , 4534 , 1207 , 5969 , 7904 , 4916 , 5163 , 4160 , 10094 , 1322 , 7097 , 7372 , 9291 , 9735 , 8187 , 2158 , 638 , 6444 , 3515 , 8281 , 6492 , 1679 , 8034 , 9219 , 7049 , 7841 , 5130 , 9261 , 8591 , 5039 , 1853 , 2476 , 3942 , 971 , 778 , 3187 , 6540 , 4548 , 1877 , 6155 , 792 , 2312 , 1479 , 2543 , 1354 , 969 , 1030 , 972 , 938 , 5001 , 1217 , 3329 , 1014 , 1725 , 968 , 1124 , 6846 , 1018 , 1052 , 1038 , 1037 , 995 , 1085 , 1121 , 2713 , 1249 , 1108 , 25689 , 1171 , 1177 , 1155 , 1163 , 1218 , 1192 , 1006 , 1213 , 1102 , 1155 , 1151 , 996 , 1133 , 1004 , 1036 , 1110 , 1119 , 1048 , 1021 , 1001 , 848 , 925 , 1021 , 1052 , 989 , 937 , 
RegressionTest0::test05 , 1863 , 1855 , 514 , 1640 , 0 , 1463 , 10798 , 5621 , 4539 , 11377 , 5977 , 2784 , 3894 , 3293 , 4212 , 3159 , 3629 , 1683 , 8113 , 1561 , 3590 , 7018 , 1973 , 3623 , 9039 , 5708 , 6685 , 2032 , 1321 , 8395 , 3644 , 1320 , 4923 , 6713 , 3886 , 4075 , 3150 , 8888 , 1553 , 5926 , 6222 , 8118 , 8520 , 7015 , 1617 , 1980 , 5365 , 2537 , 7094 , 5407 , 1223 , 6862 , 8034 , 5916 , 6653 , 4125 , 8066 , 7414 , 3955 , 1425 , 1766 , 2996 , 2339 , 2043 , 2308 , 5323 , 3619 , 1553 , 5053 , 1950 , 2142 , 2048 , 2210 , 2799 , 2239 , 2057 , 2268 , 2145 , 4396 , 1983 , 2868 , 2153 , 1963 , 2274 , 2500 , 6031 , 2026 , 2397 , 2042 , 2016 , 2155 , 2424 , 2509 , 2308 , 1944 , 2454 , 24437 , 2590 , 2602 , 2566 , 2597 , 2662 , 2626 , 2372 , 2647 , 2476 , 2588 , 2562 , 2308 , 2537 , 2370 , 2436 , 2525 , 2539 , 2463 , 2417 , 2368 , 2109 , 2247 , 2417 , 2449 , 2379 , 2295 , 
RegressionTest0::test06 , 764 , 760 , 1134 , 465 , 1463 , 0 , 11828 , 6592 , 5463 , 12442 , 6969 , 3518 , 4756 , 4078 , 5025 , 3926 , 4356 , 2175 , 9131 , 1005 , 4492 , 7981 , 2466 , 4350 , 10013 , 6727 , 7664 , 2679 , 1144 , 9358 , 4339 , 1144 , 5768 , 7682 , 4726 , 4966 , 3973 , 9863 , 1265 , 6879 , 7162 , 9064 , 9498 , 7973 , 1990 , 811 , 6223 , 3341 , 8042 , 6296 , 1569 , 7809 , 8995 , 6832 , 7627 , 4920 , 9037 , 8348 , 4820 , 1706 , 2289 , 3718 , 1218 , 1007 , 3010 , 6333 , 4354 , 1736 , 5956 , 1001 , 2247 , 1452 , 2455 , 1617 , 1166 , 1164 , 1200 , 1135 , 4865 , 1222 , 3197 , 1173 , 1669 , 1198 , 1365 , 6654 , 1137 , 1292 , 1145 , 1159 , 1154 , 1324 , 1367 , 2569 , 1202 , 1339 , 25439 , 1426 , 1426 , 1421 , 1421 , 1487 , 1447 , 1239 , 1476 , 1357 , 1417 , 1405 , 1223 , 1388 , 1247 , 1276 , 1358 , 1368 , 1292 , 1261 , 1218 , 1031 , 1169 , 1261 , 1288 , 1228 , 1174 , 
RegressionTest0::test07 , 12321 , 12313 , 11140 , 12051 , 10798 , 11828 , 0 , 7562 , 8119 , 5413 , 7251 , 9383 , 8391 , 8944 , 8301 , 9093 , 8940 , 10332 , 6323 , 11639 , 8566 , 6447 , 10202 , 8947 , 5580 , 6809 , 6556 , 9918 , 11226 , 6256 , 8974 , 11226 , 7844 , 6584 , 8391 , 8367 , 9025 , 5661 , 11364 , 7005 , 6923 , 5639 , 5712 , 6426 , 10631 , 12373 , 7500 , 9383 , 6621 , 7612 , 10851 , 6528 , 6384 , 6953 , 6654 , 8277 , 6249 , 6188 , 8294 , 10742 , 10305 , 9172 , 12775 , 12382 , 9627 , 7569 , 8912 , 10906 , 7588 , 12228 , 11183 , 11822 , 11030 , 13343 , 12504 , 12122 , 12575 , 12399 , 9741 , 11885 , 10326 , 12309 , 11461 , 12584 , 12931 , 8891 , 12098 , 12804 , 12105 , 12102 , 12320 , 12824 , 12930 , 10631 , 11833 , 12852 , 18775 , 13105 , 13099 , 13051 , 13104 , 13178 , 13135 , 12811 , 13155 , 12963 , 13086 , 13061 , 12732 , 13035 , 12796 , 12899 , 13018 , 13027 , 12930 , 12883 , 12800 , 12417 , 12645 , 12883 , 12917 , 12819 , 12721 , 
RegressionTest0::test08 , 7026 , 7014 , 5924 , 6791 , 5621 , 6592 , 7562 , 0 , 2500 , 7798 , 2618 , 4431 , 3701 , 3789 , 3261 , 3875 , 3736 , 5146 , 4507 , 6383 , 3651 , 4181 , 4883 , 3738 , 5619 , 3556 , 3514 , 4910 , 6136 , 4707 , 3788 , 6136 , 3098 , 3697 , 3647 , 3301 , 3770 , 5470 , 6125 , 3520 , 3678 , 4898 , 5093 , 4377 , 5424 , 7095 , 3216 , 4470 , 3590 , 3439 , 5796 , 3593 , 4369 , 3950 , 3823 , 3735 , 4057 , 4416 , 4012 , 5594 , 5164 , 4338 , 7427 , 7077 , 4665 , 2352 , 3742 , 5657 , 3609 , 6942 , 6128 , 6647 , 5984 , 7991 , 7215 , 6889 , 7287 , 7132 , 5220 , 6696 , 5473 , 7086 , 6382 , 7288 , 7598 , 5297 , 6876 , 7478 , 6898 , 6882 , 7072 , 7508 , 7600 , 5692 , 6639 , 7524 , 21052 , 7760 , 7751 , 7713 , 7758 , 7833 , 7788 , 7482 , 7807 , 7626 , 7737 , 7716 , 7416 , 7691 , 7466 , 7561 , 7674 , 7683 , 7588 , 7549 , 7468 , 7151 , 7341 , 7549 , 7573 , 7486 , 7405 , 
RegressionTest0::test09 , 5882 , 5873 , 4815 , 5647 , 4539 , 5463 , 8119 , 2500 , 0 , 8535 , 2161 , 3361 , 2949 , 2727 , 2692 , 2816 , 3004 , 4052 , 5235 , 5278 , 2153 , 4617 , 3729 , 3004 , 6170 , 3762 , 3715 , 3760 , 4989 , 5462 , 3038 , 4989 , 2904 , 4289 , 2769 , 2049 , 2670 , 5998 , 5003 , 3576 , 3957 , 5484 , 5772 , 4426 , 4267 , 5957 , 3044 , 3476 , 4256 , 3224 , 4683 , 3992 , 5174 , 3636 , 4092 , 2931 , 4634 , 4872 , 3054 , 4513 , 4030 , 3319 , 6297 , 5950 , 3631 , 2831 , 3000 , 4521 , 3126 , 5817 , 5065 , 5556 , 4960 , 6838 , 6087 , 5765 , 6150 , 6003 , 4492 , 5572 , 4471 , 5966 , 5291 , 6161 , 6460 , 5011 , 5761 , 6347 , 5764 , 5757 , 5950 , 6380 , 6466 , 4617 , 5527 , 6388 , 21709 , 6609 , 6604 , 6559 , 6605 , 6680 , 6640 , 6350 , 6657 , 6481 , 6588 , 6563 , 6280 , 6542 , 6339 , 6420 , 6526 , 6528 , 6448 , 6404 , 6329 , 6015 , 6208 , 6404 , 6434 , 6353 , 6273 , 
RegressionTest0::test10 , 12943 , 12929 , 11728 , 12680 , 11377 , 12442 , 5413 , 7798 , 8535 , 0 , 7540 , 10038 , 9095 , 9569 , 8968 , 9728 , 9555 , 10914 , 6743 , 12256 , 9215 , 7205 , 10821 , 9563 , 6238 , 7282 , 7253 , 10528 , 11912 , 6498 , 9602 , 11913 , 8494 , 7189 , 9045 , 8861 , 9650 , 6380 , 11971 , 7659 , 7536 , 6622 , 6338 , 7008 , 11257 , 13008 , 8239 , 10018 , 6801 , 8208 , 11525 , 7141 , 6706 , 7470 , 7033 , 8971 , 6453 , 6845 , 8932 , 11379 , 10949 , 9837 , 13395 , 13008 , 10224 , 7788 , 9569 , 11538 , 8153 , 12854 , 11767 , 12410 , 11644 , 13968 , 13116 , 12743 , 13194 , 13017 , 10287 , 12491 , 10937 , 12925 , 12105 , 13203 , 13554 , 9542 , 12708 , 13423 , 12716 , 12710 , 12937 , 13449 , 13554 , 11265 , 12445 , 13474 , 18663 , 13731 , 13721 , 13676 , 13728 , 13803 , 13760 , 13438 , 13778 , 13587 , 13708 , 13686 , 13355 , 13658 , 13423 , 13523 , 13643 , 13648 , 13554 , 13506 , 13427 , 13039 , 13273 , 13506 , 13541 , 13445 , 13351 , 
RegressionTest0::test11 , 7407 , 7396 , 6315 , 7168 , 5977 , 6969 , 7251 , 2618 , 2161 , 7540 , 0 , 4713 , 4010 , 4088 , 3533 , 4242 , 4182 , 5474 , 4628 , 6773 , 3588 , 4111 , 5263 , 4189 , 5411 , 3164 , 2934 , 5195 , 6473 , 4842 , 4219 , 6474 , 3594 , 3934 , 3872 , 2946 , 4092 , 5331 , 6483 , 3526 , 3733 , 4857 , 5015 , 4236 , 5792 , 7475 , 3563 , 4743 , 3822 , 3662 , 6073 , 3442 , 4606 , 3719 , 3574 , 4023 , 3970 , 4457 , 4015 , 5980 , 5499 , 4639 , 7818 , 7472 , 5012 , 3039 , 4183 , 6027 , 3635 , 7337 , 6505 , 7023 , 6400 , 8379 , 7603 , 7261 , 7673 , 7510 , 5447 , 7070 , 5837 , 7439 , 6754 , 7674 , 7989 , 5425 , 7258 , 7862 , 7262 , 7254 , 7448 , 7888 , 7992 , 6040 , 7017 , 7905 , 20850 , 8146 , 8141 , 8095 , 8147 , 8221 , 8176 , 7867 , 8194 , 8011 , 8125 , 8105 , 7798 , 8081 , 7855 , 7948 , 8061 , 8066 , 7976 , 7929 , 7849 , 7535 , 7727 , 7930 , 7966 , 7871 , 7788 , 
RegressionTest0::test12 , 3877 , 3871 , 2969 , 3699 , 2784 , 3518 , 9383 , 4431 , 3361 , 10038 , 4713 , 0 , 2358 , 1767 , 2686 , 1863 , 1796 , 2386 , 6508 , 3162 , 2711 , 5195 , 1984 , 1792 , 7337 , 4659 , 5181 , 1952 , 3176 , 6742 , 1805 , 3175 , 3408 , 5207 , 2368 , 3033 , 1823 , 7266 , 2940 , 4583 , 4632 , 6439 , 6813 , 5387 , 2009 , 3967 , 3847 , 1761 , 5752 , 3787 , 2978 , 5394 , 6366 , 4520 , 4966 , 2686 , 6580 , 5808 , 2827 , 2596 , 1828 , 1874 , 4243 , 3898 , 1850 , 4368 , 1930 , 2287 , 3823 , 3767 , 3257 , 3632 , 3240 , 4790 , 4072 , 3761 , 4126 , 3988 , 3854 , 3567 , 2860 , 3926 , 3373 , 4126 , 4422 , 5232 , 3753 , 4312 , 3754 , 3749 , 3932 , 4336 , 4426 , 2855 , 3530 , 4350 , 22963 , 4575 , 4566 , 4524 , 4571 , 4634 , 4597 , 4326 , 4613 , 4455 , 4554 , 4529 , 4269 , 4509 , 4320 , 4399 , 4500 , 4510 , 4426 , 4383 , 4313 , 4021 , 4201 , 4383 , 4415 , 4333 , 4258 , 
RegressionTest0::test13 , 5152 , 5143 , 4107 , 4945 , 3894 , 4756 , 8391 , 3701 , 2949 , 9095 , 4010 , 2358 , 0 , 2035 , 2016 , 2027 , 1955 , 3330 , 5280 , 4404 , 2446 , 4085 , 3119 , 1952 , 6345 , 4061 , 4016 , 2772 , 4274 , 5502 , 1884 , 4274 , 2713 , 4111 , 2346 , 2623 , 2123 , 6211 , 4122 , 3532 , 3399 , 5353 , 5751 , 4491 , 3408 , 5214 , 3153 , 2622 , 4782 , 2943 , 4020 , 4263 , 5239 , 3385 , 3877 , 1604 , 5471 , 4610 , 2450 , 3671 , 3126 , 2600 , 5515 , 5151 , 2634 , 3696 , 2084 , 3684 , 2491 , 5004 , 4362 , 4832 , 4241 , 6063 , 5309 , 4980 , 5384 , 5221 , 3944 , 4794 , 3660 , 5165 , 4505 , 5376 , 5687 , 4747 , 4977 , 5564 , 4978 , 4970 , 5162 , 5596 , 5689 , 3822 , 4749 , 5607 , 22085 , 5837 , 5829 , 5783 , 5826 , 5901 , 5862 , 5577 , 5880 , 5709 , 5814 , 5792 , 5511 , 5762 , 5565 , 5652 , 5751 , 5763 , 5679 , 5640 , 5565 , 5267 , 5443 , 5641 , 5666 , 5586 , 5500 , 
RegressionTest0::test14 , 4444 , 4430 , 3502 , 4268 , 3293 , 4078 , 8944 , 3789 , 2727 , 9569 , 4088 , 1767 , 2035 , 0 , 1953 , 433 , 1689 , 2721 , 5910 , 3736 , 2025 , 4820 , 2377 , 1689 , 6741 , 4349 , 4478 , 2178 , 3716 , 6098 , 1699 , 3716 , 2582 , 4751 , 2639 , 2405 , 1080 , 6732 , 3482 , 4102 , 4232 , 5931 , 6305 , 4898 , 2818 , 4508 , 3024 , 1932 , 5217 , 2776 , 3411 , 4968 , 5824 , 3958 , 4557 , 2516 , 5850 , 5401 , 2555 , 3049 , 2589 , 2144 , 4837 , 4483 , 2199 , 4062 , 1850 , 3013 , 3165 , 4333 , 3733 , 4171 , 3584 , 5379 , 4645 , 4327 , 4715 , 4567 , 3597 , 4134 , 3180 , 4503 , 3857 , 4712 , 5015 , 4993 , 4317 , 4897 , 4317 , 4321 , 4515 , 4930 , 5012 , 3232 , 4099 , 4934 , 22568 , 5153 , 5155 , 5109 , 5155 , 5223 , 5186 , 4908 , 5200 , 5039 , 5139 , 5116 , 4845 , 5094 , 4895 , 4984 , 5081 , 5090 , 5007 , 4968 , 4892 , 4605 , 4771 , 4968 , 4994 , 4915 , 4836 , 
RegressionTest0::test15 , 5415 , 5408 , 4460 , 5226 , 4212 , 5025 , 8301 , 3261 , 2692 , 8968 , 3533 , 2686 , 2016 , 1953 , 0 , 1996 , 1914 , 3592 , 5072 , 4658 , 2536 , 4367 , 3406 , 1922 , 6251 , 4070 , 3599 , 3074 , 4610 , 5317 , 1893 , 4610 , 1665 , 4202 , 2619 , 2623 , 2060 , 6077 , 4411 , 3687 , 3602 , 5265 , 5797 , 4344 , 3697 , 5494 , 2132 , 2851 , 4771 , 3069 , 4335 , 4377 , 4973 , 3425 , 3971 , 2033 , 5183 , 4619 , 2443 , 3890 , 3455 , 2692 , 5781 , 5423 , 3153 , 3801 , 1924 , 3973 , 2670 , 5283 , 4545 , 5033 , 4433 , 6335 , 5575 , 5236 , 5645 , 5488 , 4017 , 5038 , 3832 , 5415 , 4727 , 5638 , 5951 , 4787 , 5218 , 5832 , 5228 , 5214 , 5420 , 5858 , 5952 , 4021 , 4995 , 5876 , 21899 , 6104 , 6103 , 6054 , 6099 , 6173 , 6135 , 5849 , 6154 , 5978 , 6084 , 6060 , 5778 , 6036 , 5834 , 5919 , 6020 , 6031 , 5944 , 5909 , 5827 , 5525 , 5713 , 5908 , 5934 , 5851 , 5772 , 
RegressionTest0::test16 , 4262 , 4268 , 3388 , 4103 , 3159 , 3926 , 9093 , 3875 , 2816 , 9728 , 4242 , 1863 , 2027 , 433 , 1996 , 0 , 1787 , 2585 , 5990 , 3541 , 2155 , 4974 , 2249 , 1784 , 6924 , 4477 , 4531 , 1935 , 3540 , 6242 , 1736 , 3540 , 2578 , 4899 , 2721 , 2597 , 1183 , 6796 , 3277 , 4233 , 4260 , 6028 , 6456 , 5033 , 2612 , 4361 , 3066 , 1800 , 5372 , 2918 , 3305 , 5110 , 5909 , 4083 , 4639 , 2484 , 5946 , 5491 , 2549 , 2853 , 2382 , 2096 , 4632 , 4274 , 2014 , 4162 , 1862 , 2812 , 3247 , 4130 , 3549 , 3979 , 3405 , 5178 , 4451 , 4125 , 4511 , 4358 , 3554 , 3935 , 3051 , 4302 , 3657 , 4514 , 4811 , 5008 , 4107 , 4692 , 4118 , 4113 , 4309 , 4725 , 4807 , 3058 , 3895 , 4732 , 22659 , 4952 , 4953 , 4906 , 4954 , 5022 , 4983 , 4707 , 4999 , 4838 , 4935 , 4914 , 4641 , 4891 , 4694 , 4780 , 4882 , 4889 , 4805 , 4766 , 4693 , 4405 , 4579 , 4766 , 4792 , 4713 , 4636 , 
RegressionTest0::test17 , 4727 , 4711 , 3815 , 4545 , 3629 , 4356 , 8940 , 3736 , 3004 , 9555 , 4182 , 1796 , 1955 , 1689 , 1914 , 1787 , 0 , 3041 , 5678 , 4039 , 2534 , 4668 , 2721 , 73 , 6824 , 4480 , 4481 , 2716 , 4021 , 5878 , 245 , 4021 , 2681 , 4686 , 2468 , 2741 , 1888 , 6794 , 3736 , 4245 , 4091 , 5791 , 6183 , 5100 , 2925 , 4797 , 3086 , 2483 , 5223 , 3155 , 3802 , 4833 , 5647 , 4172 , 4428 , 2389 , 5901 , 5274 , 2659 , 3434 , 2799 , 2244 , 5092 , 4740 , 2585 , 4176 , 435 , 3126 , 3359 , 4606 , 3907 , 4390 , 3776 , 5643 , 4903 , 4572 , 4962 , 4816 , 3689 , 4363 , 3246 , 4736 , 4044 , 4960 , 5269 , 4954 , 4557 , 5153 , 4565 , 4543 , 4750 , 5180 , 5272 , 3352 , 4327 , 5195 , 22404 , 5415 , 5412 , 5369 , 5411 , 5485 , 5447 , 5166 , 5464 , 5298 , 5397 , 5373 , 5091 , 5349 , 5147 , 5237 , 5337 , 5350 , 5261 , 5228 , 5145 , 4851 , 5032 , 5229 , 5250 , 5164 , 5094 , 
RegressionTest0::test18 , 2525 , 2526 , 1649 , 2326 , 1683 , 2175 , 10332 , 5146 , 4052 , 10914 , 5474 , 2386 , 3330 , 2721 , 3592 , 2585 , 3041 , 0 , 7566 , 1972 , 3106 , 6452 , 1538 , 3041 , 8456 , 5409 , 6178 , 1602 , 1898 , 7802 , 3047 , 1898 , 4333 , 6152 , 3409 , 3531 , 2643 , 8328 , 1797 , 5422 , 5700 , 7535 , 7933 , 6480 , 1512 , 2598 , 4769 , 2013 , 6532 , 4845 , 1747 , 6291 , 7457 , 5375 , 6077 , 3527 , 7483 , 6876 , 3443 , 1604 , 1478 , 2481 , 2905 , 2559 , 1890 , 4974 , 3060 , 1657 , 4495 , 2457 , 2411 , 2493 , 2361 , 3432 , 2788 , 2557 , 2825 , 2729 , 4124 , 2437 , 2679 , 2691 , 2315 , 2832 , 3096 , 5700 , 2534 , 2997 , 2535 , 2534 , 2680 , 3032 , 3104 , 2193 , 2372 , 3036 , 23926 , 3236 , 3240 , 3187 , 3229 , 3290 , 3263 , 3007 , 3278 , 3115 , 3220 , 3194 , 2937 , 3174 , 3001 , 3055 , 3159 , 3172 , 3089 , 3057 , 2984 , 2724 , 2877 , 3056 , 3082 , 3001 , 2921 , 
RegressionTest0::test19 , 9571 , 9572 , 8476 , 9359 , 8113 , 9131 , 6323 , 4507 , 5235 , 6743 , 4628 , 6508 , 5280 , 5910 , 5072 , 5990 , 5678 , 7566 , 0 , 8797 , 5860 , 3913 , 7378 , 5684 , 4435 , 5249 , 3982 , 7044 , 8629 , 1026 , 5676 , 8629 , 4602 , 4430 , 5625 , 5565 , 6012 , 4365 , 8545 , 4596 , 4390 , 3742 , 3615 , 4108 , 7736 , 9646 , 4499 , 6664 , 4342 , 4325 , 8265 , 4523 , 1002 , 4605 , 4050 , 5264 , 3480 , 3852 , 5536 , 8001 , 7441 , 6376 , 9978 , 9599 , 6850 , 5118 , 5832 , 7993 , 4794 , 9454 , 8424 , 9056 , 8236 , 10550 , 9720 , 9360 , 9795 , 9638 , 6985 , 9111 , 7581 , 9559 , 8729 , 9801 , 10142 , 6503 , 9337 , 10014 , 9342 , 9333 , 9558 , 10038 , 10141 , 7881 , 9049 , 10062 , 19597 , 10314 , 10306 , 10260 , 10310 , 10385 , 10343 , 10021 , 10361 , 10171 , 10291 , 10267 , 9942 , 10241 , 10004 , 10107 , 10225 , 10233 , 10135 , 10092 , 10006 , 9660 , 9861 , 10092 , 10126 , 10025 , 9940 , 
RegressionTest0::test20 , 1131 , 1127 , 1222 , 1042 , 1561 , 1005 , 11639 , 6383 , 5278 , 12256 , 6773 , 3162 , 4404 , 3736 , 4658 , 3541 , 4039 , 1972 , 8797 , 0 , 4269 , 7720 , 2189 , 4035 , 9756 , 6577 , 7356 , 2222 , 1222 , 9038 , 3992 , 1222 , 5448 , 7459 , 4491 , 4762 , 3663 , 9582 , 755 , 6644 , 6876 , 8795 , 9253 , 7687 , 1526 , 1233 , 5922 , 2985 , 7845 , 5989 , 1593 , 7554 , 8690 , 6540 , 7374 , 4611 , 8804 , 8102 , 4520 , 1271 , 1872 , 3501 , 1315 , 1028 , 2622 , 6188 , 4068 , 1309 , 5662 , 949 , 2009 , 1314 , 2267 , 1851 , 1262 , 1218 , 1334 , 1289 , 4665 , 1218 , 3000 , 1279 , 1586 , 1303 , 1532 , 6453 , 1207 , 1456 , 1231 , 1229 , 1276 , 1489 , 1540 , 2386 , 1165 , 1472 , 25175 , 1668 , 1670 , 1628 , 1663 , 1724 , 1697 , 1460 , 1710 , 1575 , 1652 , 1629 , 1431 , 1613 , 1454 , 1524 , 1603 , 1612 , 1553 , 1518 , 1473 , 1249 , 1358 , 1518 , 1541 , 1474 , 1418 , 
RegressionTest0::test21 , 4891 , 4892 , 3897 , 4684 , 3590 , 4492 , 8566 , 3651 , 2153 , 9215 , 3588 , 2711 , 2446 , 2025 , 2536 , 2155 , 2534 , 3106 , 5860 , 4269 , 0 , 4983 , 2704 , 2543 , 6722 , 4033 , 4421 , 2754 , 4048 , 6005 , 2587 , 4048 , 2977 , 4730 , 2372 , 1732 , 1939 , 6583 , 3971 , 4011 , 4267 , 5872 , 6228 , 4831 , 3288 , 4956 , 3332 , 2796 , 4868 , 3247 , 3671 , 4749 , 5710 , 4072 , 4594 , 2581 , 5683 , 5346 , 2594 , 3570 , 3051 , 2556 , 5292 , 4933 , 2811 , 3659 , 2513 , 3487 , 3270 , 4798 , 4157 , 4606 , 4058 , 5837 , 5100 , 4797 , 5167 , 5013 , 3980 , 4595 , 3683 , 4970 , 4341 , 5179 , 5471 , 4992 , 4771 , 5355 , 4785 , 4763 , 4963 , 5381 , 5467 , 3757 , 4543 , 5396 , 22313 , 5613 , 5608 , 5557 , 5603 , 5678 , 5639 , 5358 , 5657 , 5491 , 5589 , 5570 , 5296 , 5546 , 5346 , 5429 , 5532 , 5540 , 5459 , 5420 , 5338 , 5040 , 5218 , 5420 , 5449 , 5361 , 5278 , 
RegressionTest0::test22 , 8437 , 8426 , 7339 , 8210 , 7018 , 7981 , 6447 , 4181 , 4617 , 7205 , 4111 , 5195 , 4085 , 4820 , 4367 , 4974 , 4668 , 6452 , 3913 , 7720 , 4983 , 0 , 6342 , 4682 , 4479 , 4271 , 3549 , 6033 , 7466 , 4064 , 4677 , 7466 , 3901 , 1972 , 4668 , 4752 , 4965 , 4388 , 7459 , 3397 , 2256 , 2749 , 3000 , 3452 , 6616 , 8501 , 3763 , 5435 , 3630 , 3540 , 7122 , 1988 , 3833 , 3826 , 3335 , 4434 , 4145 , 1716 , 4579 , 6912 , 6313 , 5288 , 8865 , 8494 , 5759 , 4376 , 4763 , 6909 , 3227 , 8346 , 7420 , 8007 , 7265 , 9429 , 8626 , 8270 , 8703 , 8530 , 6161 , 8043 , 6632 , 8461 , 7674 , 8703 , 9026 , 5760 , 8253 , 8900 , 8252 , 8254 , 8468 , 8927 , 9025 , 6890 , 7998 , 8948 , 20169 , 9194 , 9185 , 9141 , 9189 , 9263 , 9223 , 8901 , 9240 , 9055 , 9170 , 9148 , 8827 , 9121 , 8890 , 8989 , 9105 , 9119 , 9015 , 8981 , 8892 , 8563 , 8763 , 8980 , 9006 , 8913 , 8819 , 
RegressionTest0::test23 , 2791 , 2783 , 1973 , 2616 , 1973 , 2466 , 10202 , 4883 , 3729 , 10821 , 5263 , 1984 , 3119 , 2377 , 3406 , 2249 , 2721 , 1538 , 7378 , 2189 , 2704 , 6342 , 0 , 2704 , 8337 , 5372 , 5979 , 1668 , 2182 , 7621 , 2678 , 2182 , 4069 , 6044 , 2905 , 3226 , 2233 , 8156 , 1935 , 5291 , 5535 , 7385 , 7764 , 6322 , 1425 , 2856 , 4511 , 2187 , 6332 , 4573 , 2010 , 6087 , 7243 , 5337 , 5950 , 3310 , 7177 , 6702 , 3412 , 1852 , 1567 , 2247 , 3147 , 2814 , 1798 , 4895 , 2712 , 1424 , 4477 , 2696 , 2406 , 2596 , 2487 , 3675 , 3021 , 2711 , 3048 , 2929 , 3994 , 2565 , 2555 , 2875 , 2430 , 3076 , 3334 , 5591 , 2702 , 3234 , 2709 , 2707 , 2869 , 3266 , 3334 , 2141 , 2517 , 3274 , 23765 , 3472 , 3469 , 3429 , 3472 , 3536 , 3501 , 3247 , 3512 , 3359 , 3452 , 3434 , 3175 , 3411 , 3238 , 3306 , 3391 , 3399 , 3322 , 3294 , 3228 , 2957 , 3122 , 3294 , 3314 , 3233 , 3174 , 
RegressionTest0::test24 , 4723 , 4708 , 3808 , 4541 , 3623 , 4350 , 8947 , 3738 , 3004 , 9563 , 4189 , 1792 , 1952 , 1689 , 1922 , 1784 , 73 , 3041 , 5684 , 4035 , 2543 , 4682 , 2704 , 0 , 6844 , 4481 , 4486 , 2711 , 4009 , 5880 , 263 , 4009 , 2686 , 4688 , 2471 , 2741 , 1877 , 6800 , 3725 , 4242 , 4101 , 5799 , 6189 , 5103 , 2918 , 4788 , 3092 , 2482 , 5223 , 3160 , 3795 , 4826 , 5651 , 4170 , 4427 , 2380 , 5905 , 5271 , 2663 , 3426 , 2791 , 2223 , 5085 , 4730 , 2581 , 4176 , 384 , 3120 , 3356 , 4598 , 3900 , 4383 , 3767 , 5635 , 4896 , 4567 , 4950 , 4810 , 3705 , 4362 , 3242 , 4731 , 4038 , 4953 , 5262 , 4955 , 4554 , 5147 , 4561 , 4541 , 4746 , 5174 , 5265 , 3361 , 4326 , 5188 , 22409 , 5407 , 5406 , 5363 , 5404 , 5478 , 5442 , 5160 , 5458 , 5291 , 5391 , 5366 , 5084 , 5343 , 5142 , 5229 , 5330 , 5344 , 5256 , 5221 , 5139 , 4844 , 5025 , 5221 , 5243 , 5158 , 5088 , 
RegressionTest0::test25 , 10486 , 10470 , 9362 , 10246 , 9039 , 10013 , 5580 , 5619 , 6170 , 6238 , 5411 , 7337 , 6345 , 6741 , 6251 , 6924 , 6824 , 8456 , 4435 , 9756 , 6722 , 4479 , 8337 , 6844 , 0 , 5713 , 4785 , 7979 , 9492 , 4184 , 6871 , 9492 , 5712 , 4533 , 6509 , 6537 , 6970 , 1143 , 9505 , 4876 , 4794 , 3870 , 3841 , 3090 , 8723 , 10540 , 5435 , 7535 , 4485 , 5353 , 9131 , 4632 , 4553 , 4049 , 4738 , 6323 , 4384 , 4244 , 6222 , 8904 , 8422 , 7091 , 10914 , 10528 , 7763 , 5827 , 6944 , 9008 , 4858 , 10382 , 9376 , 9983 , 9169 , 11486 , 10646 , 10295 , 10719 , 10561 , 7881 , 10033 , 8498 , 10485 , 9647 , 10726 , 11075 , 7316 , 10268 , 10946 , 10279 , 10266 , 10490 , 10975 , 11075 , 8778 , 9990 , 10999 , 19336 , 11248 , 11240 , 11194 , 11246 , 11321 , 11279 , 10957 , 11297 , 11107 , 11227 , 11204 , 10874 , 11177 , 10941 , 11044 , 11162 , 11168 , 11072 , 11030 , 10939 , 10595 , 10799 , 11030 , 11064 , 10964 , 10874 , 
RegressionTest0::test26 , 7190 , 7175 , 6017 , 6944 , 5708 , 6727 , 6809 , 3556 , 3762 , 7282 , 3164 , 4659 , 4061 , 4349 , 4070 , 4477 , 4480 , 5409 , 5249 , 6577 , 4033 , 4271 , 5372 , 4481 , 5713 , 0 , 4007 , 5026 , 6135 , 5221 , 4508 , 6135 , 3966 , 4004 , 4017 , 3887 , 4443 , 5628 , 6348 , 3422 , 3675 , 4970 , 5353 , 4230 , 5737 , 7238 , 3811 , 4619 , 4233 , 3813 , 5799 , 3912 , 5147 , 3441 , 3779 , 4015 , 4925 , 4459 , 3956 , 5786 , 5417 , 4576 , 7613 , 7257 , 4831 , 3426 , 4535 , 5993 , 3680 , 7116 , 6367 , 6876 , 6267 , 8157 , 7395 , 7082 , 7470 , 7305 , 5544 , 6877 , 5729 , 7246 , 6593 , 7458 , 7773 , 5383 , 7059 , 7642 , 7063 , 7056 , 7251 , 7672 , 7777 , 5930 , 6834 , 7696 , 20963 , 7928 , 7918 , 7874 , 7926 , 7997 , 7953 , 7649 , 7972 , 7793 , 7905 , 7884 , 7584 , 7860 , 7637 , 7732 , 7844 , 7849 , 7761 , 7709 , 7633 , 7321 , 7510 , 7709 , 7748 , 7656 , 7574 , 
RegressionTest0::test27 , 8109 , 8098 , 7009 , 7876 , 6685 , 7664 , 6556 , 3514 , 3715 , 7253 , 2934 , 5181 , 4016 , 4478 , 3599 , 4531 , 4481 , 6178 , 3982 , 7356 , 4421 , 3549 , 5979 , 4486 , 4785 , 4007 , 0 , 5695 , 7190 , 4405 , 4442 , 7190 , 3405 , 3379 , 4543 , 3986 , 4638 , 4577 , 7100 , 3823 , 3157 , 3957 , 4496 , 3502 , 6385 , 8183 , 3278 , 5223 , 3645 , 3656 , 6809 , 3808 , 4062 , 3574 , 3554 , 4031 , 4118 , 3618 , 4439 , 6569 , 6085 , 4964 , 8506 , 8137 , 5476 , 3978 , 4513 , 6657 , 3506 , 7993 , 7052 , 7623 , 6914 , 9073 , 8272 , 7908 , 8342 , 8172 , 5850 , 7667 , 6315 , 8107 , 7315 , 8343 , 8667 , 5659 , 7890 , 8544 , 7906 , 7894 , 8113 , 8571 , 8663 , 6548 , 7622 , 8581 , 20348 , 8838 , 8831 , 8785 , 8833 , 8908 , 8865 , 8548 , 8884 , 8697 , 8816 , 8794 , 8479 , 8763 , 8531 , 8632 , 8748 , 8761 , 8658 , 8623 , 8531 , 8209 , 8411 , 8623 , 8652 , 8555 , 8470 , 
RegressionTest0::test28 , 2989 , 3004 , 2191 , 2847 , 2032 , 2679 , 9918 , 4910 , 3760 , 10528 , 5195 , 1952 , 2772 , 2178 , 3074 , 1935 , 2716 , 1602 , 7044 , 2222 , 2754 , 6033 , 1668 , 2711 , 7979 , 5026 , 5695 , 0 , 2375 , 7271 , 2668 , 2376 , 3810 , 5766 , 3123 , 3303 , 2106 , 7871 , 2039 , 4954 , 5198 , 7048 , 7508 , 5993 , 1442 , 3078 , 4203 , 1366 , 6170 , 4268 , 2138 , 5937 , 6981 , 4866 , 5615 , 3096 , 7123 , 6382 , 3065 , 1544 , 1229 , 2140 , 3341 , 2988 , 956 , 4685 , 2751 , 1639 , 4030 , 2850 , 2641 , 2872 , 2542 , 3885 , 3201 , 2917 , 3270 , 3120 , 4002 , 2793 , 2470 , 3075 , 2647 , 3252 , 3522 , 5471 , 2936 , 3419 , 2935 , 2937 , 3069 , 3453 , 3520 , 2305 , 2735 , 3459 , 23572 , 3676 , 3673 , 3638 , 3676 , 3737 , 3705 , 3451 , 3717 , 3557 , 3661 , 3638 , 3379 , 3617 , 3437 , 3516 , 3604 , 3612 , 3535 , 3500 , 3434 , 3154 , 3316 , 3501 , 3527 , 3446 , 3383 , 
RegressionTest0::test29 , 1424 , 1421 , 1157 , 1208 , 1321 , 1144 , 11226 , 6136 , 4989 , 11912 , 6473 , 3176 , 4274 , 3716 , 4610 , 3540 , 4021 , 1898 , 8629 , 1222 , 4048 , 7466 , 2182 , 4009 , 9492 , 6135 , 7190 , 2375 , 0 , 8862 , 4037 , 1 , 5335 , 7156 , 4247 , 4521 , 3611 , 9344 , 1267 , 6353 , 6669 , 8558 , 8981 , 7482 , 1781 , 1383 , 5751 , 2924 , 7543 , 5866 , 668 , 7309 , 8497 , 6316 , 7094 , 4484 , 8515 , 7848 , 4360 , 1439 , 2046 , 3351 , 1851 , 1574 , 2599 , 5835 , 4020 , 1634 , 5476 , 1483 , 2123 , 1777 , 2346 , 2266 , 1756 , 1623 , 1797 , 1691 , 4629 , 1606 , 2978 , 1700 , 1764 , 1778 , 1988 , 6307 , 1610 , 1891 , 1620 , 1605 , 1691 , 1931 , 1988 , 2424 , 1578 , 1946 , 24917 , 2078 , 2073 , 2036 , 2068 , 2132 , 2097 , 1885 , 2119 , 1987 , 2058 , 2041 , 1829 , 2019 , 1882 , 1933 , 2004 , 2016 , 1957 , 1919 , 1878 , 1668 , 1785 , 1919 , 1945 , 1889 , 1830 , 
RegressionTest0::test30 , 9813 , 9804 , 8719 , 9591 , 8395 , 9358 , 6256 , 4707 , 5462 , 6498 , 4842 , 6742 , 5502 , 6098 , 5317 , 6242 , 5878 , 7802 , 1026 , 9038 , 6005 , 4064 , 7621 , 5880 , 4184 , 5221 , 4405 , 7271 , 8862 , 0 , 5905 , 8863 , 4873 , 4497 , 5923 , 5765 , 6207 , 4122 , 8778 , 4809 , 4598 , 3669 , 3554 , 4022 , 7976 , 9874 , 4545 , 6817 , 4550 , 4606 , 8492 , 4470 , 1254 , 4505 , 4164 , 5501 , 3752 , 3816 , 5753 , 8243 , 7672 , 6605 , 10212 , 9836 , 7082 , 5384 , 6042 , 8223 , 5053 , 9688 , 8659 , 9285 , 8465 , 10784 , 9946 , 9589 , 10025 , 9872 , 7225 , 9344 , 7804 , 9787 , 8961 , 10033 , 10376 , 6690 , 9566 , 10247 , 9574 , 9559 , 9792 , 10267 , 10374 , 8111 , 9286 , 10296 , 19523 , 10548 , 10539 , 10494 , 10544 , 10619 , 10576 , 10255 , 10594 , 10406 , 10526 , 10501 , 10179 , 10476 , 10240 , 10342 , 10459 , 10468 , 10370 , 10328 , 10242 , 9900 , 10094 , 10328 , 10360 , 10261 , 10173 , 
RegressionTest0::test31 , 4715 , 4703 , 3823 , 4534 , 3644 , 4339 , 8974 , 3788 , 3038 , 9602 , 4219 , 1805 , 1884 , 1699 , 1893 , 1736 , 245 , 3047 , 5676 , 3992 , 2587 , 4677 , 2678 , 263 , 6871 , 4508 , 4442 , 2668 , 4037 , 5905 , 0 , 4036 , 2651 , 4725 , 2492 , 2762 , 1876 , 6768 , 3690 , 4281 , 4053 , 5784 , 6198 , 5074 , 2864 , 4783 , 3064 , 2429 , 5253 , 3121 , 3813 , 4869 , 5619 , 4141 , 4465 , 2350 , 5928 , 5242 , 2614 , 3369 , 2737 , 2234 , 5044 , 4690 , 2517 , 4181 , 540 , 3079 , 3313 , 4561 , 3854 , 4339 , 3730 , 5595 , 4856 , 4519 , 4908 , 4766 , 3632 , 4318 , 3167 , 4693 , 3997 , 4909 , 5222 , 4919 , 4508 , 5103 , 4513 , 4490 , 4700 , 5134 , 5224 , 3297 , 4280 , 5145 , 22380 , 5365 , 5364 , 5320 , 5362 , 5437 , 5400 , 5117 , 5414 , 5249 , 5348 , 5325 , 5045 , 5301 , 5096 , 5189 , 5290 , 5302 , 5216 , 5179 , 5094 , 4802 , 4980 , 5179 , 5204 , 5114 , 5049 , 
RegressionTest0::test32 , 1424 , 1421 , 1157 , 1207 , 1320 , 1144 , 11226 , 6136 , 4989 , 11913 , 6474 , 3175 , 4274 , 3716 , 4610 , 3540 , 4021 , 1898 , 8629 , 1222 , 4048 , 7466 , 2182 , 4009 , 9492 , 6135 , 7190 , 2376 , 1 , 8863 , 4036 , 0 , 5334 , 7155 , 4247 , 4521 , 3611 , 9344 , 1267 , 6353 , 6669 , 8558 , 8981 , 7482 , 1781 , 1383 , 5751 , 2924 , 7544 , 5866 , 668 , 7309 , 8498 , 6316 , 7094 , 4484 , 8516 , 7848 , 4360 , 1440 , 2047 , 3352 , 1850 , 1573 , 2598 , 5835 , 4020 , 1634 , 5476 , 1483 , 2123 , 1778 , 2347 , 2266 , 1756 , 1623 , 1797 , 1691 , 4629 , 1606 , 2978 , 1700 , 1764 , 1778 , 1988 , 6307 , 1610 , 1891 , 1620 , 1605 , 1691 , 1931 , 1988 , 2424 , 1579 , 1946 , 24918 , 2078 , 2073 , 2037 , 2069 , 2133 , 2097 , 1885 , 2119 , 1988 , 2058 , 2041 , 1830 , 2019 , 1882 , 1933 , 2004 , 2016 , 1957 , 1919 , 1878 , 1669 , 1785 , 1919 , 1945 , 1889 , 1830 , 
RegressionTest0::test33 , 6152 , 6157 , 5170 , 5969 , 4923 , 5768 , 7844 , 3098 , 2904 , 8494 , 3594 , 3408 , 2713 , 2582 , 1665 , 2578 , 2681 , 4333 , 4602 , 5448 , 2977 , 3901 , 4069 , 2686 , 5712 , 3966 , 3405 , 3810 , 5335 , 4873 , 2651 , 5334 , 0 , 3830 , 3050 , 3009 , 2732 , 5530 , 5126 , 3472 , 3290 , 4782 , 5162 , 3991 , 4427 , 6230 , 728 , 3459 , 4328 , 2733 , 5040 , 4063 , 4537 , 3415 , 3901 , 2432 , 4297 , 4186 , 2588 , 4588 , 4181 , 3379 , 6510 , 6131 , 3690 , 3720 , 2633 , 4680 , 2937 , 5991 , 5215 , 5739 , 5068 , 7086 , 6324 , 5983 , 6379 , 6234 , 4259 , 5757 , 4453 , 6158 , 5427 , 6394 , 6696 , 4732 , 5956 , 6578 , 5962 , 5964 , 6167 , 6610 , 6693 , 4704 , 5716 , 6620 , 21433 , 6853 , 6849 , 6800 , 6851 , 6926 , 6887 , 6588 , 6903 , 6722 , 6835 , 6811 , 6522 , 6784 , 6572 , 6662 , 6771 , 6781 , 6687 , 6647 , 6576 , 6259 , 6452 , 6647 , 6677 , 6593 , 6515 , 
RegressionTest0::test34 , 8135 , 8119 , 7026 , 7904 , 6713 , 7682 , 6584 , 3697 , 4289 , 7189 , 3934 , 5207 , 4111 , 4751 , 4202 , 4899 , 4686 , 6152 , 4430 , 7459 , 4730 , 1972 , 6044 , 4688 , 4533 , 4004 , 3379 , 5766 , 7156 , 4497 , 4725 , 7155 , 3830 , 0 , 4417 , 4403 , 4846 , 4554 , 7153 , 2997 , 1710 , 3033 , 3093 , 3662 , 6413 , 8191 , 3637 , 5203 , 3512 , 3701 , 6757 , 2031 , 4387 , 3496 , 3436 , 4331 , 4209 , 2168 , 4291 , 6593 , 6123 , 4977 , 8549 , 8175 , 5488 , 4008 , 4671 , 6694 , 2973 , 8030 , 7132 , 7692 , 6996 , 9118 , 8325 , 7972 , 8395 , 8238 , 5973 , 7751 , 6376 , 8173 , 7410 , 8401 , 8715 , 5646 , 7965 , 8587 , 7978 , 7962 , 8166 , 8620 , 8718 , 6607 , 7707 , 8638 , 20377 , 8884 , 8876 , 8828 , 8879 , 8953 , 8915 , 8591 , 8930 , 8744 , 8861 , 8840 , 8520 , 8814 , 8578 , 8680 , 8798 , 8804 , 8714 , 8664 , 8581 , 8256 , 8459 , 8664 , 8697 , 8606 , 8515 , 
RegressionTest0::test35 , 5137 , 5131 , 4115 , 4916 , 3886 , 4726 , 8391 , 3647 , 2769 , 9045 , 3872 , 2368 , 2346 , 2639 , 2619 , 2721 , 2468 , 3409 , 5625 , 4491 , 2372 , 4668 , 2905 , 2471 , 6509 , 4017 , 4543 , 3123 , 4247 , 5923 , 2492 , 4247 , 3050 , 4417 , 0 , 2352 , 2473 , 6308 , 4205 , 3860 , 4032 , 5628 , 5951 , 4746 , 3436 , 5180 , 3315 , 2859 , 4631 , 2929 , 3922 , 4401 , 5567 , 3865 , 4185 , 2390 , 5524 , 4961 , 2405 , 3827 , 3187 , 2564 , 5515 , 5162 , 2907 , 3713 , 2436 , 3695 , 3114 , 5030 , 4353 , 4832 , 4281 , 6062 , 5320 , 5007 , 5371 , 5240 , 4086 , 4801 , 3778 , 5182 , 4532 , 5388 , 5685 , 5052 , 4984 , 5572 , 4992 , 4973 , 5184 , 5602 , 5686 , 3905 , 4766 , 5614 , 22161 , 5838 , 5830 , 5779 , 5830 , 5902 , 5863 , 5577 , 5880 , 5709 , 5815 , 5788 , 5517 , 5765 , 5566 , 5654 , 5754 , 5761 , 5678 , 5637 , 5559 , 5248 , 5442 , 5637 , 5669 , 5580 , 5498 , 
RegressionTest0::test36 , 5395 , 5389 , 4347 , 5163 , 4075 , 4966 , 8367 , 3301 , 2049 , 8861 , 2946 , 3033 , 2623 , 2405 , 2623 , 2597 , 2741 , 3531 , 5565 , 4762 , 1732 , 4752 , 3226 , 2741 , 6537 , 3887 , 3986 , 3303 , 4521 , 5765 , 2762 , 4521 , 3009 , 4403 , 2352 , 0 , 2256 , 6403 , 4494 , 3813 , 4023 , 5624 , 5961 , 4671 , 3797 , 5428 , 3415 , 3043 , 4604 , 3228 , 4193 , 4429 , 5398 , 3946 , 4368 , 2578 , 5327 , 5043 , 2712 , 3993 , 3546 , 2909 , 5775 , 5429 , 3182 , 3306 , 2743 , 4009 , 3145 , 5301 , 4623 , 5082 , 4491 , 6330 , 5586 , 5259 , 5648 , 5495 , 4217 , 5062 , 4058 , 5443 , 4795 , 5656 , 5958 , 4985 , 5253 , 5838 , 5259 , 5251 , 5419 , 5871 , 5955 , 4175 , 5022 , 5879 , 22005 , 6101 , 6090 , 6040 , 6095 , 6169 , 6126 , 5843 , 6143 , 5972 , 6072 , 6054 , 5780 , 6031 , 5833 , 5918 , 6018 , 6024 , 5942 , 5898 , 5826 , 5521 , 5702 , 5898 , 5925 , 5841 , 5764 , 
RegressionTest0::test37 , 4337 , 4324 , 3398 , 4160 , 3150 , 3973 , 9025 , 3770 , 2670 , 9650 , 4092 , 1823 , 2123 , 1080 , 2060 , 1183 , 1888 , 2643 , 6012 , 3663 , 1939 , 4965 , 2233 , 1877 , 6970 , 4443 , 4638 , 2106 , 3611 , 6207 , 1876 , 3611 , 2732 , 4846 , 2473 , 2256 , 0 , 6792 , 3286 , 4194 , 4239 , 6015 , 6355 , 4905 , 2697 , 4399 , 3173 , 1878 , 5249 , 3098 , 3295 , 5038 , 5810 , 4018 , 4532 , 2309 , 5914 , 5356 , 2275 , 2820 , 2471 , 1879 , 4685 , 4318 , 1983 , 4107 , 1899 , 2912 , 3291 , 4173 , 3627 , 4065 , 3487 , 5259 , 4532 , 4211 , 4579 , 4452 , 3627 , 4029 , 3081 , 4381 , 3720 , 4600 , 4896 , 5060 , 4206 , 4781 , 4194 , 4206 , 4383 , 4806 , 4895 , 3086 , 3986 , 4822 , 22641 , 5037 , 5034 , 4984 , 5034 , 5102 , 5065 , 4797 , 5080 , 4917 , 5015 , 4996 , 4721 , 4974 , 4780 , 4870 , 4962 , 4969 , 4891 , 4848 , 4777 , 4487 , 4663 , 4847 , 4876 , 4794 , 4722 , 
RegressionTest0::test38 , 10323 , 10311 , 9214 , 10094 , 8888 , 9863 , 5661 , 5470 , 5998 , 6380 , 5331 , 7266 , 6211 , 6732 , 6077 , 6796 , 6794 , 8328 , 4365 , 9582 , 6583 , 4388 , 8156 , 6800 , 1143 , 5628 , 4577 , 7871 , 9344 , 4122 , 6768 , 9344 , 5530 , 4554 , 6308 , 6403 , 6792 , 0 , 9274 , 4692 , 4587 , 3835 , 3577 , 2765 , 8502 , 10372 , 5201 , 7286 , 4378 , 5025 , 8937 , 4565 , 4258 , 3779 , 4711 , 6061 , 4326 , 4036 , 5994 , 8646 , 8192 , 6902 , 10720 , 10319 , 7504 , 5745 , 6723 , 8793 , 4381 , 10159 , 9181 , 9796 , 8987 , 11295 , 10454 , 10099 , 10530 , 10369 , 7692 , 9851 , 8334 , 10290 , 9463 , 10536 , 10884 , 7150 , 10080 , 10755 , 10077 , 10069 , 10299 , 10785 , 10883 , 8596 , 9801 , 10804 , 19333 , 11059 , 11049 , 11002 , 11055 , 11130 , 11087 , 10761 , 11106 , 10915 , 11036 , 11012 , 10682 , 10985 , 10750 , 10852 , 10970 , 10980 , 10880 , 10840 , 10751 , 10403 , 10606 , 10840 , 10873 , 10773 , 10680 , 
RegressionTest0::test39 , 1419 , 1409 , 1296 , 1322 , 1553 , 1265 , 11364 , 6125 , 5003 , 11971 , 6483 , 2940 , 4122 , 3482 , 4411 , 3277 , 3736 , 1797 , 8545 , 755 , 3971 , 7459 , 1935 , 3725 , 9505 , 6348 , 7100 , 2039 , 1267 , 8778 , 3690 , 1267 , 5126 , 7153 , 4205 , 4494 , 3286 , 9274 , 0 , 6378 , 6552 , 8480 , 8940 , 7377 , 1292 , 1449 , 5595 , 2681 , 7589 , 5646 , 1565 , 7303 , 8311 , 6242 , 7033 , 4305 , 8516 , 7761 , 4233 , 1052 , 1649 , 3156 , 1568 , 1210 , 2282 , 5933 , 3694 , 975 , 5365 , 1052 , 1981 , 1493 , 2273 , 2153 , 1536 , 1401 , 1611 , 1527 , 4513 , 1427 , 2878 , 1526 , 1590 , 1583 , 1833 , 6259 , 1435 , 1737 , 1440 , 1437 , 1493 , 1780 , 1845 , 2223 , 1362 , 1779 , 24883 , 1968 , 1959 , 1927 , 1962 , 2018 , 1995 , 1753 , 2005 , 1865 , 1940 , 1921 , 1700 , 1908 , 1755 , 1823 , 1898 , 1900 , 1845 , 1801 , 1762 , 1528 , 1662 , 1801 , 1827 , 1767 , 1712 , 
RegressionTest0::test40 , 7331 , 7317 , 6247 , 7097 , 5926 , 6879 , 7005 , 3520 , 3576 , 7659 , 3526 , 4583 , 3532 , 4102 , 3687 , 4233 , 4245 , 5422 , 4596 , 6644 , 4011 , 3397 , 5291 , 4242 , 4876 , 3422 , 3823 , 4954 , 6353 , 4809 , 4281 , 6353 , 3472 , 2997 , 3860 , 3813 , 4194 , 4692 , 6378 , 0 , 2527 , 4259 , 4586 , 2791 , 5652 , 7372 , 3147 , 4470 , 3949 , 3418 , 5992 , 3203 , 4428 , 1621 , 2995 , 3677 , 4320 , 3624 , 3194 , 5801 , 5354 , 4325 , 7721 , 7357 , 4718 , 3580 , 4200 , 5929 , 1943 , 7212 , 6428 , 6908 , 6288 , 8281 , 7496 , 7167 , 7569 , 7409 , 5396 , 6958 , 5619 , 7351 , 6636 , 7571 , 7886 , 5210 , 7150 , 7768 , 7167 , 7162 , 7356 , 7794 , 7884 , 5884 , 6900 , 7808 , 20823 , 8047 , 8041 , 7996 , 8044 , 8118 , 8077 , 7768 , 8095 , 7912 , 8024 , 8002 , 7696 , 7978 , 7750 , 7850 , 7964 , 7972 , 7880 , 7837 , 7756 , 7434 , 7627 , 7837 , 7869 , 7777 , 7692 , 
