: , MultiStartUnivariateRealOptimizerTest::testSinMin , MultiStartUnivariateRealOptimizerTest::testQuinticMin , MultiStartUnivariateRealOptimizer_ESTest::test1 , MultiStartUnivariateRealOptimizer_ESTest::test2 , MultiStartUnivariateRealOptimizer_ESTest::test3 , MultiStartUnivariateRealOptimizer_ESTest::test4 , MultiStartUnivariateRealOptimizer_ESTest::test5 , 
MultiStartUnivariateRealOptimizerTest::testSinMin , 0 , 444 , 718 , 661 , 645 , 1165 , 640 , 
MultiStartUnivariateRealOptimizerTest::testQuinticMin , 444 , 0 , 752 , 707 , 719 , 1175 , 726 , 
MultiStartUnivariateRealOptimizer_ESTest::test1 , 718 , 752 , 0 , 229 , 221 , 1105 , 372 , 
MultiStartUnivariateRealOptimizer_ESTest::test2 , 661 , 707 , 229 , 0 , 57 , 1126 , 244 , 
MultiStartUnivariateRealOptimizer_ESTest::test3 , 645 , 719 , 221 , 57 , 0 , 1157 , 190 , 
MultiStartUnivariateRealOptimizer_ESTest::test4 , 1165 , 1175 , 1105 , 1126 , 1157 , 0 , 1169 , 
MultiStartUnivariateRealOptimizer_ESTest::test5 , 640 , 726 , 372 , 244 , 190 , 1169 , 0 , 
