:,MannWhitneyUTestTest::testBigDataSet,MannWhitneyUTestTest::testMannWhitneyUInputValidation,MannWhitneyUTestTest::testMannWhitneyUSimple,MannWhitneyUTest_ESTest::test0,MannWhitneyUTest_ESTest::test1,MannWhitneyUTest_ESTest::test2,MannWhitneyUTest_ESTest::test3,MannWhitneyUTest_ESTest::test4,MannWhitneyUTest_ESTest::test5,RegressionTest0::test001,RegressionTest0::test002,RegressionTest0::test003,RegressionTest0::test004,RegressionTest0::test005,RegressionTest0::test006,RegressionTest0::test007,RegressionTest0::test008,RegressionTest0::test009,RegressionTest0::test010,RegressionTest0::test011,RegressionTest0::test012,RegressionTest0::test013,RegressionTest0::test014,RegressionTest0::test015,RegressionTest0::test016,RegressionTest0::test017,RegressionTest0::test018,RegressionTest0::test019,RegressionTest0::test020,RegressionTest0::test021,RegressionTest0::test022,RegressionTest0::test023,RegressionTest0::test024,RegressionTest0::test025,RegressionTest0::test026,RegressionTest0::test027,RegressionTest0::test028,RegressionTest0::test029,RegressionTest0::test030,RegressionTest0::test031,RegressionTest0::test032,RegressionTest0::test033,RegressionTest0::test034,RegressionTest0::test035,RegressionTest0::test036,RegressionTest0::test037,RegressionTest0::test038,RegressionTest0::test039,RegressionTest0::test040,RegressionTest0::test041,RegressionTest0::test042,RegressionTest0::test043,RegressionTest0::test044,RegressionTest0::test045,RegressionTest0::test046,RegressionTest0::test047,RegressionTest0::test048,RegressionTest0::test049,RegressionTest0::test050,RegressionTest0::test051,RegressionTest0::test052,RegressionTest0::test053,RegressionTest0::test054,RegressionTest0::test055,RegressionTest0::test056,RegressionTest0::test057,RegressionTest0::test058,RegressionTest0::test059,RegressionTest0::test060,RegressionTest0::test061,RegressionTest0::test062,RegressionTest0::test063,RegressionTest0::test064,RegressionTest0::test065,RegressionTest0::test066,RegressionTest0::test067,RegressionTest0::test068,RegressionTest0::test069,RegressionTest0::test070,RegressionTest0::test071,RegressionTest0::test072,RegressionTest0::test073,RegressionTest0::test074,RegressionTest0::test075,RegressionTest0::test076,RegressionTest0::test077,RegressionTest0::test078,RegressionTest0::test079,RegressionTest0::test080,RegressionTest0::test081,RegressionTest0::test082,RegressionTest0::test083,RegressionTest0::test084,RegressionTest0::test085,RegressionTest0::test086,RegressionTest0::test087,RegressionTest0::test088,RegressionTest0::test089,RegressionTest0::test090,RegressionTest0::test091,RegressionTest0::test092,RegressionTest0::test093,RegressionTest0::test094,RegressionTest0::test095,RegressionTest0::test096,RegressionTest0::test097,RegressionTest0::test098,RegressionTest0::test099,RegressionTest0::test100,RegressionTest0::test101,RegressionTest0::test102,RegressionTest0::test103,RegressionTest0::test104,RegressionTest0::test105,RegressionTest0::test106,RegressionTest0::test107,RegressionTest0::test108,RegressionTest0::test109,RegressionTest0::test110,RegressionTest0::test111,RegressionTest0::test112,RegressionTest0::test113,RegressionTest0::test114,RegressionTest0::test115,RegressionTest0::test116,RegressionTest0::test117,RegressionTest0::test118,RegressionTest0::test119,RegressionTest0::test120,RegressionTest0::test121,RegressionTest0::test122,RegressionTest0::test123,RegressionTest0::test124,RegressionTest0::test125,RegressionTest0::test126,RegressionTest0::test127,RegressionTest0::test128,RegressionTest0::test129,RegressionTest0::test130,RegressionTest0::test131,RegressionTest0::test132,RegressionTest0::test133,RegressionTest0::test134,RegressionTest0::test135,RegressionTest0::test136,RegressionTest0::test137,RegressionTest0::test138,RegressionTest0::test139,RegressionTest0::test140,RegressionTest0::test141,RegressionTest0::test142,RegressionTest0::test143,RegressionTest0::test144,RegressionTest0::test145,RegressionTest0::test146,RegressionTest0::test147,RegressionTest0::test148,RegressionTest0::test149,RegressionTest0::test150,RegressionTest0::test151,RegressionTest0::test152,RegressionTest0::test153,RegressionTest0::test154,RegressionTest0::test155,RegressionTest0::test156,RegressionTest0::test157,RegressionTest0::test158,RegressionTest0::test159,RegressionTest0::test160,RegressionTest0::test161,RegressionTest0::test162,RegressionTest0::test163,RegressionTest0::test164,RegressionTest0::test165,RegressionTest0::test166,RegressionTest0::test167,RegressionTest0::test168,RegressionTest0::test169,RegressionTest0::test170,RegressionTest0::test171,RegressionTest0::test172,RegressionTest0::test173,RegressionTest0::test174,RegressionTest0::test175,RegressionTest0::test176,RegressionTest0::test177,RegressionTest0::test178,RegressionTest0::test179,RegressionTest0::test180,RegressionTest0::test181,RegressionTest0::test182,RegressionTest0::test183,RegressionTest0::test184,RegressionTest0::test185,RegressionTest0::test186,RegressionTest0::test187,RegressionTest0::test188,RegressionTest0::test189,RegressionTest0::test190,RegressionTest0::test191,RegressionTest0::test192,RegressionTest0::test193,RegressionTest0::test194,RegressionTest0::test195,RegressionTest0::test196,RegressionTest0::test197,RegressionTest0::test198,RegressionTest0::test199,RegressionTest0::test200,RegressionTest0::test201,RegressionTest0::test202,RegressionTest0::test203,RegressionTest0::test204,RegressionTest0::test205,RegressionTest0::test206,RegressionTest0::test207,RegressionTest0::test208,RegressionTest0::test209,RegressionTest0::test210,RegressionTest0::test211,RegressionTest0::test212,RegressionTest0::test213,RegressionTest0::test214,RegressionTest0::test215,RegressionTest0::test216,RegressionTest0::test217,RegressionTest0::test218,
MannWhitneyUTestTest::testBigDataSet ,0,84,56,56,47,57,50,50,49,809,386,603,656,577,688,383,478,287,506,324,367,233,474,377,526,552,502,281,210,517,193,806,608,883,661,699,485,757,610,572,122,165,251,281,815,1047,449,569,186,404,898,396,744,398,101,479,387,386,495,825,409,279,356,771,357,602,672,1039,698,605,559,317,620,733,325,318,434,496,860,216,67,575,139,688,730,752,288,393,535,600,492,538,660,822,448,159,682,396,568,215,349,323,859,647,291,403,484,690,103,776,417,466,180,150,613,593,689,702,204,377,692,460,815,496,164,894,659,494,965,494,407,477,467,316,652,541,291,360,660,601,427,65,65,105,59,275,106,196,60,125,153,144,193,154,234,474,298,65,325,159,142,110,386,96,168,128,150,142,82,306,258,376,321,171,398,362,65,146,367,69,129,183,138,225,280,184,425,169,374,301,125,598,213,161,240,373,289,341,681,398,232,62,138,348,358,138,549,237,220,271,522,284,612,403,212,244,372,351,426,236,374,84,219,159,218,495,178,
MannWhitneyUTestTest::testMannWhitneyUInputValidation ,84,0,74,92,84,84,79,79,78,796,372,589,642,568,674,374,465,278,495,312,357,222,463,366,511,541,492,270,197,510,180,794,598,871,648,688,474,742,599,558,118,158,245,267,801,1034,434,555,182,393,888,386,730,388,104,469,375,375,485,810,398,274,343,762,342,587,662,1026,689,592,550,305,606,721,309,307,420,488,847,206,84,566,134,676,717,739,273,383,522,590,477,527,646,808,435,149,669,386,558,201,337,311,847,634,278,393,474,676,103,762,408,453,169,143,600,580,680,688,191,368,678,451,803,482,159,883,647,482,953,480,396,465,451,303,638,531,278,347,649,591,416,79,79,106,79,262,100,184,78,118,141,139,183,144,223,462,284,79,309,152,134,101,371,91,158,119,142,136,86,291,245,364,304,162,383,348,82,141,353,83,119,172,126,213,270,176,410,155,362,286,117,584,200,149,226,361,272,326,666,381,220,78,127,334,343,130,532,226,206,254,510,273,596,385,201,229,362,338,411,221,359,86,207,149,207,482,170,
MannWhitneyUTestTest::testMannWhitneyUSimple ,56,74,0,60,54,58,55,53,53,788,365,581,633,564,667,376,453,259,484,300,359,215,452,351,503,529,478,259,195,503,176,785,592,862,637,678,468,735,594,546,110,152,246,260,791,1034,439,551,178,379,882,371,723,373,97,464,365,361,472,803,389,270,332,751,339,574,650,1019,683,581,543,293,601,711,303,293,413,482,838,200,63,561,129,664,709,730,267,373,517,580,468,515,637,800,428,143,665,371,545,197,325,295,837,624,269,378,469,664,96,749,398,446,171,139,594,573,668,681,188,352,670,438,795,472,154,874,638,469,943,469,381,452,457,292,629,518,269,339,638,578,407,55,62,95,55,256,87,188,55,123,131,134,188,139,220,460,279,62,304,155,131,96,367,80,153,107,137,141,69,284,240,363,303,152,377,342,48,136,347,66,107,172,121,212,270,174,406,146,355,285,104,583,197,144,221,359,272,321,666,382,224,57,121,333,337,129,528,221,208,250,511,268,594,379,197,226,360,333,408,221,354,83,203,144,209,478,166,
MannWhitneyUTest_ESTest::test0 ,56,92,60,0,16,19,19,18,23,834,402,626,679,600,714,398,499,305,531,337,382,246,497,399,548,575,525,294,212,539,194,832,630,909,683,724,505,781,632,590,125,172,267,283,837,1071,460,589,193,424,918,418,769,420,107,501,399,406,519,848,425,292,369,796,361,619,697,1065,721,627,581,330,637,758,327,331,450,519,885,222,64,597,144,710,756,777,290,410,554,625,515,559,684,845,462,160,700,418,592,216,362,341,882,670,304,425,506,709,107,795,433,480,188,154,631,607,715,727,206,399,716,485,841,508,172,921,684,515,988,515,429,498,476,329,676,565,304,372,683,624,444,65,61,111,50,288,110,205,53,131,158,153,201,164,247,495,310,61,342,168,149,113,402,97,178,132,162,150,82,319,271,394,333,182,416,381,62,155,384,66,133,191,141,234,295,195,441,174,391,314,130,621,224,171,254,392,300,359,704,412,244,57,141,364,375,146,570,250,231,284,542,300,635,419,223,255,391,369,446,246,391,86,229,170,228,514,183,
MannWhitneyUTest_ESTest::test1 ,47,84,54,16,0,17,10,8,15,826,395,621,672,592,706,392,491,298,522,331,377,239,490,390,541,567,517,288,211,531,193,824,622,901,675,717,498,775,624,584,121,169,259,281,830,1065,455,582,191,419,912,410,762,412,105,493,392,401,511,842,420,288,363,789,360,612,689,1058,713,619,573,324,630,750,326,327,443,511,877,219,65,589,141,702,749,769,289,404,547,617,507,553,676,839,455,159,692,410,584,215,356,334,875,663,298,417,498,703,103,788,425,473,183,149,625,600,707,720,205,391,709,476,834,502,169,913,677,507,980,507,420,490,472,323,669,557,298,365,676,617,437,64,62,109,51,284,109,202,53,129,157,150,199,159,243,490,305,62,337,165,148,112,397,95,174,131,158,147,81,314,266,389,328,177,412,377,60,151,379,66,132,187,141,231,290,190,436,172,387,310,129,617,221,168,249,387,295,355,698,407,241,57,141,359,370,142,565,246,226,279,537,296,630,414,219,252,386,364,442,241,386,84,226,166,225,509,181,
MannWhitneyUTest_ESTest::test2 ,57,84,58,19,17,0,9,11,16,833,401,626,677,596,710,396,498,304,525,336,381,242,494,395,544,574,520,293,212,536,192,828,625,904,682,722,503,780,627,590,123,171,264,282,836,1069,458,585,194,424,917,413,766,415,105,496,400,406,514,848,426,289,368,794,361,617,692,1063,716,624,577,329,635,754,325,332,445,516,882,221,63,593,140,708,754,775,288,407,552,623,513,558,683,846,460,158,695,413,587,215,361,339,881,671,301,420,501,707,104,793,430,478,185,151,630,604,714,725,204,394,715,481,840,506,171,918,682,514,987,512,425,498,476,326,675,560,301,370,680,622,444,66,63,112,51,289,111,206,54,132,159,154,202,164,248,496,311,63,343,166,150,113,403,97,179,133,163,150,83,320,272,395,334,183,417,382,63,156,385,68,134,192,142,235,296,196,442,175,392,315,131,622,225,171,255,393,301,360,702,413,245,58,142,365,376,146,571,251,231,285,543,301,636,420,224,256,391,370,447,247,392,86,230,170,229,515,184,
MannWhitneyUTest_ESTest::test3 ,50,79,55,19,10,9,0,3,11,826,393,620,670,591,703,392,491,296,520,329,375,235,489,389,538,567,516,286,211,530,193,823,621,900,675,716,496,775,622,583,121,166,259,282,828,1063,455,581,191,418,911,409,760,411,102,492,392,400,510,842,418,285,361,787,359,612,688,1057,712,619,572,322,629,749,326,325,441,510,876,217,65,588,140,702,748,767,289,401,545,616,505,552,675,839,455,159,692,409,583,212,354,331,875,663,296,416,497,701,103,786,426,473,182,149,622,600,705,718,205,390,707,475,832,501,167,912,676,507,980,507,419,490,473,321,668,556,296,366,675,614,435,62,60,107,48,283,107,201,51,128,154,148,197,159,242,489,305,60,336,162,145,109,396,93,174,128,158,146,79,313,266,388,328,177,410,375,59,150,378,65,129,187,138,228,290,189,435,170,385,309,127,615,220,166,249,386,294,353,697,407,239,55,138,358,369,141,564,244,225,278,536,294,629,413,218,250,384,363,440,242,385,83,224,165,224,508,179,
MannWhitneyUTest_ESTest::test4 ,50,79,53,18,8,11,3,0,8,824,392,619,670,590,704,390,489,296,520,329,373,236,488,388,538,566,515,286,209,529,191,822,620,899,673,715,496,773,622,581,119,166,258,280,828,1062,454,580,189,417,910,408,760,410,101,491,391,399,509,840,417,284,361,786,358,610,687,1056,711,617,571,322,630,748,324,325,440,509,875,216,65,587,139,700,747,767,287,400,545,615,504,550,674,837,455,157,691,408,582,213,354,331,873,661,296,415,496,701,102,786,425,473,181,148,622,599,705,718,203,389,707,474,832,502,166,911,675,505,978,505,418,488,471,321,667,555,296,365,673,615,434,61,59,106,48,282,105,200,51,127,153,148,196,157,241,488,304,59,335,161,144,108,395,92,172,127,156,146,78,312,265,387,326,176,409,374,58,150,377,64,128,186,137,228,289,189,434,169,384,307,125,614,218,164,248,385,293,352,696,406,238,55,137,357,368,140,563,243,224,277,535,293,628,412,217,249,383,362,439,241,384,82,223,163,223,507,178,
MannWhitneyUTest_ESTest::test5 ,49,78,53,23,15,16,11,8,0,820,390,614,665,586,700,387,485,291,516,326,371,234,483,383,534,560,509,283,206,527,189,817,617,894,669,709,493,768,619,579,116,161,256,278,823,1058,451,576,187,413,908,402,754,404,101,488,389,395,503,837,414,283,358,783,354,607,681,1050,708,613,568,319,626,743,322,322,437,506,870,214,64,584,136,696,741,763,285,397,542,612,499,548,670,834,453,155,689,402,576,210,351,326,870,658,293,409,493,698,99,781,423,471,180,147,619,597,701,712,201,383,701,470,826,498,163,906,669,501,975,501,413,484,470,318,662,549,293,362,671,609,432,57,58,103,46,277,101,196,50,126,148,145,195,153,237,483,299,58,330,158,139,103,390,88,169,122,151,144,76,308,261,383,323,171,403,368,57,148,372,61,123,182,132,225,285,186,429,164,379,303,120,609,214,160,242,381,290,346,691,402,235,53,132,353,362,136,557,238,221,272,532,288,622,406,214,245,379,357,434,237,378,81,219,157,219,502,176,
RegressionTest0::test001 ,809,796,788,834,826,833,826,824,820,0,514,320,395,458,315,537,424,574,420,565,533,640,435,507,426,416,428,597,665,465,678,277,439,318,365,355,449,278,438,405,728,699,626,625,426,578,495,430,681,483,496,492,310,494,744,486,533,498,425,313,509,620,547,391,586,417,363,523,436,385,455,572,401,251,604,581,502,492,360,663,777,447,717,374,278,363,623,533,430,364,421,397,347,312,504,703,420,494,404,685,550,552,288,328,593,486,480,403,742,424,517,491,684,707,409,459,381,338,675,506,326,441,367,474,699,323,255,417,492,422,487,427,486,575,342,406,593,544,354,398,499,781,788,749,795,639,746,677,794,736,718,722,679,709,656,520,625,788,590,718,724,748,570,760,699,733,709,719,770,615,647,568,599,697,572,587,783,717,580,785,733,692,732,663,612,686,549,712,586,612,734,479,664,707,645,562,628,587,473,540,642,790,729,579,597,719,522,649,663,633,479,607,486,571,665,652,572,580,552,660,561,770,665,707,655,520,704,
RegressionTest0::test002 ,386,372,365,402,395,401,393,392,390,514,0,343,378,306,430,214,223,211,286,90,158,214,213,202,275,296,262,121,237,319,253,515,388,601,372,421,150,465,390,318,297,262,231,204,469,737,241,295,259,209,599,207,442,207,310,290,160,211,258,527,145,241,85,504,214,309,398,745,466,327,341,94,329,452,204,178,176,290,579,232,347,326,292,397,425,460,205,238,196,339,252,281,385,525,250,274,414,205,313,260,87,204,561,379,117,206,291,398,315,445,242,252,257,276,272,341,431,353,254,212,352,261,466,222,261,605,363,233,692,230,202,221,260,98,384,290,117,164,381,362,138,355,361,331,367,266,333,271,365,316,308,307,272,295,263,306,262,362,244,300,302,326,274,331,290,321,300,299,350,263,246,261,251,293,276,283,357,303,265,358,322,276,316,265,239,283,262,303,271,231,323,375,260,302,254,249,248,262,451,251,241,362,313,236,268,292,347,258,261,250,322,216,412,254,264,256,242,260,292,248,254,341,265,302,262,319,289,
RegressionTest0::test003 ,603,589,581,626,621,626,620,619,614,320,343,0,317,369,238,374,229,369,283,377,364,438,278,306,296,287,311,404,468,348,482,320,365,428,248,279,304,259,367,289,523,497,425,432,452,647,340,322,479,209,523,297,254,299,537,333,355,223,285,332,349,422,367,409,395,322,349,570,383,209,346,382,337,247,409,393,353,336,399,471,568,338,512,275,240,358,430,356,316,291,238,248,176,329,325,502,392,299,305,477,371,351,369,53,400,294,330,361,535,428,339,328,481,506,335,368,328,326,478,303,329,290,403,345,497,410,168,229,566,237,296,232,340,386,169,287,400,354,338,309,338,569,576,543,586,438,539,470,582,526,508,511,471,499,447,344,421,577,409,510,519,540,389,548,496,525,505,507,562,426,437,374,400,495,398,414,571,508,388,575,524,484,524,459,408,481,365,505,404,414,528,366,463,496,445,364,435,414,390,357,437,580,521,384,414,507,394,443,457,443,338,416,385,389,461,443,378,392,387,453,381,560,460,501,452,339,498,
RegressionTest0::test004 ,656,642,633,679,672,677,670,670,665,395,378,317,0,305,333,414,351,420,342,425,409,485,348,354,140,254,278,457,533,358,543,392,378,453,305,341,327,338,380,362,584,558,468,497,446,609,390,344,542,384,494,352,358,355,597,359,406,396,278,419,393,463,411,346,462,350,243,573,398,268,366,428,328,358,480,445,378,344,430,530,628,341,576,296,324,336,495,391,311,323,342,377,314,417,385,563,397,352,253,548,410,395,464,306,453,348,357,376,598,461,401,376,540,565,298,396,343,349,542,370,354,346,416,363,556,477,307,347,554,341,335,347,376,438,314,272,453,413,339,273,381,630,637,603,643,505,597,531,641,584,573,574,532,564,523,427,492,637,470,566,575,598,455,610,557,590,564,567,621,477,512,452,468,559,463,499,632,572,477,633,591,544,587,517,476,541,438,568,467,485,589,403,520,563,514,445,478,478,441,404,494,638,585,453,487,568,440,517,524,504,368,480,421,475,525,511,445,477,474,516,443,618,525,562,510,423,556,
RegressionTest0::test005 ,577,568,564,600,592,596,591,590,586,458,306,369,305,0,385,339,344,381,282,350,345,412,349,316,271,299,290,366,438,263,450,418,310,467,352,397,304,431,312,297,495,465,415,395,406,626,308,142,453,363,555,311,388,311,512,265,312,372,297,480,319,376,341,395,365,338,343,637,366,323,279,354,351,339,375,350,295,256,453,433,545,219,487,371,408,388,396,273,299,336,347,321,375,477,276,471,312,306,296,449,341,362,494,379,361,311,263,349,511,435,287,262,451,476,306,288,370,345,448,324,359,290,423,311,465,476,370,338,576,344,301,347,324,346,370,283,361,308,349,337,311,551,556,520,563,436,526,463,562,506,498,495,459,491,447,373,425,556,416,487,498,521,403,531,482,513,493,493,539,423,440,381,402,485,412,428,553,490,406,554,515,467,509,438,408,461,381,496,415,409,514,385,449,490,442,398,411,410,433,374,431,558,508,402,415,492,399,445,449,438,332,404,419,404,453,441,388,402,413,443,385,540,456,489,440,393,475,
RegressionTest0::test006 ,688,674,667,714,706,710,703,704,700,315,430,238,333,385,0,443,339,459,318,466,448,496,337,391,329,331,326,496,564,392,578,369,360,431,291,306,371,295,361,366,618,592,508,533,453,632,400,379,573,373,500,371,273,367,632,402,442,389,318,346,427,499,453,387,491,371,324,522,399,281,378,470,349,323,512,484,412,407,403,565,660,361,608,288,290,316,530,426,386,268,334,344,207,344,416,599,384,370,331,577,454,434,395,226,492,368,403,415,632,442,439,403,571,599,376,420,285,359,576,386,352,358,399,394,592,409,253,330,545,334,368,339,405,476,202,327,492,449,350,292,419,662,669,630,673,526,634,562,673,617,603,602,558,595,540,421,517,669,511,600,608,630,475,641,590,618,595,596,651,514,544,462,491,587,482,496,663,595,475,666,622,577,621,548,493,564,463,598,491,508,621,389,553,594,545,464,517,495,426,439,523,671,616,473,491,600,456,542,549,534,384,506,429,483,553,542,471,473,463,550,464,645,552,594,540,420,586,
RegressionTest0::test007 ,383,374,376,398,392,396,392,390,387,537,214,374,414,339,443,0,269,253,300,205,204,249,257,264,305,331,280,211,233,314,237,538,376,617,421,447,254,488,377,309,288,254,237,197,543,739,208,325,228,244,606,258,472,260,302,292,214,252,283,529,218,229,207,520,195,342,425,766,464,373,332,204,353,477,179,225,226,309,592,225,341,342,277,443,450,498,192,221,293,355,266,276,422,526,248,263,424,255,342,258,205,239,579,413,211,261,297,441,304,527,208,260,249,269,352,353,459,440,238,265,426,273,546,248,235,625,395,277,689,277,259,268,208,208,413,320,211,197,393,356,228,358,357,327,362,270,337,268,359,306,315,306,263,300,254,283,260,358,257,298,306,331,245,337,296,325,307,288,346,255,251,246,246,308,283,287,360,294,255,355,323,280,321,265,223,274,259,314,247,241,327,370,270,311,269,248,254,263,441,215,239,358,319,239,283,298,353,263,262,277,312,241,408,280,264,266,251,256,300,255,263,338,271,309,248,304,285,
RegressionTest0::test008 ,478,465,453,499,491,498,491,489,485,424,223,229,351,344,339,269,0,246,261,243,244,310,172,249,251,269,237,266,353,298,363,425,322,502,186,322,207,375,324,296,400,381,303,320,446,714,268,305,361,155,570,233,363,235,415,264,262,169,237,441,247,317,232,446,299,303,362,657,392,130,296,244,332,352,301,287,263,284,478,354,445,286,393,213,349,376,315,264,248,225,115,239,290,438,255,381,404,232,289,366,230,228,474,271,265,232,265,371,414,430,256,263,360,385,302,348,367,336,362,247,323,227,437,287,381,515,277,19,619,23,241,7,287,255,282,268,265,257,345,327,249,448,456,423,462,326,423,352,460,406,394,394,353,386,348,279,323,457,314,390,398,418,297,428,379,406,382,388,441,335,337,275,299,376,309,332,451,390,297,452,410,370,408,345,298,362,286,388,321,313,408,343,347,384,340,274,325,312,418,265,313,457,405,282,317,388,348,331,338,334,323,293,392,321,349,332,271,303,307,341,283,437,342,383,334,317,381,
RegressionTest0::test009 ,287,278,259,305,298,304,296,296,291,574,211,369,420,381,459,253,246,0,277,165,220,132,246,146,290,320,270,153,201,341,195,572,408,652,427,468,282,525,410,337,223,204,159,212,586,832,282,369,196,176,680,164,510,167,232,295,219,155,265,591,225,213,187,535,248,377,438,803,492,371,361,162,408,500,233,176,248,310,627,195,256,386,217,454,497,521,212,232,335,369,260,309,425,588,267,205,489,165,334,197,182,36,625,413,156,169,296,464,234,548,260,285,195,205,405,408,458,468,198,146,457,232,581,307,200,662,425,259,733,259,175,242,317,161,417,307,156,202,427,321,243,258,265,233,268,182,237,190,266,220,209,211,172,195,198,297,193,266,200,214,214,237,232,244,202,228,205,202,250,216,196,228,202,202,267,248,259,203,240,267,230,195,231,178,185,184,271,213,243,204,224,415,181,210,186,201,195,209,496,241,162,267,227,206,234,207,370,178,176,197,354,166,429,272,188,182,212,228,261,188,212,250,181,206,169,309,200,
RegressionTest0::test010 ,506,495,484,531,522,525,520,520,516,420,286,283,342,282,318,300,261,277,0,301,258,348,247,199,260,251,230,321,394,288,406,410,285,477,316,362,309,391,284,241,443,418,327,355,484,694,264,294,402,263,582,199,383,202,455,246,279,266,208,451,287,297,300,382,325,335,349,659,355,291,267,304,365,337,338,317,260,251,448,387,480,290,437,347,364,404,356,220,327,260,248,251,319,451,277,425,407,202,265,409,299,270,479,313,318,198,249,410,455,471,267,266,397,425,365,348,304,314,404,201,316,156,422,304,417,485,308,266,567,261,201,258,307,305,313,239,318,273,294,327,285,482,487,447,494,376,456,400,492,439,431,433,389,421,376,310,366,488,350,429,433,456,347,462,416,442,420,424,471,360,380,313,334,418,367,364,483,426,343,487,447,412,449,378,339,397,337,426,358,342,445,337,385,422,379,320,353,353,415,324,360,490,446,336,351,426,365,381,381,374,285,357,389,357,391,378,318,318,335,381,333,466,384,418,380,326,413,
RegressionTest0::test011 ,324,312,300,337,331,336,329,329,326,565,90,377,425,350,466,205,243,165,301,0,201,179,232,191,304,318,286,49,165,313,185,568,390,632,412,443,178,516,392,338,232,197,201,141,502,783,248,335,198,198,635,192,491,194,244,270,122,198,281,578,152,171,40,537,170,336,437,782,471,358,341,14,359,502,154,154,178,289,609,161,282,356,225,438,478,507,145,222,223,375,272,314,419,576,219,209,445,192,339,196,36,167,613,417,56,196,274,425,249,464,223,223,207,212,298,342,448,395,185,194,386,268,520,226,195,657,415,258,712,257,202,242,270,40,420,316,56,135,415,385,166,291,297,269,303,226,269,218,301,254,245,248,216,232,222,313,227,298,220,242,240,265,252,268,230,259,238,239,286,224,210,249,222,236,264,265,293,244,262,293,261,220,258,217,204,228,270,242,255,219,260,399,217,247,207,233,207,238,479,240,192,297,253,221,249,231,366,212,209,213,337,186,435,265,216,212,230,254,285,206,240,278,217,243,211,329,236,
RegressionTest0::test012 ,367,357,359,382,377,381,375,373,371,533,158,364,409,345,448,204,244,220,258,201,0,236,254,210,308,324,293,209,224,330,239,544,368,629,400,455,242,494,369,330,275,258,195,190,552,771,233,326,236,217,640,230,483,233,296,282,221,199,286,554,205,225,208,517,207,360,440,776,451,359,338,202,368,476,198,212,218,297,605,227,328,343,269,430,468,483,193,226,282,359,257,302,421,551,252,260,435,232,346,240,207,220,589,403,206,230,287,449,291,526,228,269,241,263,351,367,438,442,235,223,432,268,547,282,255,633,404,258,701,258,232,243,252,193,411,320,206,201,396,387,213,340,341,312,348,253,321,267,344,300,298,293,256,291,259,273,243,341,244,278,294,314,259,319,284,308,291,285,332,247,257,231,232,284,265,246,344,290,256,338,311,267,304,246,218,266,252,297,263,211,310,363,255,287,254,232,226,241,451,241,232,343,300,227,237,280,353,237,255,236,323,212,396,262,260,249,230,225,259,256,248,324,246,290,250,292,265,
RegressionTest0::test013 ,233,222,215,246,239,242,235,236,234,640,214,438,485,412,496,249,310,132,348,179,236,0,310,220,355,382,325,161,164,378,162,636,457,712,478,531,315,587,457,411,168,166,146,194,637,878,301,400,150,242,720,239,574,241,182,336,239,226,330,652,232,200,208,598,256,434,497,869,545,432,410,172,445,565,232,192,256,353,689,168,201,405,164,514,563,563,203,258,365,435,321,374,492,651,306,163,508,240,400,171,202,162,687,480,167,246,340,519,182,605,276,322,147,161,435,443,500,535,166,221,520,299,647,339,161,725,492,322,798,322,248,309,338,176,483,374,167,216,493,430,250,210,213,181,211,184,191,133,211,167,165,167,147,155,164,332,187,213,199,163,155,182,255,193,158,179,160,150,205,198,159,251,209,166,266,248,214,154,241,213,184,142,187,149,171,152,282,185,259,189,182,450,120,173,165,235,189,224,526,264,139,212,178,223,255,158,393,160,158,181,387,155,462,269,133,144,247,229,292,153,240,188,143,166,143,347,158,
RegressionTest0::test014 ,474,463,452,497,490,494,489,488,483,435,213,278,348,349,337,257,172,246,247,232,254,310,0,220,247,286,253,262,331,318,342,431,344,509,321,331,230,316,346,268,390,355,314,294,461,704,264,300,347,144,562,219,356,217,400,294,228,163,241,443,208,322,229,452,268,265,370,671,409,273,313,236,314,371,276,234,225,294,487,326,438,321,382,350,278,383,291,273,260,239,164,192,289,440,244,365,402,215,287,346,230,235,479,281,257,219,298,339,406,446,244,251,348,367,311,316,384,350,341,223,348,237,452,239,359,520,284,176,621,173,209,169,285,241,285,281,257,231,342,343,200,444,451,417,458,327,417,357,456,399,392,391,352,380,347,289,318,452,308,387,393,412,281,422,374,403,378,383,436,320,333,290,314,373,328,329,446,389,307,447,405,368,404,342,301,359,287,386,304,317,404,355,344,379,340,256,314,308,433,278,319,452,398,297,325,383,338,332,337,335,330,304,392,318,349,333,276,305,308,334,287,431,345,378,337,309,374,
RegressionTest0::test015 ,377,366,351,399,390,395,389,388,383,507,202,306,354,316,391,264,249,146,199,191,210,220,220,0,227,226,215,202,267,302,279,499,346,574,389,428,276,459,348,282,315,290,221,251,554,769,270,318,278,200,639,113,445,114,324,249,214,182,208,527,188,225,212,478,271,344,375,738,430,336,310,197,380,426,258,214,187,258,541,261,349,337,310,417,433,461,251,206,328,314,238,270,362,524,253,297,449,112,273,280,209,156,560,350,201,119,254,434,326,529,250,270,269,297,396,383,395,405,276,93,394,151,517,285,290,582,360,265,662,265,34,248,298,191,354,246,201,193,374,362,207,351,357,323,361,252,326,268,361,309,301,304,262,289,260,283,252,358,230,298,304,325,256,330,289,311,293,293,342,250,258,253,230,286,279,263,351,297,267,356,315,284,324,252,230,268,285,292,263,248,315,372,261,291,242,236,225,247,451,255,236,359,317,231,265,294,357,259,248,251,319,232,410,277,269,247,234,262,268,253,239,341,267,292,251,281,287,
RegressionTest0::test016 ,526,511,503,548,541,544,538,538,534,426,275,296,140,271,329,305,251,290,260,304,308,355,247,227,0,193,167,334,409,311,419,433,314,498,321,383,251,377,316,289,457,432,351,374,487,685,282,289,419,266,557,224,397,226,468,279,292,280,200,459,281,341,290,379,344,324,301,645,404,277,297,305,327,359,356,322,273,298,475,404,497,299,448,329,358,352,370,298,299,271,250,303,330,458,295,437,398,222,223,423,290,268,495,330,329,218,278,401,469,490,314,291,410,440,318,365,326,371,417,240,370,222,423,286,430,513,332,245,595,243,205,255,294,315,323,202,329,295,293,293,277,498,506,471,512,378,467,402,509,453,442,444,402,434,400,334,367,507,346,437,446,467,338,480,429,459,434,436,489,351,387,326,350,431,351,385,501,441,360,502,461,420,462,387,345,410,324,437,358,365,458,348,393,432,386,328,350,361,412,285,368,507,456,326,371,439,365,391,392,379,331,360,386,369,402,385,316,362,360,387,320,486,403,431,380,346,427,
RegressionTest0::test017 ,552,541,529,575,567,574,567,566,560,416,296,287,254,299,331,331,269,320,251,318,324,382,286,226,193,0,184,342,419,320,429,418,334,489,341,354,276,397,335,303,474,445,358,380,478,681,319,308,428,307,566,228,390,233,485,312,293,308,175,446,270,352,303,348,340,331,256,635,387,287,323,324,326,338,363,353,271,314,470,411,518,304,463,348,374,370,380,315,308,291,256,301,321,442,287,452,402,233,169,432,308,299,478,325,343,225,309,376,487,477,330,276,439,456,333,335,298,366,427,247,368,248,388,283,443,505,308,266,580,270,202,270,317,326,314,145,343,302,245,302,262,523,531,496,538,401,489,430,536,477,469,470,429,458,414,338,393,532,361,462,468,493,357,506,453,484,459,457,518,370,399,347,374,450,379,387,527,466,378,529,486,440,482,417,373,440,342,461,364,387,484,357,421,460,408,344,379,385,390,325,388,533,479,353,385,467,376,415,419,400,318,376,400,381,418,409,328,373,358,410,362,512,423,460,403,346,450,
RegressionTest0::test018 ,502,492,478,525,517,520,516,515,509,428,262,311,278,290,326,280,237,270,230,286,293,325,253,215,167,184,0,314,382,285,395,420,303,494,329,353,240,409,304,280,435,407,332,352,476,699,281,305,390,262,576,109,399,108,445,254,276,273,67,461,253,319,271,365,329,310,198,654,380,293,281,287,321,333,334,313,241,276,479,378,473,256,427,356,380,374,349,245,278,277,241,275,335,458,295,414,403,110,112,396,269,247,494,336,311,102,255,390,448,484,285,291,388,418,323,362,319,361,394,129,368,208,434,277,405,506,313,236,594,243,191,241,296,298,327,93,311,275,279,297,253,473,480,442,486,355,443,377,485,428,420,420,382,409,366,306,344,481,329,415,418,444,318,452,404,433,410,410,466,347,360,312,329,410,336,357,475,414,332,476,436,394,437,366,323,391,317,416,340,344,434,354,369,410,362,317,337,341,406,277,342,480,432,314,354,415,359,363,369,357,326,327,402,347,370,361,292,338,337,365,314,455,376,408,353,330,405,
RegressionTest0::test019 ,281,270,259,294,288,293,286,286,283,597,121,404,457,366,496,211,266,153,321,49,209,161,262,202,334,342,314,0,133,345,150,599,424,670,445,480,213,549,426,363,191,153,165,148,546,822,266,352,158,219,674,217,523,220,200,305,158,207,308,609,182,188,79,571,187,376,471,818,509,389,375,48,393,531,169,116,211,311,647,125,239,369,187,471,507,542,152,221,263,404,297,330,444,604,219,167,470,218,368,165,75,178,645,442,14,224,308,463,206,504,232,237,164,170,340,362,484,435,144,200,425,275,554,265,153,688,445,281,753,280,230,265,295,39,447,339,14,137,447,417,202,248,255,228,260,199,226,184,257,212,202,207,185,191,192,319,203,256,204,202,201,224,246,225,190,218,196,196,245,209,180,243,206,190,263,251,250,203,238,251,218,182,215,182,184,190,285,204,247,215,218,420,184,207,172,231,192,226,497,261,162,255,210,220,236,188,372,181,172,191,356,162,442,270,177,180,238,244,288,174,231,236,176,202,178,335,197,
RegressionTest0::test020 ,210,197,195,212,211,212,211,209,206,665,237,468,533,438,564,233,353,201,394,165,224,164,331,267,409,419,382,133,0,379,54,667,464,731,529,544,336,610,466,406,98,66,155,96,659,887,279,409,80,270,734,281,594,282,125,338,224,258,377,663,265,149,196,642,166,437,544,886,554,474,412,160,456,602,140,192,290,356,709,48,151,431,91,553,584,608,104,252,377,472,361,372,522,660,281,75,518,281,443,78,191,220,697,509,140,288,343,525,115,614,255,298,92,84,454,420,555,554,54,263,546,347,668,326,80,757,519,366,803,367,294,352,271,157,522,417,140,194,507,483,280,172,175,155,180,177,158,143,176,149,148,147,138,142,161,346,189,175,228,143,148,155,265,154,149,152,147,142,164,215,176,251,212,149,284,266,174,142,261,171,152,139,153,142,171,137,296,150,263,201,157,469,143,145,168,250,186,238,550,270,146,173,151,227,252,137,422,159,149,188,397,183,482,296,147,162,250,235,313,161,259,161,136,144,142,364,139,
RegressionTest0::test021 ,517,510,503,539,531,536,530,529,527,465,319,348,358,263,392,314,298,341,288,313,330,378,318,302,311,320,285,345,379,0,392,467,219,478,377,370,295,452,221,338,438,407,362,345,430,682,303,285,392,318,586,296,445,299,454,191,299,322,289,511,307,312,304,433,315,255,355,657,290,347,201,312,348,390,329,322,296,214,455,374,485,253,430,393,419,425,345,206,292,327,306,323,369,509,265,413,359,299,302,399,302,332,535,375,344,297,187,334,454,403,229,279,393,416,339,296,382,393,388,304,381,279,474,294,407,519,375,299,564,307,301,301,288,332,359,298,344,297,389,336,311,495,499,462,505,394,469,413,503,451,442,447,401,438,383,334,385,499,382,438,444,469,363,475,436,456,434,433,482,375,398,345,345,430,381,384,495,434,364,497,459,424,458,393,356,407,352,442,372,355,460,381,403,441,400,358,369,375,440,338,370,500,456,369,384,441,401,394,405,398,264,377,421,376,397,400,353,367,374,397,356,479,408,432,392,369,425,
RegressionTest0::test022 ,193,180,176,194,193,192,193,191,189,678,253,482,543,450,578,237,363,195,406,185,239,162,342,279,419,429,395,150,54,392,0,680,477,748,540,560,349,621,479,419,82,52,153,98,675,901,303,430,59,282,749,294,608,296,103,351,241,269,391,675,275,162,214,655,185,450,555,901,566,485,426,182,470,616,141,190,300,368,726,70,133,445,76,563,595,621,101,265,395,486,377,374,533,672,299,36,531,294,454,75,210,222,714,522,156,300,356,539,97,629,272,317,79,65,469,435,566,565,20,276,558,361,678,337,52,770,531,377,820,376,307,361,306,178,532,426,156,212,520,493,291,154,159,140,161,181,140,133,158,134,135,137,130,132,154,357,195,159,236,131,134,140,276,140,134,139,136,127,149,216,173,265,212,141,293,273,158,133,265,154,138,128,140,136,175,134,310,139,263,202,142,482,139,132,168,261,186,243,563,283,141,157,137,235,258,126,430,153,145,189,410,186,493,302,141,157,260,249,323,157,263,143,133,132,136,377,131,
RegressionTest0::test023 ,806,794,785,832,824,828,823,822,817,277,515,320,392,418,369,538,425,572,410,568,544,636,431,499,433,418,420,599,667,467,680,0,436,304,383,395,451,282,438,390,728,691,627,626,489,578,482,462,680,483,512,483,276,485,742,469,530,498,422,269,511,607,550,392,586,411,395,581,428,383,432,573,416,231,602,580,489,474,332,659,775,423,717,377,258,370,623,511,455,353,420,394,337,266,509,706,417,485,415,681,552,552,252,315,593,482,467,438,742,478,508,498,678,705,450,456,415,409,675,498,416,433,421,473,694,254,273,415,535,419,481,426,477,576,328,402,593,543,382,426,500,779,785,750,793,641,747,679,791,734,718,719,680,711,656,528,629,786,601,717,722,748,573,758,699,734,710,718,768,618,647,580,601,699,584,604,781,716,581,784,734,691,732,661,614,685,558,711,587,616,735,497,665,707,647,564,626,596,483,544,643,788,728,582,608,717,545,652,665,637,485,616,503,584,665,651,574,591,567,655,572,768,667,707,658,529,703,
RegressionTest0::test024 ,608,598,592,630,622,625,621,620,617,439,388,365,378,310,360,376,322,408,285,390,368,457,344,346,314,334,303,424,464,219,477,436,0,425,377,358,328,425,2,365,527,494,430,422,440,659,346,330,479,357,577,318,418,320,542,222,369,368,300,482,364,395,377,409,383,267,355,623,223,371,169,393,363,362,400,405,342,245,412,455,575,279,517,393,406,386,421,290,319,319,335,321,371,483,341,500,373,320,317,473,376,397,498,367,422,316,217,342,543,395,303,348,480,505,343,286,339,394,473,323,380,303,468,320,493,495,365,319,530,327,341,326,356,406,359,312,422,368,369,369,361,582,587,545,592,468,556,496,590,540,525,531,491,523,476,385,458,587,437,520,531,557,421,563,520,538,521,526,568,447,477,401,421,512,439,437,583,526,419,583,542,506,544,469,433,497,411,526,436,432,545,386,481,520,474,415,439,440,431,416,466,585,541,429,426,525,413,468,484,467,353,440,419,432,481,476,418,421,428,480,394,561,480,514,478,394,504,
RegressionTest0::test025 ,883,871,862,909,901,904,900,899,894,318,601,428,453,467,431,617,502,652,477,632,629,712,509,574,498,489,494,670,731,478,748,304,425,0,436,357,550,380,425,467,801,768,704,683,493,573,577,515,754,557,528,559,377,563,814,507,596,574,496,353,583,661,612,417,643,436,431,498,376,452,455,639,498,345,658,659,558,490,202,728,853,475,791,429,368,360,679,568,525,418,495,482,423,352,571,777,473,563,462,744,614,632,383,416,665,558,504,436,818,438,561,553,755,779,512,512,459,483,743,577,484,518,493,520,767,352,398,491,496,497,555,502,578,646,425,481,665,614,468,501,573,855,862,823,870,720,823,756,868,811,793,797,756,785,733,614,709,863,679,791,800,823,658,835,775,808,785,793,845,696,725,658,676,773,671,681,858,793,650,860,810,767,807,736,693,763,636,791,664,692,812,572,745,787,725,642,699,681,550,634,720,865,805,669,679,795,610,728,741,716,560,693,589,666,739,731,657,667,649,738,655,839,744,783,736,615,775,
RegressionTest0::test026 ,661,648,637,683,675,682,675,673,669,365,372,248,305,352,291,421,186,427,316,412,400,478,321,389,321,341,329,445,529,377,540,383,377,436,0,265,314,334,377,346,581,558,477,494,389,614,376,318,539,333,490,376,314,375,597,380,390,350,341,381,375,476,398,397,453,346,320,543,403,107,371,419,350,328,472,454,369,373,413,531,627,336,572,115,317,336,488,406,315,311,286,346,253,379,371,559,396,377,315,543,401,407,419,250,441,373,377,369,595,416,390,360,537,561,296,384,318,313,538,393,314,360,353,372,559,451,261,174,561,179,369,187,369,424,254,337,441,403,315,312,363,632,640,602,646,497,600,532,644,588,573,573,536,564,519,411,487,641,471,569,571,599,458,612,555,589,564,571,625,485,512,437,462,556,462,487,635,570,441,636,590,546,586,520,467,539,430,568,471,482,587,367,521,564,509,443,488,479,423,416,496,641,582,448,472,571,433,508,520,505,370,474,395,462,518,507,434,456,462,517,440,616,517,564,512,417,558,
RegressionTest0::test027 ,699,688,678,724,717,722,716,715,709,355,421,279,341,397,306,447,322,468,362,443,455,531,331,428,383,354,353,480,544,370,560,395,358,357,265,0,371,322,358,369,616,578,520,495,399,596,429,362,571,370,477,408,293,411,622,366,417,387,348,391,394,493,423,392,459,325,300,392,374,278,361,451,343,338,479,481,393,366,333,537,665,385,604,267,308,318,495,429,345,353,320,360,274,389,369,588,379,411,321,561,426,448,415,290,475,408,360,327,632,382,388,370,570,591,353,368,344,371,555,427,353,397,397,352,576,448,215,318,506,323,412,323,415,455,281,337,475,433,339,342,385,671,680,642,684,538,636,577,683,628,611,613,576,601,554,440,531,680,509,609,612,638,474,651,593,629,605,610,662,518,549,482,502,591,508,522,674,608,481,675,629,585,623,565,508,581,465,610,505,522,627,412,565,604,549,472,523,520,456,457,538,679,621,491,517,613,475,551,563,546,391,514,456,505,559,555,479,500,478,559,481,655,559,603,555,445,597,
