:,RegressionTest0::test01,RegressionTest0::test02,RegressionTest0::test03,RegressionTest0::test04,RegressionTest0::test05,RegressionTest0::test06,RegressionTest0::test07,RegressionTest0::test08,RegressionTest0::test09,RegressionTest0::test10,RegressionTest0::test11,RegressionTest0::test12,RegressionTest0::test13,RegressionTest0::test14,RegressionTest0::test15,RegressionTest0::test16,RegressionTest0::test17,RegressionTest0::test18,RegressionTest0::test19,RegressionTest0::test20,RegressionTest0::test21,RegressionTest0::test22,RegressionTest0::test23,RegressionTest0::test24,RegressionTest0::test25,RegressionTest0::test26,RegressionTest0::test27,RegressionTest0::test28,RegressionTest0::test29,RegressionTest0::test30,RegressionTest0::test31,RegressionTest0::test32,RegressionTest0::test33,RegressionTest0::test34,RegressionTest0::test35,RegressionTest0::test36,RegressionTest0::test37,RegressionTest0::test38,RegressionTest0::test39,RegressionTest0::test40,RegressionTest0::test41,RegressionTest0::test42,RegressionTest0::test43,RegressionTest0::test44,RegressionTest0::test45,RegressionTest0::test46,RegressionTest0::test47,RegressionTest0::test48,RegressionTest0::test49,RegressionTest0::test50,RegressionTest0::test51,RegressionTest0::test52,RegressionTest0::test53,RegressionTest0::test54,RegressionTest0::test55,RegressionTest0::test56,RegressionTest0::test57,RegressionTest0::test58,RegressionTest0::test59,RegressionTest0::test60,RegressionTest0::test61,RegressionTest0::test62,RegressionTest0::test63,RegressionTest0::test64,RegressionTest0::test65,RegressionTest0::test66,RegressionTest0::test67,RegressionTest0::test68,RegressionTest0::test69,RegressionTest0::test70,SimplexSolverTest::testDegeneracy,SimplexSolverTest::testEpsilon,SimplexSolverTest::testInfeasibleSolution,SimplexSolverTest::testLargeModel,SimplexSolverTest::testMath272,SimplexSolverTest::testMath286,SimplexSolverTest::testMath288,SimplexSolverTest::testMath290GEQ,SimplexSolverTest::testMath290LEQ,SimplexSolverTest::testMath293,SimplexSolverTest::testMath434NegativeVariable,SimplexSolverTest::testMath434PivotRowSelection,SimplexSolverTest::testMath434PivotRowSelection2,SimplexSolverTest::testMath434UnfeasibleSolution,SimplexSolverTest::testMath713NegativeVariable,SimplexSolverTest::testMinimization,SimplexSolverTest::testModelWithNoArtificialVars,SimplexSolverTest::testRestrictVariablesToNonNegative,SimplexSolverTest::testSimplexSolver,SimplexSolverTest::testSingleVariableAndConstraint,SimplexSolverTest::testSolutionWithNegativeDecisionVariable,SimplexSolverTest::testTrivialModel,SimplexSolverTest::testUnboundedSolution,SimplexTableauTest::testDropPhase1Objective,SimplexTableauTest::testInitialization,SimplexTableauTest::testSerial,SimplexTableauTest::testTableauWithNoArtificialVars,SimplexTableau_ESTest::test00,SimplexTableau_ESTest::test01,SimplexTableau_ESTest::test02,SimplexTableau_ESTest::test03,SimplexTableau_ESTest::test04,SimplexTableau_ESTest::test05,SimplexTableau_ESTest::test06,SimplexTableau_ESTest::test07,SimplexTableau_ESTest::test08,SimplexTableau_ESTest::test09,SimplexTableau_ESTest::test10,SimplexTableau_ESTest::test11,SimplexTableau_ESTest::test12,SimplexTableau_ESTest::test13,SimplexTableau_ESTest::test14,SimplexTableau_ESTest::test15,SimplexTableau_ESTest::test16,SimplexTableau_ESTest::test17,SimplexTableau_ESTest::test18,SimplexTableau_ESTest::test19,SimplexTableau_ESTest::test20,SimplexTableau_ESTest::test21,SimplexTableau_ESTest::test22,SimplexTableau_ESTest::test23,SimplexTableau_ESTest::test24,SimplexTableau_ESTest::test25,
RegressionTest0::test01 ,0,1,99,46,120,55,750,479,397,798,488,266,355,311,382,305,346,175,647,92,319,554,203,344,673,456,544,211,96,657,350,96,430,523,343,360,300,669,122,473,498,625,641,549,168,46,458,251,557,461,122,533,638,474,518,369,625,577,349,145,186,287,58,57,231,461,343,164,425,65,83,116,64,2100,116,277,161,68,66,540,99,74,436,71,72,95,93,214,93,62,77,67,65,156,236,65,235,58,55,63,54,56,54,59,57,62,54,55,64,56,62,56,52,54,54,54,59,66,58,54,53,57,60,
RegressionTest0::test02 ,1,0,99,47,120,55,750,479,397,798,488,266,355,311,382,305,346,175,647,92,319,554,203,344,673,456,544,211,96,657,350,96,430,523,343,360,300,669,122,473,498,625,641,549,168,47,458,251,557,461,122,533,638,474,518,369,625,576,348,145,186,287,58,58,231,461,343,164,425,66,84,116,65,2100,116,277,161,69,67,540,100,74,436,72,73,96,94,214,94,63,78,68,66,156,236,66,235,59,55,64,55,57,55,60,57,63,54,56,65,57,63,57,52,55,54,54,60,67,59,54,53,57,61,
RegressionTest0::test03 ,99,99,0,100,22,93,686,420,342,729,430,239,310,281,343,278,317,143,596,109,278,507,179,315,621,390,490,172,107,606,320,107,392,468,298,307,264,619,122,424,452,577,591,500,150,115,409,209,503,415,116,484,587,421,468,328,572,527,304,133,167,253,130,118,191,401,314,154,378,118,137,142,142,2076,142,262,166,135,144,514,138,135,419,141,134,140,139,205,139,135,136,142,145,162,226,150,226,142,141,139,140,144,141,132,144,138,139,140,131,140,132,132,136,137,130,132,132,122,123,131,130,129,129,
RegressionTest0::test04 ,46,47,100,0,113,35,740,469,389,784,473,266,351,312,379,305,341,166,639,96,313,549,205,339,665,444,531,204,80,648,344,80,431,517,336,346,297,662,118,465,487,616,632,541,172,47,455,242,546,453,106,521,630,465,510,369,615,568,343,142,181,280,66,65,222,452,338,163,416,75,81,113,71,2098,114,274,157,73,76,533,99,80,431,78,77,93,94,211,94,68,77,75,75,158,235,78,233,70,68,76,68,68,68,68,68,72,67,69,71,70,70,64,65,68,62,64,63,67,66,63,63,63,64,
RegressionTest0::test05 ,120,120,22,113,0,105,668,406,330,710,412,232,304,279,337,273,314,147,583,124,264,493,187,312,606,372,472,179,115,593,316,115,386,451,293,290,258,604,135,413,436,563,575,486,164,135,406,197,489,411,116,468,574,413,454,324,556,511,293,134,157,247,149,137,191,387,311,158,365,137,155,152,161,2071,157,262,171,155,164,509,155,152,418,156,155,153,152,204,152,156,152,161,163,173,227,170,226,162,160,160,160,162,161,150,162,157,159,160,150,159,150,152,156,157,150,152,150,141,142,151,150,149,145,
RegressionTest0::test06 ,55,55,93,35,105,0,728,459,380,774,465,258,341,302,369,297,333,165,630,102,304,532,198,331,651,437,523,195,86,639,336,86,425,504,329,341,288,648,112,451,474,603,617,527,164,62,446,235,539,444,108,509,621,449,498,359,606,553,334,137,176,269,83,74,214,443,330,154,400,78,89,114,86,2089,116,269,157,88,90,523,103,89,428,91,88,94,94,206,94,84,84,90,90,156,231,94,229,84,83,90,84,85,83,82,85,85,83,84,82,84,84,76,79,82,75,76,79,80,80,75,76,77,78,
RegressionTest0::test07 ,750,750,686,740,668,728,0,563,558,497,535,593,540,580,543,580,566,642,518,697,570,484,628,565,470,451,491,604,678,505,564,678,530,482,538,540,564,465,687,478,482,448,473,465,641,754,511,584,507,518,656,476,517,473,483,526,510,469,528,655,623,572,763,742,592,547,564,656,500,736,748,718,775,1923,722,669,699,757,776,642,732,757,662,760,757,736,737,672,736,771,747,772,776,715,703,800,701,789,785,781,785,791,789,771,789,776,784,784,767,782,771,775,782,782,776,774,771,752,760,774,774,771,765,
RegressionTest0::test08 ,479,479,420,469,406,459,563,0,188,544,200,362,328,298,280,299,307,375,372,431,290,386,339,306,401,344,328,365,439,386,307,439,291,361,327,267,292,397,414,363,357,409,418,390,370,483,315,359,302,356,421,324,364,373,365,326,272,383,354,395,362,360,487,468,368,232,306,381,346,464,480,454,504,1984,460,423,441,492,505,515,465,486,442,491,489,470,472,422,471,502,481,502,505,455,455,525,447,514,513,511,512,516,514,502,516,507,512,511,499,511,501,502,507,510,503,499,498,482,490,500,503,499,495,
RegressionTest0::test09 ,397,397,342,389,330,380,558,188,0,569,137,292,274,234,240,234,256,299,408,350,188,359,255,255,454,322,305,284,355,420,252,355,233,346,267,184,230,450,334,324,327,421,436,358,293,403,251,284,330,303,340,299,402,324,333,281,318,369,284,318,286,289,408,388,282,277,254,297,296,383,401,377,426,2004,381,358,368,410,426,485,387,409,394,412,410,392,393,350,393,422,402,422,426,379,380,445,373,435,433,432,433,437,435,421,436,428,432,434,417,431,420,423,427,430,423,421,416,403,411,421,423,419,414,
RegressionTest0::test10 ,798,798,729,784,710,774,497,544,569,0,534,655,611,636,608,636,645,687,558,750,604,565,678,644,537,492,540,662,755,539,642,755,597,550,603,583,632,537,738,545,551,540,533,537,701,806,578,641,502,590,735,531,555,537,520,609,520,541,592,705,685,641,813,789,650,545,643,718,567,787,804,779,830,1929,782,729,766,812,831,712,787,810,720,816,808,795,794,732,793,825,804,826,831,778,763,851,762,838,836,833,837,842,839,823,838,829,835,832,819,832,822,824,832,835,825,822,822,799,810,822,824,820,815,
RegressionTest0::test11 ,488,488,430,473,412,465,535,200,137,534,0,364,339,306,298,308,326,380,406,440,274,354,346,324,425,314,266,368,443,414,323,443,307,351,326,232,303,419,424,359,343,399,410,382,381,494,319,345,330,340,426,296,398,359,348,333,301,351,339,405,368,363,499,479,358,296,324,388,342,475,489,464,515,1980,469,437,451,500,516,500,475,494,446,499,499,479,480,428,481,511,489,511,516,467,465,535,458,525,523,521,523,527,525,511,526,517,522,523,505,521,510,512,517,520,511,510,505,491,499,510,512,507,504,
RegressionTest0::test12 ,266,266,239,266,232,258,593,362,292,655,364,0,177,165,227,169,143,202,458,210,239,340,174,141,476,352,363,165,253,464,146,253,271,357,185,266,158,476,193,318,310,426,442,351,111,278,292,168,419,278,249,380,449,299,321,205,462,388,219,183,111,190,270,253,162,364,140,129,259,248,265,240,291,2023,244,249,237,280,293,460,254,277,369,281,281,259,259,222,258,290,270,290,293,256,261,315,264,303,300,302,304,306,303,290,303,298,301,300,288,299,290,296,298,301,295,293,291,277,285,293,293,291,289,
RegressionTest0::test13 ,355,355,310,351,304,341,540,328,274,611,339,177,0,165,192,164,188,248,382,296,229,285,237,187,408,347,300,207,322,392,190,322,239,288,225,255,172,403,272,215,243,357,370,304,227,363,259,193,363,243,313,313,373,226,253,160,392,319,200,253,214,229,359,336,195,343,187,245,178,328,353,328,379,1997,331,303,308,367,380,454,339,365,362,368,364,346,346,288,345,378,357,378,380,332,339,403,329,390,387,389,391,394,390,377,390,385,388,387,375,386,377,380,384,389,380,378,378,363,370,378,378,377,372,
RegressionTest0::test14 ,311,311,281,312,279,302,580,298,234,636,306,165,165,0,150,14,147,220,404,251,144,325,182,147,448,363,317,159,290,417,148,290,200,325,234,207,80,445,235,294,266,391,398,338,194,321,227,169,374,157,282,351,397,294,283,203,397,362,207,209,194,181,317,294,165,363,146,198,248,285,308,285,335,2010,289,264,266,325,337,451,298,321,356,324,325,302,302,247,301,334,313,334,337,284,288,360,279,347,347,347,348,351,349,335,349,339,347,346,330,345,336,338,344,346,340,337,332,320,328,337,338,334,329,
RegressionTest0::test15 ,382,382,343,379,337,369,543,280,240,608,298,227,192,150,0,153,165,284,356,321,221,314,244,164,401,352,237,236,353,368,161,353,143,312,220,236,149,395,302,274,275,350,383,296,259,389,170,243,352,238,347,334,348,261,275,186,341,316,233,278,256,238,387,361,241,360,163,272,222,354,375,351,404,1985,357,302,317,393,405,443,364,388,359,391,389,367,367,292,366,402,380,403,405,349,350,430,335,415,416,415,418,422,419,403,419,411,416,415,401,414,404,406,413,417,407,406,404,385,395,406,406,402,398,
RegressionTest0::test16 ,305,305,278,305,273,297,580,299,234,636,308,169,164,14,153,0,150,216,405,244,144,329,176,148,450,362,317,153,283,415,152,283,201,329,230,210,81,446,228,294,266,391,401,336,189,316,226,161,372,160,276,354,396,293,281,196,399,363,200,203,189,181,310,287,159,365,148,191,244,278,302,279,328,2012,283,261,259,319,330,450,291,315,353,317,319,296,296,239,295,328,307,328,330,278,282,353,273,340,340,340,341,344,342,328,342,332,340,339,323,338,329,331,337,339,333,330,325,313,321,330,331,327,322,
RegressionTest0::test17 ,346,346,317,341,314,333,566,307,256,645,326,143,188,147,165,150,0,265,394,295,234,302,219,5,448,376,299,232,334,407,13,334,213,325,213,233,160,444,260,309,287,377,398,347,197,349,237,226,388,237,330,360,388,304,293,200,408,356,239,258,200,222,343,325,228,381,5,197,257,320,334,311,362,1998,314,268,274,352,364,451,325,347,355,350,353,329,329,253,328,361,341,361,364,304,310,387,299,372,374,374,376,378,377,360,375,369,373,372,359,370,360,365,370,373,366,364,361,349,357,364,364,359,358,
RegressionTest0::test18 ,175,175,143,166,147,165,642,375,299,687,380,202,248,220,284,216,265,0,531,138,230,443,137,263,555,376,430,138,162,541,267,162,330,411,250,254,209,553,135,362,389,512,525,440,140,182,357,159,445,358,159,422,521,366,405,269,511,465,237,125,143,201,182,163,150,382,262,139,317,160,192,179,205,2054,179,246,182,190,203,482,178,193,391,195,193,186,186,191,186,201,187,200,203,186,222,220,219,210,209,209,210,212,210,197,212,207,209,211,199,208,198,201,205,209,200,201,198,190,193,201,201,196,194,
RegressionTest0::test19 ,647,647,596,639,583,630,518,372,408,558,406,458,382,404,356,405,394,531,0,590,432,330,514,395,356,463,333,480,605,34,390,605,331,360,443,431,404,355,557,386,360,304,295,343,517,657,346,463,410,334,590,382,14,384,340,371,304,316,413,538,503,454,656,631,469,454,394,533,378,622,642,616,671,1909,621,536,579,658,675,541,630,652,519,656,655,632,633,543,632,669,646,670,675,596,586,698,568,684,681,681,685,687,684,668,684,676,682,680,665,679,669,672,678,683,673,671,669,651,661,671,671,668,664,
RegressionTest0::test20 ,92,92,109,96,124,102,697,431,350,750,440,210,296,251,321,244,295,138,590,0,277,500,156,293,615,420,480,147,108,600,299,108,377,475,298,313,239,610,71,419,440,568,584,489,111,95,405,185,503,400,128,484,581,412,458,315,577,518,292,83,131,237,86,77,165,430,292,111,364,78,109,116,117,2076,119,249,144,102,110,502,105,112,406,113,100,109,111,189,110,108,106,108,110,137,206,130,211,124,122,121,124,126,125,115,124,121,121,122,115,121,117,118,121,123,118,117,113,105,107,117,117,116,110,
RegressionTest0::test21 ,319,319,278,313,264,304,570,290,188,604,274,239,229,144,221,144,234,230,432,277,0,376,184,233,468,333,331,215,284,442,236,284,254,335,219,167,175,466,258,294,318,431,443,357,219,330,279,224,349,259,267,347,423,315,343,249,398,388,247,246,213,226,332,312,220,330,232,222,269,307,327,305,349,2013,308,295,294,337,349,466,311,333,379,336,334,320,321,277,321,347,328,347,349,300,303,368,299,356,356,354,356,360,357,345,359,349,355,356,340,355,345,345,350,354,346,346,343,328,334,346,346,341,339,
RegressionTest0::test22 ,554,554,507,549,493,532,484,386,359,565,354,340,285,325,314,329,302,443,330,500,376,0,433,302,332,390,323,399,516,333,298,516,297,183,354,358,325,333,477,243,184,201,208,300,412,565,290,363,360,252,501,190,324,276,278,302,381,84,327,449,398,369,562,540,378,409,302,429,231,534,552,527,579,1928,529,465,493,568,582,490,537,563,474,566,564,545,545,461,544,578,556,579,581,514,512,606,501,593,589,589,593,595,592,577,593,587,591,589,575,588,577,582,587,591,583,580,576,558,569,580,581,578,572,
RegressionTest0::test23 ,203,203,179,205,187,198,628,339,255,678,346,174,237,182,244,176,219,137,514,156,184,433,0,217,547,365,398,158,187,524,225,187,301,404,169,217,170,543,144,354,371,497,515,426,118,205,328,185,418,331,185,407,504,361,396,259,483,453,258,155,136,194,208,191,162,376,216,104,313,188,203,187,225,2051,189,239,184,214,224,478,190,211,375,212,216,198,198,192,198,223,204,222,225,188,210,245,214,236,236,231,235,239,238,225,238,229,234,233,218,232,226,227,231,234,227,226,221,213,216,226,227,223,221,
RegressionTest0::test24 ,344,344,315,339,312,331,565,306,255,644,324,141,187,147,164,148,5,263,395,293,233,302,217,0,448,375,299,230,331,407,15,331,213,326,212,234,158,443,258,308,288,378,400,346,195,347,238,224,387,238,328,358,388,303,291,198,409,357,237,256,198,219,341,323,226,380,3,195,256,318,332,310,360,1997,313,266,272,350,362,451,323,345,354,348,351,327,327,251,326,359,339,359,362,302,308,385,297,370,372,372,374,376,375,358,373,368,371,370,357,368,358,363,368,371,364,362,359,348,355,362,362,357,356,
RegressionTest0::test25 ,673,673,621,665,606,651,470,401,454,537,425,476,408,448,401,450,448,555,356,615,468,332,547,448,0,458,377,512,629,343,446,629,378,364,448,446,442,12,594,337,346,331,346,167,551,684,367,495,369,363,609,377,353,229,340,401,361,304,403,565,536,457,682,658,495,474,447,569,258,648,670,643,698,1909,646,571,610,684,701,568,655,679,559,683,682,661,661,573,660,696,673,697,701,627,619,725,604,711,708,707,711,715,711,695,711,702,709,708,692,706,694,699,706,709,699,699,695,679,687,699,698,695,690,
RegressionTest0::test26 ,456,456,390,444,372,437,451,344,322,492,314,352,347,363,352,362,376,376,463,420,333,390,365,375,458,0,365,355,391,465,374,391,363,379,323,316,349,454,413,342,353,416,449,360,383,456,365,340,369,367,370,368,455,316,355,346,446,392,322,387,365,362,467,449,343,334,375,401,334,444,465,449,483,1975,453,429,447,468,486,502,455,468,454,473,466,457,457,426,457,478,463,480,487,457,452,502,449,493,489,487,491,494,491,478,492,486,490,489,476,489,478,479,488,488,482,478,479,459,469,478,481,478,473,
RegressionTest0::test27 ,544,544,490,531,472,523,491,328,305,540,266,363,300,317,237,317,299,430,333,480,331,323,398,299,377,365,0,394,501,352,294,501,264,325,343,298,311,369,465,320,301,336,358,322,418,550,274,371,317,313,485,351,335,313,305,308,348,305,338,437,405,355,550,524,382,389,298,432,281,517,537,510,567,1947,514,451,476,553,569,498,523,546,457,549,551,528,528,446,527,564,541,565,568,507,499,591,485,576,576,575,579,583,579,561,579,569,575,574,559,573,561,564,571,576,565,565,563,545,555,565,564,560,558,
RegressionTest0::test28 ,211,211,172,204,179,195,604,365,284,662,368,165,207,159,236,153,232,138,480,147,215,399,158,230,512,355,394,0,187,488,234,187,293,385,228,250,135,508,124,328,334,461,477,390,108,219,299,100,410,290,171,392,471,314,346,241,483,420,217,97,100,172,214,189,52,362,229,118,273,181,217,199,235,2039,201,238,195,222,235,469,201,226,383,228,221,210,212,192,211,232,214,232,235,215,229,255,230,246,244,246,247,250,247,236,247,241,244,244,232,244,235,236,241,246,236,235,234,222,226,235,235,234,229,
RegressionTest0::test29 ,96,96,107,80,115,86,678,439,355,755,443,253,322,290,353,283,334,162,605,108,284,516,187,331,629,391,501,187,0,614,336,0,404,484,301,321,276,625,122,430,455,582,594,508,161,87,428,223,506,427,29,489,596,430,475,341,580,529,313,129,170,266,116,107,199,417,330,163,381,108,120,123,123,2080,126,267,161,119,126,519,121,120,421,121,117,117,119,208,118,120,117,126,126,162,234,132,232,128,127,125,126,129,127,121,129,122,126,125,118,124,121,119,123,125,120,123,122,115,113,122,121,120,116,
RegressionTest0::test30 ,657,657,606,648,593,639,505,386,420,539,414,464,392,417,368,415,407,541,34,600,442,333,524,407,343,465,352,488,614,0,406,614,343,361,438,443,416,343,567,384,362,308,301,345,528,667,326,474,411,335,594,377,28,372,333,383,320,318,416,549,510,464,666,641,479,468,406,544,390,632,651,625,681,1908,630,544,588,668,685,549,639,662,528,666,664,641,642,553,641,679,656,680,685,605,595,708,577,694,691,692,695,697,694,678,694,686,692,690,675,689,679,682,688,693,683,681,679,659,670,681,681,678,674,
RegressionTest0::test31 ,350,350,320,344,316,336,564,307,252,642,323,146,190,148,161,152,13,267,390,299,236,298,225,15,446,374,294,234,336,406,0,336,209,325,213,235,160,441,263,308,284,370,395,346,201,354,231,229,384,231,332,354,386,304,292,200,404,348,236,261,203,225,347,329,232,379,13,201,259,323,338,316,366,1995,319,270,278,356,368,452,329,351,356,354,357,332,332,256,331,365,344,365,368,308,315,391,304,376,378,378,380,382,381,364,379,374,377,376,363,374,364,369,374,377,370,368,365,354,361,368,368,363,362,
RegressionTest0::test32 ,96,96,107,80,115,86,678,439,355,755,443,253,322,290,353,283,334,162,605,108,284,516,187,331,629,391,501,187,0,614,336,0,404,484,301,321,276,625,122,430,455,582,594,508,161,87,428,223,506,427,29,489,596,430,475,341,580,529,313,129,170,266,116,107,199,417,330,163,381,108,120,123,123,2080,126,267,161,119,126,519,121,120,421,121,117,117,119,208,118,120,117,126,126,162,234,132,232,128,127,125,126,129,127,121,129,122,126,125,118,124,121,119,123,125,120,123,122,115,113,122,121,120,116,
RegressionTest0::test33 ,430,430,392,431,386,425,530,291,233,597,307,271,239,200,143,201,213,330,331,377,254,297,301,213,378,363,264,293,404,343,209,404,0,299,269,276,206,371,359,265,267,339,356,316,310,440,32,289,353,257,398,321,324,290,294,194,304,315,241,336,308,290,438,417,290,377,212,328,265,409,429,405,456,1972,410,341,369,445,459,453,417,437,364,440,443,422,422,339,421,454,434,456,458,396,392,481,379,465,465,463,468,470,468,453,467,461,465,464,451,462,452,457,462,465,457,455,452,436,445,455,455,452,447,
RegressionTest0::test34 ,523,523,468,517,451,504,482,361,346,550,351,357,288,325,312,329,325,411,360,475,335,183,404,326,364,379,325,385,484,361,325,484,299,0,322,329,325,361,460,212,143,239,240,276,412,536,298,355,345,280,469,195,356,251,300,303,356,177,305,430,403,341,538,518,371,378,326,431,207,512,526,501,553,1945,503,448,470,541,556,482,511,534,457,537,538,519,519,439,518,552,531,552,555,492,488,577,483,565,564,561,564,568,565,549,567,556,564,561,547,561,549,553,558,563,554,553,548,530,539,554,555,550,541,
RegressionTest0::test35 ,343,343,298,336,293,329,538,327,267,603,326,185,225,234,220,230,213,250,443,298,219,354,169,212,448,323,343,228,301,438,213,301,269,322,0,220,217,445,277,302,308,404,421,348,227,344,271,234,340,245,292,334,436,295,318,214,389,365,236,270,216,234,353,333,224,334,211,238,265,328,340,317,365,2004,318,299,309,355,367,461,329,352,374,352,354,334,334,286,333,364,345,364,367,314,319,390,324,379,376,373,376,380,379,364,380,371,376,375,360,374,363,366,373,375,369,367,364,345,355,367,368,364,358,
RegressionTest0::test36 ,360,360,307,346,290,341,540,267,184,583,232,266,255,207,236,210,233,254,431,313,167,358,217,234,446,316,298,250,321,443,235,321,276,329,220,0,201,443,292,300,292,414,423,346,256,359,294,244,346,300,307,330,423,311,341,254,392,374,266,281,250,245,368,348,239,298,232,258,264,343,360,339,385,2003,341,324,330,373,386,472,345,366,386,371,371,353,354,306,354,382,364,382,386,339,345,405,340,396,393,390,393,395,394,380,395,386,392,393,377,390,380,381,389,391,383,380,378,363,370,380,384,377,373,
RegressionTest0::test37 ,300,300,264,297,258,288,564,292,230,632,303,158,172,80,149,81,160,209,404,239,175,325,170,158,442,349,311,135,276,416,160,276,206,325,217,201,0,440,216,295,279,394,406,331,189,308,233,152,374,219,268,357,396,279,287,200,401,354,197,188,187,172,305,279,135,352,158,189,231,272,297,273,322,2008,276,250,251,312,325,451,286,310,356,313,310,289,289,233,288,322,301,322,325,275,280,347,266,334,334,334,336,339,336,322,336,327,333,334,319,333,322,326,331,335,326,325,320,309,316,325,325,321,315,
RegressionTest0::test38 ,669,669,619,662,604,648,465,397,450,537,419,476,403,445,395,446,444,553,355,610,466,333,543,443,12,454,369,508,625,343,441,625,371,361,445,443,440,0,589,334,343,332,350,162,546,680,362,487,367,358,605,371,353,224,337,398,357,300,399,560,531,454,677,653,491,470,442,564,253,644,665,638,693,1909,641,567,605,679,696,563,650,674,554,678,677,656,656,569,655,691,668,692,696,622,615,720,600,706,703,702,706,710,706,690,706,697,704,703,687,702,690,694,701,705,695,695,690,675,682,695,694,690,685,
RegressionTest0::test39 ,122,122,122,118,135,112,687,414,334,738,424,193,272,235,302,228,260,135,557,71,258,477,144,258,594,413,465,124,122,567,263,122,359,460,277,292,216,589,0,402,419,549,565,467,100,122,387,170,491,383,137,468,548,390,440,296,559,496,277,69,119,212,110,85,145,420,257,82,342,76,126,121,136,2070,123,245,150,123,134,496,116,129,396,133,124,121,122,182,121,130,121,131,133,144,207,153,210,143,144,143,146,147,146,135,144,141,142,142,135,142,136,139,142,144,138,137,137,132,133,137,137,135,134,
RegressionTest0::test40 ,473,473,424,465,413,451,478,363,324,545,359,318,215,294,274,294,309,362,386,419,294,243,354,308,337,342,320,328,430,384,308,430,265,212,302,300,295,334,402,0,187,312,327,218,358,478,254,296,356,289,412,230,376,148,255,265,376,258,214,371,345,307,481,461,313,354,307,375,148,455,471,442,496,1959,446,401,421,485,498,469,454,477,422,479,481,462,462,396,461,494,473,495,498,444,442,519,438,509,505,499,506,509,507,492,509,498,507,505,487,504,493,495,502,506,497,494,493,477,484,494,497,494,487,
RegressionTest0::test41 ,498,498,452,487,436,474,482,357,327,551,343,310,243,266,275,266,287,389,360,440,318,184,371,288,346,353,301,334,455,362,284,455,267,143,308,292,279,343,419,187,0,244,248,255,369,505,267,300,327,238,440,193,352,216,253,265,356,184,267,376,356,318,503,481,318,369,287,385,173,476,495,468,522,1950,469,418,439,509,524,465,481,506,428,509,504,486,486,409,485,520,497,520,523,465,460,547,451,534,530,532,534,537,533,518,534,527,532,531,516,530,519,523,528,533,524,522,519,502,510,522,522,518,515,
RegressionTest0::test42 ,625,625,577,616,563,603,448,409,421,540,399,426,357,391,350,391,377,512,304,568,431,201,497,378,331,416,336,461,582,308,370,582,339,239,404,414,394,332,549,312,244,0,73,319,493,635,323,436,379,298,568,249,299,344,314,355,384,201,391,516,478,438,631,609,448,470,377,510,301,602,620,593,647,1916,596,524,560,635,651,523,604,631,516,634,632,611,611,527,610,645,623,647,650,577,571,674,557,660,658,659,661,664,661,646,661,652,659,658,644,658,646,649,654,659,650,648,644,627,635,648,648,644,639,
RegressionTest0::test43 ,641,641,591,632,575,617,473,418,436,533,410,442,370,398,383,401,398,525,295,584,443,208,515,400,346,449,358,477,594,301,395,594,356,240,421,423,406,350,565,327,248,73,0,346,509,651,341,446,390,291,580,269,293,358,315,378,369,191,400,532,495,451,649,625,464,474,399,526,314,619,638,612,666,1914,614,537,579,653,669,538,623,648,532,651,649,630,630,542,629,665,641,665,668,592,588,692,572,679,676,677,679,682,679,664,679,671,677,676,660,676,664,667,672,677,668,666,663,643,654,666,666,664,658,
RegressionTest0::test44 ,549,549,500,541,486,527,465,390,358,537,382,351,304,338,296,336,347,440,343,489,357,300,426,346,167,360,322,390,508,345,346,508,316,276,348,346,331,162,467,218,255,319,346,0,426,557,321,379,378,315,486,293,337,115,294,295,361,286,282,440,411,342,555,531,380,395,345,443,132,521,543,518,571,1931,522,460,486,559,574,493,532,554,470,557,557,535,535,454,534,570,547,571,574,512,510,598,498,586,583,582,586,589,586,570,586,576,584,582,566,581,570,574,580,584,576,574,570,554,562,574,574,570,566,
RegressionTest0::test45 ,168,168,150,172,164,164,641,370,293,701,381,111,227,194,259,189,197,140,517,111,219,412,118,195,551,383,418,108,161,528,201,161,310,412,227,256,189,546,100,358,369,493,509,426,0,182,336,126,446,325,162,425,509,352,384,255,510,453,236,105,21,190,168,155,111,394,194,34,304,150,174,159,190,2051,160,231,163,178,192,475,158,182,382,184,181,169,170,186,169,190,171,189,192,180,205,214,214,203,200,203,203,205,203,192,204,200,201,199,190,199,192,196,199,201,196,192,191,178,186,193,194,192,190,
RegressionTest0::test46 ,46,47,115,47,135,62,754,483,403,806,494,278,363,321,389,316,349,182,657,95,330,565,205,347,684,456,550,219,87,667,354,87,440,536,344,359,308,680,122,478,505,635,651,557,182,0,468,257,557,470,114,541,648,481,525,379,632,585,357,149,200,295,56,57,239,462,346,167,432,63,87,118,68,2099,118,279,170,69,68,544,100,73,439,72,73,96,97,217,97,63,79,66,67,161,242,67,242,65,66,65,64,66,66,62,65,62,66,65,66,62,61,63,63,66,64,65,65,80,71,65,65,64,68,
RegressionTest0::test47 ,458,458,409,455,406,446,511,315,251,578,319,292,259,227,170,226,237,357,346,405,279,290,328,238,367,365,274,299,428,326,231,428,32,298,271,294,233,362,387,254,267,323,341,321,336,468,0,313,343,253,410,317,340,285,280,220,321,306,260,363,321,315,466,445,299,397,237,355,264,438,456,432,484,1963,436,362,396,472,486,464,444,465,386,467,469,448,449,365,448,482,462,482,486,423,418,509,405,493,492,491,496,498,495,480,495,488,493,492,478,490,479,483,488,493,483,481,480,463,471,481,481,479,475,
RegressionTest0::test48 ,251,251,209,242,197,235,584,359,284,641,345,168,193,169,243,161,226,159,463,185,224,363,185,224,495,340,371,100,223,474,229,223,289,355,234,244,152,487,170,296,300,436,446,379,126,257,313,0,406,281,211,368,455,303,274,230,466,395,202,149,120,168,252,230,70,351,223,143,256,224,256,236,275,2030,241,258,234,261,275,461,239,262,379,266,262,249,250,220,249,272,252,272,275,249,257,296,259,286,284,286,287,289,286,276,286,282,284,284,273,283,275,277,283,285,278,277,274,261,267,276,276,275,270,
RegressionTest0::test49 ,557,557,503,546,489,539,507,302,330,502,330,419,363,374,352,372,388,445,410,503,349,360,418,387,369,369,317,410,506,411,384,506,353,345,340,346,374,367,491,356,327,379,390,378,446,557,343,406,0,347,488,335,407,360,328,359,361,344,380,461,440,405,566,544,406,366,387,462,341,540,556,529,581,1966,533,491,514,567,583,533,539,561,496,568,563,548,548,489,548,578,558,579,583,526,520,605,520,593,591,589,592,596,593,577,593,584,590,591,574,588,577,580,587,588,581,578,577,559,567,578,580,576,572,
RegressionTest0::test50 ,461,461,415,453,411,444,518,356,303,590,340,278,243,157,238,160,237,358,334,400,259,252,331,238,363,367,313,290,427,335,231,427,257,280,245,300,219,358,383,289,238,298,291,315,325,470,253,281,347,0,413,306,325,296,245,245,372,290,275,355,319,292,466,444,284,387,236,342,270,436,456,433,484,1967,435,373,398,473,486,461,445,470,387,472,472,449,449,368,448,483,461,483,486,419,417,511,400,497,495,496,497,500,497,483,498,488,496,495,478,493,483,486,493,496,488,486,481,466,474,486,487,482,476,
RegressionTest0::test51 ,122,122,116,106,116,108,656,421,340,735,426,249,313,282,347,276,330,159,590,128,267,501,185,328,609,370,485,171,29,594,332,29,398,469,292,307,268,605,137,412,440,568,580,486,162,114,410,211,488,413,0,475,581,411,454,333,561,515,296,133,159,261,142,132,186,399,327,166,366,130,144,143,149,2072,144,266,164,144,152,515,142,139,419,147,141,141,143,206,142,146,142,152,151,166,233,158,231,155,152,151,153,155,153,147,154,146,151,151,143,151,147,144,148,152,145,147,148,140,139,147,146,144,143,
RegressionTest0::test52 ,533,533,484,521,468,509,476,324,299,531,296,380,313,351,334,354,360,422,382,484,347,190,407,358,377,368,351,392,489,377,354,489,321,195,334,330,357,371,468,230,193,249,269,293,425,541,317,368,335,306,475,0,377,267,324,336,317,208,317,436,416,370,546,525,376,382,357,442,223,519,536,509,560,1952,513,463,487,549,562,495,520,542,471,545,545,528,529,457,528,559,539,558,561,496,496,583,495,572,571,568,570,574,572,557,573,563,570,569,553,569,557,560,566,568,561,559,554,536,546,559,561,556,550,
RegressionTest0::test53 ,638,638,587,630,574,621,517,364,402,555,398,449,373,397,348,396,388,521,14,581,423,324,504,388,353,455,335,471,596,28,386,596,324,356,436,423,396,353,548,376,352,299,293,337,509,648,340,455,407,325,581,377,0,379,331,364,301,313,405,530,495,445,647,622,460,446,387,524,371,613,632,607,662,1912,611,528,569,649,665,532,620,643,510,647,646,622,623,535,622,660,637,661,666,587,577,689,559,675,671,672,676,678,675,658,674,667,672,671,656,670,659,663,669,674,663,662,660,642,652,662,662,659,655,
RegressionTest0::test54 ,474,474,421,465,413,449,473,373,324,537,359,299,226,294,261,293,304,366,384,412,315,276,361,303,229,316,313,314,430,372,304,430,290,251,295,311,279,224,390,148,216,344,358,115,352,481,285,303,360,296,411,267,379,0,248,240,389,288,208,364,335,286,477,454,305,373,302,370,52,444,469,443,496,1957,446,397,420,482,497,460,455,481,424,483,479,460,460,392,459,493,471,494,497,447,449,520,437,508,506,505,510,512,508,493,509,502,506,505,491,504,493,497,504,508,499,497,494,475,484,497,497,494,489,
RegressionTest0::test55 ,518,518,468,510,454,498,483,365,333,520,348,321,253,283,275,281,293,405,340,458,343,278,396,291,340,355,305,346,475,333,292,475,294,300,318,341,287,337,440,255,253,314,315,294,384,525,280,274,328,245,454,324,331,248,0,271,355,287,296,409,369,341,524,501,324,392,291,405,262,495,516,491,544,1954,494,434,460,530,545,479,501,525,445,530,526,508,508,433,507,540,519,541,546,484,479,569,470,555,554,554,556,559,556,541,557,550,555,553,540,553,542,541,550,555,544,542,540,523,531,542,543,540,535,
RegressionTest0::test56 ,369,369,328,369,324,359,526,326,281,609,333,205,160,203,186,196,200,269,371,315,249,302,259,198,401,346,308,241,341,383,200,341,194,303,214,254,200,398,296,265,265,355,378,295,255,379,220,230,359,245,333,336,364,240,271,0,387,322,186,270,250,214,375,353,227,345,197,273,199,345,366,341,392,1988,345,295,309,381,395,445,353,376,350,380,381,357,358,290,357,392,370,393,395,341,343,418,329,404,404,401,406,409,407,391,406,396,404,403,387,402,390,396,401,404,397,395,392,375,383,395,395,392,388,
RegressionTest0::test57 ,625,625,572,615,556,606,510,272,318,520,301,462,392,397,341,399,408,511,304,577,398,381,483,409,361,446,348,483,580,320,404,580,304,356,389,392,401,357,559,376,356,384,369,361,510,632,321,466,361,372,561,317,301,389,355,387,0,358,416,533,505,456,638,616,469,419,408,528,381,610,623,597,651,1935,600,531,563,638,653,552,608,631,523,634,633,615,615,530,614,650,627,650,653,571,562,677,561,661,662,658,661,666,663,648,665,654,661,659,644,659,648,650,656,659,651,649,644,627,636,649,652,646,641,
RegressionTest0::test58 ,577,576,527,568,511,553,469,383,369,541,351,388,319,362,316,363,356,465,316,518,388,84,453,357,304,392,305,420,529,318,348,529,315,177,365,374,354,300,496,258,184,201,191,286,453,585,306,395,344,290,515,208,313,288,287,322,358,0,345,463,441,383,582,559,404,395,356,471,239,547,573,547,600,1923,551,484,515,588,603,498,558,583,486,585,583,565,565,479,564,598,577,600,602,535,532,626,520,613,611,611,615,617,614,597,613,607,611,609,596,608,598,602,606,613,602,602,597,580,588,602,601,597,592,
RegressionTest0::test59 ,349,348,304,343,293,334,528,354,284,592,339,219,200,207,233,200,239,237,413,292,247,327,258,237,403,322,338,217,313,416,236,313,241,305,236,266,197,399,277,214,267,391,400,282,236,357,260,202,380,275,296,317,405,208,296,186,416,345,0,253,222,217,354,333,211,352,235,255,195,323,350,326,374,1992,328,302,313,362,374,452,334,359,373,361,359,342,343,290,342,373,352,372,374,340,343,396,327,386,382,382,385,388,385,370,385,375,383,383,364,382,370,375,380,384,375,373,371,353,364,373,373,371,367,
RegressionTest0::test60 ,145,145,133,142,134,137,655,395,318,705,405,183,253,209,278,203,258,125,538,83,246,449,155,256,565,387,437,97,129,549,261,129,336,430,270,281,188,560,69,371,376,516,532,440,105,149,363,149,461,355,133,436,530,364,409,270,533,463,253,0,114,192,143,119,117,392,255,104,315,113,158,151,171,2057,151,241,157,154,169,486,149,163,393,164,156,154,155,191,154,165,157,165,169,167,208,188,215,179,177,178,179,181,180,167,179,175,177,178,166,175,168,173,176,178,172,170,168,161,164,171,171,168,165,
RegressionTest0::test61 ,186,186,167,181,157,176,623,362,286,685,368,111,214,194,256,189,200,143,503,131,213,398,136,198,536,365,405,100,170,510,203,170,308,403,216,250,187,531,119,345,356,478,495,411,21,200,321,120,440,319,159,416,495,335,369,250,505,441,222,114,0,194,187,173,112,381,197,54,293,169,193,177,209,2045,178,234,175,197,211,472,176,198,381,202,198,187,188,190,187,208,189,208,211,196,211,233,216,223,218,222,222,224,221,212,223,219,220,219,209,218,212,215,218,221,215,211,211,196,205,212,213,211,209,
RegressionTest0::test62 ,287,287,253,280,247,269,572,360,289,641,363,190,229,181,238,181,222,201,454,237,226,369,194,219,457,362,355,172,266,464,225,266,290,341,234,245,172,454,212,307,318,438,451,342,190,295,315,168,405,292,261,370,445,286,341,214,456,383,217,192,194,0,291,267,161,358,219,198,237,258,289,268,312,2022,271,259,261,300,313,460,274,300,369,302,299,282,282,238,281,309,289,310,313,272,274,334,275,323,321,322,323,326,324,310,324,316,321,319,307,318,311,314,319,322,314,312,310,301,307,312,312,310,307,
RegressionTest0::test63 ,58,58,130,66,149,83,763,487,408,813,499,270,359,317,387,310,343,182,656,86,332,562,208,341,682,467,550,214,116,666,347,116,438,538,353,368,305,677,110,481,503,631,649,555,168,56,466,252,566,466,142,546,647,477,524,375,638,582,354,143,187,291,0,31,232,477,340,150,428,42,80,105,56,2099,109,277,157,60,51,542,92,69,432,67,64,89,89,210,89,50,72,53,52,149,233,51,237,53,52,52,53,53,52,59,50,53,52,52,63,53,62,56,53,53,55,59,60,77,64,59,57,56,60,
RegressionTest0::test64 ,57,58,118,65,137,74,742,468,388,789,479,253,336,294,361,287,325,163,631,77,312,540,191,323,658,449,524,189,107,641,329,107,417,518,333,348,279,653,85,461,481,609,625,531,155,57,445,230,544,444,132,525,622,454,501,353,616,559,333,119,173,267,31,0,208,457,322,137,405,19,82,109,69,2091,108,268,153,65,64,528,95,75,423,74,75,91,92,202,92,66,80,66,64,148,229,74,232,67,65,71,67,69,68,69,67,69,64,66,65,66,71,68,66,66,68,68,72,82,74,68,66,68,73,
RegressionTest0::test65 ,231,231,191,222,191,214,592,368,282,650,358,162,195,165,241,159,228,150,469,165,220,378,162,226,495,343,382,52,199,479,232,199,290,371,224,239,135,491,145,313,318,448,464,380,111,239,299,70,406,284,186,376,460,305,324,227,469,404,211,117,112,161,232,208,0,351,226,131,262,201,235,217,254,2034,220,251,212,241,254,467,217,244,382,247,239,229,229,208,228,251,232,252,254,234,244,274,245,266,263,265,266,268,266,254,265,260,262,263,252,262,254,255,259,264,254,253,254,240,245,253,253,252,249,
RegressionTest0::test66 ,461,461,401,452,387,443,547,232,277,545,296,364,343,363,360,365,381,382,454,430,330,409,376,380,474,334,389,362,417,468,379,417,377,378,334,298,352,470,420,354,369,470,474,395,394,462,397,351,366,387,399,382,446,373,392,345,419,395,352,392,381,358,477,457,351,0,380,407,341,455,475,463,490,1988,460,443,462,478,492,514,461,472,466,483,473,466,467,448,467,482,471,488,493,471,466,504,462,495,492,487,492,496,493,481,494,486,490,492,478,490,479,482,489,490,483,480,480,461,471,480,483,479,474,
RegressionTest0::test67 ,343,343,314,338,311,330,564,306,254,643,324,140,187,146,163,148,5,262,394,292,232,302,216,3,447,375,298,229,330,406,13,330,212,326,211,232,158,442,257,307,287,377,399,345,194,346,237,223,387,236,327,357,387,302,291,197,408,356,235,255,197,219,340,322,226,380,0,194,255,317,331,309,359,1996,312,265,271,349,361,451,322,344,355,347,350,326,326,250,325,358,338,358,361,301,308,384,297,369,371,371,373,375,374,357,372,367,370,369,356,367,357,362,367,370,363,361,358,347,354,361,361,356,355,
RegressionTest0::test68 ,164,164,154,163,158,154,656,381,297,718,388,129,245,198,272,191,197,139,533,111,222,429,104,195,569,401,432,118,163,544,201,163,328,431,238,258,189,564,82,375,385,510,526,443,34,167,355,143,462,342,166,442,524,370,405,273,528,471,255,104,54,198,150,137,131,407,194,0,322,132,155,138,172,2059,144,232,149,163,174,479,142,164,379,165,165,150,150,175,149,171,152,171,174,163,196,196,202,182,182,184,185,186,184,174,185,181,183,182,171,180,175,177,181,183,178,174,172,164,171,175,176,173,171,
RegressionTest0::test69 ,425,425,378,416,365,400,500,346,296,567,342,259,178,248,222,244,257,317,378,364,269,231,313,256,258,334,281,273,381,390,259,381,265,207,265,264,231,253,342,148,173,301,314,132,304,432,264,256,341,270,366,223,371,52,262,199,381,239,195,315,293,237,428,405,262,341,255,322,0,395,422,396,447,1969,399,359,375,435,449,452,407,433,386,436,432,413,413,347,412,445,424,446,448,400,402,471,390,459,457,456,461,463,460,444,460,453,457,456,443,455,444,448,455,459,450,448,446,428,437,448,448,445,440,
RegressionTest0::test70 ,65,66,118,75,137,78,736,464,383,787,475,248,328,285,354,278,320,160,622,78,307,534,188,318,648,444,517,181,108,632,323,108,409,512,328,343,272,644,76,455,476,602,619,521,150,63,438,224,540,436,130,519,613,444,495,345,610,547,323,113,169,258,42,19,201,455,317,132,395,0,88,109,78,2090,110,265,155,74,75,523,96,83,419,82,80,94,93,198,93,76,84,75,75,149,226,87,229,81,79,84,82,83,82,78,80,80,79,81,77,80,80,78,79,80,78,79,82,86,83,78,76,77,82,
SimplexSolverTest::testDegeneracy ,83,84,137,81,155,89,748,480,401,804,489,265,353,308,375,302,334,192,642,109,327,552,203,332,670,465,537,217,120,651,338,120,429,526,340,360,297,665,126,471,495,620,638,543,174,87,456,256,556,456,144,536,632,469,516,366,623,573,350,158,193,289,80,82,235,475,331,155,422,88,0,52,44,2080,47,220,95,50,49,489,60,60,388,47,58,23,21,159,22,58,32,43,49,131,209,84,181,79,78,74,79,80,79,73,79,79,78,80,73,75,75,77,76,77,76,76,75,83,78,76,75,75,79,
