: , RegressionTest0::test01 , RegressionTest0::test02 , RegressionTest0::test03 , RegressionTest0::test04 , RegressionTest0::test05 , RegressionTest0::test06 , RegressionTest0::test07 , RegressionTest0::test08 , RegressionTest0::test09 , RegressionTest0::test10 , RegressionTest0::test11 , RegressionTest0::test12 , RegressionTest0::test13 , RegressionTest0::test14 , RegressionTest0::test15 , RegressionTest0::test16 , RegressionTest0::test17 , RegressionTest0::test18 , RegressionTest0::test19 , RegressionTest0::test20 , RegressionTest0::test21 , RegressionTest0::test22 , RegressionTest0::test23 , RegressionTest0::test24 , RegressionTest0::test25 , RegressionTest0::test26 , RegressionTest0::test27 , RegressionTest0::test28 , RegressionTest0::test29 , RegressionTest0::test30 , RegressionTest0::test31 , RegressionTest0::test32 , RegressionTest0::test33 , RegressionTest0::test34 , RegressionTest0::test35 , RegressionTest0::test36 , RegressionTest0::test37 , RegressionTest0::test38 , RegressionTest0::test39 , SingularValueDecompositionImpl_ESTest::test00 , SingularValueDecompositionImpl_ESTest::test01 , SingularValueDecompositionImpl_ESTest::test02 , SingularValueDecompositionImpl_ESTest::test03 , SingularValueDecompositionImpl_ESTest::test04 , SingularValueDecompositionImpl_ESTest::test05 , SingularValueDecompositionImpl_ESTest::test06 , SingularValueDecompositionImpl_ESTest::test07 , SingularValueDecompositionImpl_ESTest::test08 , SingularValueDecompositionImpl_ESTest::test09 , SingularValueDecompositionImpl_ESTest::test10 , SingularValueDecompositionImpl_ESTest::test11 , SingularValueSolverTest::testSolveDimensionErrors , SingularValueSolverTest::testLeastSquareSolve , SingularValueSolverTest::testSolve , SingularValueSolverTest::testConditionNumber , SingularValueSolverTest::testTruncated , SingularValueSolverTest::testMath320A , SingularValueSolverTest::testMath320B , SingularValueDecompositionImplTest::testMoreRows , SingularValueDecompositionImplTest::testMoreColumns , SingularValueDecompositionImplTest::testDimensions , SingularValueDecompositionImplTest::testHadamard , SingularValueDecompositionImplTest::testAEqualUSVt , SingularValueDecompositionImplTest::testUOrthogonal , SingularValueDecompositionImplTest::testVOrthogonal , SingularValueDecompositionImplTest::testMatricesValues1 , SingularValueDecompositionImplTest::testMatricesValues2 , SingularValueDecompositionImplTest::testConditionNumber , 
RegressionTest0::test01 , 0 , 519 , 4 , 41 , 445 , 4 , 3 , 3 , 893 , 410 , 3 , 40 , 221 , 5649 , 6 , 3614 , 4301 , 3432 , 1689 , 3683 , 3370 , 3293 , 446 , 845 , 3558 , 3489 , 3219 , 8432 , 3819 , 3646 , 3292 , 700 , 3081 , 3158 , 4191 , 3207 , 8980 , 3456 , 7389 , 4301 , 4442 , 4272 , 4107 , 4180 , 4280 , 4247 , 4107 , 4112 , 4200 , 4101 , 4248 , 3818 , 3172 , 3818 , 4578 , 3406 , 2783 , 4106 , 3930 , 3932 , 4037 , 3156 , 4506 , 4307 , 4305 , 3297 , 3094 , 4575 , 
RegressionTest0::test02 , 519 , 0 , 518 , 501 , 703 , 519 , 518 , 519 , 531 , 720 , 519 , 503 , 618 , 5360 , 521 , 3482 , 4137 , 3358 , 1486 , 3570 , 3329 , 3293 , 705 , 443 , 3435 , 3443 , 3249 , 8209 , 3655 , 3506 , 3292 , 766 , 2988 , 3196 , 4056 , 3236 , 8756 , 3410 , 7098 , 4615 , 4755 , 4579 , 4416 , 4485 , 4587 , 4553 , 4413 , 4422 , 4504 , 4390 , 4555 , 4110 , 3444 , 4110 , 4892 , 3692 , 2985 , 4411 , 4233 , 4235 , 4333 , 3292 , 4817 , 4612 , 4612 , 3575 , 3331 , 4888 , 
RegressionTest0::test03 , 4 , 518 , 0 , 40 , 444 , 2 , 3 , 4 , 893 , 410 , 2 , 41 , 221 , 5649 , 5 , 3613 , 4301 , 3432 , 1688 , 3683 , 3369 , 3292 , 445 , 844 , 3559 , 3488 , 3217 , 8432 , 3820 , 3647 , 3292 , 700 , 3082 , 3159 , 4191 , 3207 , 8980 , 3454 , 7390 , 4302 , 4443 , 4273 , 4109 , 4181 , 4281 , 4248 , 4108 , 4113 , 4201 , 4102 , 4249 , 3819 , 3173 , 3819 , 4579 , 3407 , 2784 , 4107 , 3931 , 3933 , 4038 , 3157 , 4507 , 4308 , 4306 , 3298 , 3095 , 4576 , 
RegressionTest0::test04 , 41 , 501 , 40 , 0 , 410 , 40 , 40 , 41 , 877 , 447 , 40 , 4 , 186 , 5631 , 43 , 3608 , 4286 , 3416 , 1691 , 3684 , 3353 , 3286 , 412 , 830 , 3549 , 3492 , 3209 , 8438 , 3802 , 3641 , 3286 , 667 , 3083 , 3154 , 4195 , 3202 , 8983 , 3479 , 7384 , 4268 , 4432 , 4261 , 4098 , 4170 , 4269 , 4236 , 4097 , 4103 , 4189 , 4085 , 4238 , 3806 , 3167 , 3806 , 4568 , 3396 , 2772 , 4097 , 3920 , 3922 , 4027 , 3151 , 4496 , 4297 , 4295 , 3287 , 3085 , 4564 , 
RegressionTest0::test05 , 445 , 703 , 444 , 410 , 0 , 444 , 445 , 445 , 685 , 41 , 444 , 412 , 357 , 5552 , 447 , 3576 , 4287 , 3351 , 1419 , 3644 , 3296 , 3193 , 5 , 507 , 3561 , 3427 , 3205 , 8294 , 3729 , 3632 , 3193 , 447 , 2998 , 3201 , 4097 , 3211 , 8838 , 3410 , 7224 , 4468 , 4634 , 4462 , 4297 , 4372 , 4471 , 4434 , 4295 , 4300 , 4384 , 4280 , 4435 , 3994 , 3340 , 3994 , 4771 , 3590 , 2892 , 4292 , 4114 , 4116 , 4222 , 3209 , 4698 , 4497 , 4498 , 3458 , 3239 , 4767 , 
RegressionTest0::test06 , 4 , 519 , 2 , 40 , 444 , 0 , 2 , 3 , 894 , 411 , 3 , 40 , 221 , 5649 , 5 , 3614 , 4301 , 3432 , 1688 , 3684 , 3370 , 3293 , 446 , 845 , 3559 , 3489 , 3219 , 8433 , 3820 , 3647 , 3293 , 701 , 3082 , 3158 , 4191 , 3206 , 8979 , 3455 , 7389 , 4302 , 4443 , 4273 , 4109 , 4181 , 4281 , 4248 , 4108 , 4114 , 4201 , 4102 , 4249 , 3819 , 3173 , 3819 , 4579 , 3407 , 2784 , 4108 , 3931 , 3933 , 4038 , 3157 , 4508 , 4308 , 4306 , 3298 , 3095 , 4575 , 
RegressionTest0::test07 , 3 , 518 , 3 , 40 , 445 , 2 , 0 , 2 , 893 , 410 , 2 , 39 , 221 , 5649 , 5 , 3614 , 4302 , 3431 , 1687 , 3684 , 3370 , 3293 , 446 , 845 , 3559 , 3489 , 3218 , 8433 , 3818 , 3646 , 3292 , 700 , 3081 , 3157 , 4190 , 3206 , 8979 , 3456 , 7389 , 4302 , 4443 , 4273 , 4109 , 4181 , 4281 , 4248 , 4108 , 4114 , 4201 , 4102 , 4249 , 3819 , 3173 , 3819 , 4579 , 3407 , 2783 , 4108 , 3931 , 3933 , 4038 , 3157 , 4508 , 4308 , 4306 , 3298 , 3095 , 4576 , 
RegressionTest0::test08 , 3 , 519 , 4 , 41 , 445 , 3 , 2 , 0 , 893 , 410 , 3 , 39 , 220 , 5649 , 6 , 3614 , 4302 , 3430 , 1688 , 3683 , 3369 , 3292 , 446 , 845 , 3559 , 3488 , 3219 , 8432 , 3819 , 3645 , 3292 , 700 , 3081 , 3157 , 4191 , 3205 , 8979 , 3456 , 7389 , 4302 , 4443 , 4273 , 4109 , 4181 , 4281 , 4248 , 4108 , 4114 , 4201 , 4102 , 4249 , 3819 , 3173 , 3819 , 4579 , 3407 , 2784 , 4108 , 3931 , 3933 , 4038 , 3157 , 4508 , 4308 , 4306 , 3298 , 3095 , 4576 , 
RegressionTest0::test09 , 893 , 531 , 893 , 877 , 685 , 894 , 893 , 893 , 0 , 699 , 892 , 877 , 865 , 5251 , 896 , 3497 , 4070 , 3258 , 1376 , 3508 , 3276 , 3261 , 686 , 267 , 3495 , 3407 , 3201 , 8070 , 3567 , 3541 , 3260 , 772 , 3019 , 3191 , 3976 , 3217 , 8596 , 3367 , 6910 , 4859 , 5002 , 4828 , 4660 , 4733 , 4835 , 4794 , 4648 , 4665 , 4750 , 4635 , 4799 , 4343 , 3650 , 4343 , 5138 , 3913 , 3166 , 4644 , 4473 , 4475 , 4578 , 3447 , 5064 , 4861 , 4860 , 3797 , 3515 , 5135 , 
RegressionTest0::test10 , 410 , 720 , 410 , 447 , 41 , 411 , 410 , 410 , 699 , 0 , 409 , 447 , 392 , 5568 , 413 , 3574 , 4303 , 3366 , 1423 , 3648 , 3310 , 3199 , 42 , 523 , 3564 , 3424 , 3212 , 8287 , 3744 , 3629 , 3198 , 481 , 2998 , 3206 , 4098 , 3218 , 8834 , 3384 , 7240 , 4502 , 4646 , 4473 , 4308 , 4382 , 4482 , 4445 , 4306 , 4312 , 4395 , 4296 , 4446 , 4008 , 3350 , 4008 , 4782 , 3601 , 2903 , 4303 , 4125 , 4127 , 4233 , 3213 , 4710 , 4508 , 4509 , 3468 , 3250 , 4779 , 
RegressionTest0::test11 , 3 , 519 , 2 , 40 , 444 , 3 , 2 , 3 , 892 , 409 , 0 , 40 , 221 , 5649 , 5 , 3613 , 4302 , 3432 , 1687 , 3683 , 3369 , 3292 , 445 , 844 , 3559 , 3489 , 3218 , 8433 , 3819 , 3646 , 3291 , 699 , 3081 , 3158 , 4189 , 3206 , 8979 , 3454 , 7390 , 4302 , 4443 , 4273 , 4109 , 4181 , 4281 , 4248 , 4108 , 4113 , 4201 , 4102 , 4249 , 3819 , 3173 , 3819 , 4579 , 3407 , 2784 , 4107 , 3931 , 3933 , 4038 , 3157 , 4507 , 4308 , 4306 , 3298 , 3095 , 4576 , 
RegressionTest0::test12 , 40 , 503 , 41 , 4 , 412 , 40 , 39 , 39 , 877 , 447 , 40 , 0 , 186 , 5631 , 43 , 3609 , 4286 , 3417 , 1693 , 3686 , 3354 , 3288 , 413 , 831 , 3548 , 3492 , 3212 , 8437 , 3803 , 3641 , 3287 , 667 , 3082 , 3151 , 4194 , 3200 , 8982 , 3481 , 7382 , 4268 , 4432 , 4261 , 4098 , 4170 , 4269 , 4236 , 4097 , 4103 , 4189 , 4085 , 4238 , 3806 , 3167 , 3806 , 4568 , 3396 , 2773 , 4097 , 3920 , 3922 , 4027 , 3151 , 4496 , 4297 , 4295 , 3287 , 3085 , 4565 , 
RegressionTest0::test13 , 221 , 618 , 221 , 186 , 357 , 221 , 221 , 220 , 865 , 392 , 221 , 186 , 0 , 5632 , 222 , 3607 , 4259 , 3413 , 1673 , 3691 , 3364 , 3291 , 358 , 808 , 3562 , 3489 , 3272 , 8395 , 3816 , 3643 , 3291 , 650 , 3045 , 3212 , 4192 , 3176 , 8977 , 3494 , 7332 , 4289 , 4455 , 4283 , 4118 , 4194 , 4292 , 4257 , 4118 , 4124 , 4210 , 4105 , 4258 , 3830 , 3189 , 3830 , 4590 , 3428 , 2811 , 4112 , 3942 , 3944 , 4051 , 3145 , 4518 , 4321 , 4320 , 3295 , 3094 , 4588 , 
RegressionTest0::test14 , 5649 , 5360 , 5649 , 5631 , 5552 , 5649 , 5649 , 5649 , 5251 , 5568 , 5649 , 5631 , 5632 , 0 , 5651 , 3291 , 2259 , 4058 , 5154 , 3118 , 3294 , 3541 , 5553 , 5318 , 3910 , 3332 , 3479 , 5657 , 3561 , 3150 , 3543 , 5368 , 4067 , 3581 , 3394 , 3634 , 5874 , 3252 , 4081 , 8970 , 9130 , 8940 , 8748 , 8827 , 8949 , 8904 , 8722 , 8754 , 8854 , 8731 , 8907 , 8362 , 7321 , 8362 , 9264 , 7660 , 6285 , 8667 , 8476 , 8479 , 8638 , 6200 , 9189 , 8977 , 8977 , 7399 , 6592 , 9260 , 
RegressionTest0::test15 , 6 , 521 , 5 , 43 , 447 , 5 , 5 , 6 , 896 , 413 , 5 , 43 , 222 , 5651 , 0 , 3613 , 4301 , 3432 , 1687 , 3684 , 3370 , 3293 , 445 , 845 , 3559 , 3489 , 3219 , 8432 , 3820 , 3647 , 3292 , 701 , 3082 , 3159 , 4190 , 3207 , 8978 , 3456 , 7388 , 4304 , 4445 , 4275 , 4111 , 4183 , 4283 , 4250 , 4109 , 4116 , 4203 , 4104 , 4251 , 3821 , 3175 , 3821 , 4581 , 3409 , 2785 , 4110 , 3933 , 3935 , 4040 , 3160 , 4509 , 4310 , 4308 , 3299 , 3096 , 4578 , 
RegressionTest0::test16 , 3614 , 3482 , 3613 , 3608 , 3576 , 3614 , 3614 , 3614 , 3497 , 3574 , 3613 , 3609 , 3607 , 3291 , 3613 , 0 , 1835 , 1680 , 3358 , 521 , 723 , 705 , 3575 , 3506 , 1457 , 652 , 769 , 6790 , 1727 , 383 , 700 , 3424 , 1240 , 883 , 1856 , 866 , 7332 , 788 , 5279 , 6273 , 6427 , 6241 , 6069 , 6139 , 6248 , 6209 , 6043 , 6072 , 6156 , 6074 , 6211 , 5757 , 4783 , 5757 , 6561 , 5045 , 3989 , 5996 , 5817 , 5817 , 5977 , 3740 , 6486 , 6275 , 6275 , 4788 , 4042 , 6557 , 
RegressionTest0::test17 , 4301 , 4137 , 4301 , 4286 , 4287 , 4301 , 4302 , 4302 , 4070 , 4303 , 4302 , 4286 , 4259 , 2259 , 4301 , 1835 , 0 , 2486 , 4090 , 1868 , 1786 , 1929 , 4285 , 4040 , 2383 , 2021 , 1958 , 6307 , 2236 , 1833 , 1931 , 4188 , 2473 , 2057 , 2252 , 2046 , 6728 , 1703 , 4680 , 7370 , 7527 , 7338 , 7152 , 7227 , 7347 , 7304 , 7126 , 7159 , 7253 , 7134 , 7309 , 6796 , 5796 , 6796 , 7661 , 6107 , 4909 , 7078 , 6895 , 6895 , 7053 , 4705 , 7586 , 7376 , 7376 , 5843 , 5061 , 7656 , 
RegressionTest0::test18 , 3432 , 3358 , 3432 , 3416 , 3351 , 3432 , 3431 , 3430 , 3258 , 3366 , 3432 , 3417 , 3413 , 4058 , 3432 , 1680 , 2486 , 0 , 3230 , 1902 , 1371 , 1362 , 3350 , 3252 , 1832 , 1532 , 1315 , 7237 , 1895 , 1746 , 1362 , 3292 , 1311 , 1326 , 2484 , 1359 , 7785 , 1431 , 5918 , 5763 , 5920 , 5732 , 5564 , 5633 , 5740 , 5702 , 5535 , 5569 , 5652 , 5540 , 5703 , 5241 , 4351 , 5241 , 6052 , 4557 , 3614 , 5487 , 5316 , 5316 , 5473 , 3344 , 5980 , 5770 , 5770 , 4352 , 3608 , 6048 , 
RegressionTest0::test19 , 1689 , 1486 , 1688 , 1691 , 1419 , 1688 , 1687 , 1688 , 1376 , 1423 , 1687 , 1693 , 1673 , 5154 , 1687 , 3358 , 4090 , 3230 , 0 , 3282 , 3297 , 3146 , 1418 , 1225 , 3294 , 3347 , 3107 , 7677 , 3675 , 3360 , 3145 , 1480 , 3213 , 3119 , 3785 , 3135 , 8236 , 3376 , 6763 , 5270 , 5411 , 5238 , 5066 , 5142 , 5244 , 5203 , 5061 , 5072 , 5160 , 5078 , 5209 , 4761 , 4008 , 4761 , 5548 , 4298 , 3408 , 5039 , 4860 , 4862 , 4977 , 3656 , 5475 , 5266 , 5264 , 4140 , 3785 , 5546 , 
RegressionTest0::test20 , 3683 , 3570 , 3683 , 3684 , 3644 , 3684 , 3684 , 3683 , 3508 , 3648 , 3683 , 3686 , 3691 , 3118 , 3684 , 521 , 1868 , 1902 , 3282 , 0 , 818 , 972 , 3641 , 3510 , 1653 , 799 , 1002 , 6612 , 1794 , 608 , 967 , 3657 , 1554 , 1118 , 1860 , 1095 , 7172 , 786 , 5160 , 6505 , 6659 , 6473 , 6290 , 6363 , 6479 , 6442 , 6272 , 6305 , 6385 , 6303 , 6444 , 5974 , 4997 , 5974 , 6794 , 5266 , 4172 , 6224 , 6050 , 6050 , 6200 , 3927 , 6720 , 6509 , 6509 , 5012 , 4263 , 6790 , 
RegressionTest0::test21 , 3370 , 3329 , 3369 , 3353 , 3296 , 3370 , 3370 , 3369 , 3276 , 3310 , 3369 , 3354 , 3364 , 3294 , 3370 , 723 , 1786 , 1371 , 3297 , 818 , 0 , 461 , 3295 , 3288 , 1637 , 867 , 421 , 7051 , 1713 , 756 , 466 , 3286 , 1012 , 482 , 2093 , 561 , 7576 , 444 , 5482 , 5956 , 6111 , 5925 , 5751 , 5825 , 5931 , 5896 , 5732 , 5761 , 5842 , 5744 , 5895 , 5420 , 4504 , 5420 , 6244 , 4743 , 3742 , 5684 , 5512 , 5512 , 5669 , 3494 , 6170 , 5962 , 5961 , 4507 , 3767 , 6240 , 
RegressionTest0::test22 , 3293 , 3293 , 3292 , 3286 , 3193 , 3293 , 3293 , 3292 , 3261 , 3199 , 3292 , 3288 , 3291 , 3541 , 3293 , 705 , 1929 , 1362 , 3146 , 972 , 461 , 0 , 3191 , 3237 , 1578 , 655 , 319 , 7153 , 1800 , 755 , 8 , 3289 , 822 , 353 , 2119 , 305 , 7683 , 582 , 5646 , 5779 , 5929 , 5743 , 5573 , 5641 , 5750 , 5712 , 5551 , 5579 , 5664 , 5586 , 5717 , 5270 , 4341 , 5270 , 6062 , 4552 , 3587 , 5502 , 5330 , 5330 , 5485 , 3333 , 5990 , 5781 , 5781 , 4326 , 3592 , 6058 , 
RegressionTest0::test23 , 446 , 705 , 445 , 412 , 5 , 446 , 446 , 446 , 686 , 42 , 445 , 413 , 358 , 5553 , 445 , 3575 , 4285 , 3350 , 1418 , 3641 , 3295 , 3191 , 0 , 504 , 3560 , 3425 , 3204 , 8293 , 3727 , 3631 , 3190 , 446 , 2998 , 3200 , 4096 , 3210 , 8839 , 3408 , 7222 , 4469 , 4635 , 4463 , 4298 , 4373 , 4472 , 4435 , 4296 , 4301 , 4385 , 4281 , 4436 , 3995 , 3341 , 3995 , 4772 , 3591 , 2891 , 4293 , 4115 , 4117 , 4223 , 3208 , 4699 , 4498 , 4499 , 3459 , 3240 , 4768 , 
RegressionTest0::test24 , 845 , 443 , 844 , 830 , 507 , 845 , 845 , 845 , 267 , 523 , 844 , 831 , 808 , 5318 , 845 , 3506 , 4040 , 3252 , 1225 , 3510 , 3288 , 3237 , 504 , 0 , 3516 , 3440 , 3216 , 8067 , 3602 , 3535 , 3237 , 713 , 2997 , 3203 , 3958 , 3232 , 8605 , 3369 , 6922 , 4816 , 4958 , 4782 , 4615 , 4690 , 4790 , 4751 , 4612 , 4622 , 4702 , 4587 , 4755 , 4301 , 3621 , 4301 , 5095 , 3889 , 3104 , 4606 , 4430 , 4431 , 4537 , 3424 , 5021 , 4817 , 4816 , 3753 , 3485 , 5092 , 
RegressionTest0::test25 , 3558 , 3435 , 3559 , 3549 , 3561 , 3559 , 3559 , 3559 , 3495 , 3564 , 3559 , 3548 , 3562 , 3910 , 3559 , 1457 , 2383 , 1832 , 3294 , 1653 , 1637 , 1578 , 3560 , 3516 , 0 , 1421 , 1552 , 6826 , 717 , 1502 , 1578 , 3457 , 1572 , 1600 , 1307 , 1597 , 7381 , 1690 , 5273 , 6222 , 6369 , 6186 , 6013 , 6082 , 6193 , 6151 , 5986 , 6020 , 6101 , 6017 , 6157 , 5690 , 4730 , 5690 , 6503 , 5003 , 3923 , 5940 , 5767 , 5767 , 5914 , 3534 , 6430 , 6219 , 6219 , 4752 , 4010 , 6500 , 
RegressionTest0::test26 , 3489 , 3443 , 3488 , 3492 , 3427 , 3489 , 3489 , 3488 , 3407 , 3424 , 3489 , 3492 , 3489 , 3332 , 3489 , 652 , 2021 , 1532 , 3347 , 799 , 867 , 655 , 3425 , 3440 , 1421 , 0 , 544 , 6850 , 1732 , 666 , 652 , 3399 , 1077 , 584 , 1865 , 592 , 7462 , 848 , 5419 , 6050 , 6207 , 6020 , 5849 , 5917 , 6027 , 5988 , 5827 , 5856 , 5936 , 5855 , 5993 , 5539 , 4573 , 5539 , 6340 , 4830 , 3808 , 5781 , 5605 , 5605 , 5760 , 3538 , 6266 , 6058 , 6057 , 4573 , 3842 , 6336 , 
RegressionTest0::test27 , 3219 , 3249 , 3217 , 3209 , 3205 , 3219 , 3218 , 3219 , 3201 , 3212 , 3218 , 3212 , 3272 , 3479 , 3219 , 769 , 1958 , 1315 , 3107 , 1002 , 421 , 319 , 3204 , 3216 , 1552 , 544 , 0 , 7181 , 1829 , 814 , 318 , 3279 , 761 , 159 , 2126 , 292 , 7694 , 643 , 5674 , 5757 , 5907 , 5721 , 5550 , 5622 , 5729 , 5691 , 5529 , 5555 , 5639 , 5563 , 5695 , 5250 , 4301 , 5250 , 6041 , 4545 , 3568 , 5479 , 5309 , 5309 , 5471 , 3305 , 5968 , 5760 , 5760 , 4314 , 3582 , 6037 , 
RegressionTest0::test28 , 8432 , 8209 , 8432 , 8438 , 8294 , 8433 , 8433 , 8432 , 8070 , 8287 , 8433 , 8437 , 8395 , 5657 , 8432 , 6790 , 6307 , 7237 , 7677 , 6612 , 7051 , 7153 , 8293 , 8067 , 6826 , 6850 , 7181 , 0 , 6534 , 6777 , 7156 , 8126 , 7644 , 7247 , 6234 , 7211 , 1138 , 6930 , 4572 , 11932 , 12093 , 11903 , 11713 , 11792 , 11911 , 11868 , 11686 , 11722 , 11815 , 11713 , 11870 , 11275 , 10196 , 11275 , 12230 , 10571 , 9101 , 11627 , 11422 , 11422 , 11577 , 8993 , 12152 , 11931 , 11930 , 10264 , 9408 , 12226 , 
RegressionTest0::test29 , 3819 , 3655 , 3820 , 3802 , 3729 , 3820 , 3818 , 3819 , 3567 , 3744 , 3819 , 3803 , 3816 , 3561 , 3820 , 1727 , 2236 , 1895 , 3675 , 1794 , 1713 , 1800 , 3727 , 3602 , 717 , 1732 , 1829 , 6534 , 0 , 1783 , 1799 , 3647 , 1932 , 1874 , 1736 , 1859 , 7124 , 1663 , 4887 , 6596 , 6753 , 6568 , 6394 , 6458 , 6576 , 6531 , 6364 , 6399 , 6481 , 6363 , 6537 , 6041 , 5085 , 6041 , 6887 , 5376 , 4276 , 6318 , 6144 , 6144 , 6292 , 3900 , 6813 , 6598 , 6598 , 5113 , 4362 , 6884 , 
RegressionTest0::test30 , 3646 , 3506 , 3647 , 3641 , 3632 , 3647 , 3646 , 3645 , 3541 , 3629 , 3646 , 3641 , 3643 , 3150 , 3647 , 383 , 1833 , 1746 , 3360 , 608 , 756 , 755 , 3631 , 3535 , 1502 , 666 , 814 , 6777 , 1783 , 0 , 756 , 3490 , 1360 , 923 , 1946 , 902 , 7296 , 850 , 5312 , 6314 , 6470 , 6282 , 6105 , 6176 , 6290 , 6251 , 6085 , 6116 , 6197 , 6119 , 6255 , 5792 , 4815 , 5792 , 6603 , 5078 , 4024 , 6037 , 5861 , 5861 , 6014 , 3776 , 6529 , 6319 , 6318 , 4828 , 4079 , 6600 , 
RegressionTest0::test31 , 3292 , 3292 , 3292 , 3286 , 3193 , 3293 , 3292 , 3292 , 3260 , 3198 , 3291 , 3287 , 3291 , 3543 , 3292 , 700 , 1931 , 1362 , 3145 , 967 , 466 , 8 , 3190 , 3237 , 1578 , 652 , 318 , 7156 , 1799 , 756 , 0 , 3288 , 820 , 352 , 2117 , 307 , 7684 , 581 , 5646 , 5778 , 5930 , 5742 , 5573 , 5640 , 5749 , 5711 , 5549 , 5576 , 5663 , 5586 , 5716 , 5268 , 4340 , 5268 , 6061 , 4551 , 3586 , 5501 , 5330 , 5330 , 5483 , 3332 , 5988 , 5780 , 5780 , 4324 , 3592 , 6057 , 
RegressionTest0::test32 , 700 , 766 , 700 , 667 , 447 , 701 , 700 , 700 , 772 , 481 , 699 , 667 , 650 , 5368 , 701 , 3424 , 4188 , 3292 , 1480 , 3657 , 3286 , 3289 , 446 , 713 , 3457 , 3399 , 3279 , 8126 , 3647 , 3490 , 3288 , 0 , 2881 , 3291 , 4023 , 3289 , 8667 , 3397 , 7073 , 4687 , 4852 , 4680 , 4512 , 4589 , 4688 , 4654 , 4511 , 4520 , 4604 , 4500 , 4652 , 4197 , 3513 , 4197 , 4989 , 3783 , 3023 , 4507 , 4325 , 4327 , 4431 , 3305 , 4915 , 4717 , 4716 , 3650 , 3378 , 4986 , 
RegressionTest0::test33 , 3081 , 2988 , 3082 , 3083 , 2998 , 3082 , 3081 , 3081 , 3019 , 2998 , 3081 , 3082 , 3045 , 4067 , 3082 , 1240 , 2473 , 1311 , 3213 , 1554 , 1012 , 822 , 2998 , 2997 , 1572 , 1077 , 761 , 7644 , 1932 , 1360 , 820 , 2881 , 0 , 651 , 2499 , 700 , 8190 , 1165 , 6064 , 5159 , 5306 , 5122 , 4961 , 5024 , 5129 , 5090 , 4931 , 4960 , 5042 , 4973 , 5099 , 4674 , 3784 , 4674 , 5435 , 3986 , 3084 , 4892 , 4717 , 4717 , 4878 , 2844 , 5364 , 5159 , 5159 , 3762 , 3044 , 5432 , 
RegressionTest0::test34 , 3158 , 3196 , 3159 , 3154 , 3201 , 3158 , 3157 , 3157 , 3191 , 3206 , 3158 , 3151 , 3212 , 3581 , 3159 , 883 , 2057 , 1326 , 3119 , 1118 , 482 , 353 , 3200 , 3203 , 1600 , 584 , 159 , 7247 , 1874 , 923 , 352 , 3291 , 651 , 0 , 2168 , 174 , 7781 , 730 , 5679 , 5647 , 5797 , 5612 , 5444 , 5517 , 5619 , 5584 , 5420 , 5447 , 5532 , 5453 , 5585 , 5143 , 4216 , 5143 , 5930 , 4442 , 3472 , 5374 , 5200 , 5200 , 5364 , 3218 , 5857 , 5650 , 5650 , 4206 , 3474 , 5926 , 
RegressionTest0::test35 , 4191 , 4056 , 4191 , 4195 , 4097 , 4191 , 4190 , 4191 , 3976 , 4098 , 4189 , 4194 , 4192 , 3394 , 4190 , 1856 , 2252 , 2484 , 3785 , 1860 , 2093 , 2119 , 4096 , 3958 , 1307 , 1865 , 2126 , 6234 , 1736 , 1946 , 2117 , 4023 , 2499 , 2168 , 0 , 2162 , 6759 , 2090 , 4790 , 7027 , 7184 , 6997 , 6815 , 6887 , 7003 , 6965 , 6790 , 6823 , 6912 , 6821 , 6968 , 6480 , 5486 , 6480 , 7318 , 5776 , 4631 , 6746 , 6564 , 6564 , 6713 , 4281 , 7242 , 7029 , 7029 , 5491 , 4735 , 7315 , 
RegressionTest0::test36 , 3207 , 3236 , 3207 , 3202 , 3211 , 3206 , 3206 , 3205 , 3217 , 3218 , 3206 , 3200 , 3176 , 3634 , 3207 , 866 , 2046 , 1359 , 3135 , 1095 , 561 , 305 , 3210 , 3232 , 1597 , 592 , 292 , 7211 , 1859 , 902 , 307 , 3289 , 700 , 174 , 2162 , 0 , 7767 , 709 , 5660 , 5670 , 5821 , 5637 , 5471 , 5536 , 5642 , 5606 , 5446 , 5471 , 5557 , 5478 , 5610 , 5161 , 4244 , 5161 , 5954 , 4455 , 3493 , 5403 , 5225 , 5225 , 5386 , 3241 , 5881 , 5673 , 5673 , 4218 , 3495 , 5950 , 
RegressionTest0::test37 , 8980 , 8756 , 8980 , 8983 , 8838 , 8979 , 8979 , 8979 , 8596 , 8834 , 8979 , 8982 , 8977 , 5874 , 8978 , 7332 , 6728 , 7785 , 8236 , 7172 , 7576 , 7683 , 8839 , 8605 , 7381 , 7462 , 7694 , 1138 , 7124 , 7296 , 7684 , 8667 , 8190 , 7781 , 6759 , 7767 , 0 , 7523 , 5008 , 12495 , 12656 , 12466 , 12273 , 12354 , 12474 , 12431 , 12246 , 12282 , 12378 , 12275 , 12433 , 11823 , 10723 , 11823 , 12793 , 11119 , 9611 , 12187 , 11980 , 11980 , 12137 , 9524 , 12714 , 12493 , 12493 , 10803 , 9954 , 12789 , 
RegressionTest0::test38 , 3456 , 3410 , 3454 , 3479 , 3410 , 3455 , 3456 , 3456 , 3367 , 3384 , 3454 , 3481 , 3494 , 3252 , 3456 , 788 , 1703 , 1431 , 3376 , 786 , 444 , 582 , 3408 , 3369 , 1690 , 848 , 643 , 6930 , 1663 , 850 , 581 , 3397 , 1165 , 730 , 2090 , 709 , 7523 , 0 , 5480 , 6108 , 6264 , 6076 , 5904 , 5976 , 6086 , 6044 , 5880 , 5910 , 5995 , 5894 , 6047 , 5574 , 4649 , 5574 , 6396 , 4889 , 3880 , 5829 , 5662 , 5662 , 5818 , 3624 , 6323 , 6116 , 6115 , 4654 , 3921 , 6392 , 
RegressionTest0::test39 , 7389 , 7098 , 7390 , 7384 , 7224 , 7389 , 7389 , 7389 , 6910 , 7240 , 7390 , 7382 , 7332 , 4081 , 7388 , 5279 , 4680 , 5918 , 6763 , 5160 , 5482 , 5646 , 7222 , 6922 , 5273 , 5419 , 5674 , 4572 , 4887 , 5312 , 5646 , 7073 , 6064 , 5679 , 4790 , 5660 , 5008 , 5480 , 0 , 10703 , 10865 , 10675 , 10486 , 10563 , 10684 , 10641 , 10458 , 10488 , 10590 , 10471 , 10644 , 10062 , 8967 , 10062 , 11000 , 9349 , 7894 , 10398 , 10191 , 10190 , 10353 , 7610 , 10920 , 10705 , 10705 , 9032 , 8131 , 10996 , 
SingularValueDecompositionImpl_ESTest::test00 , 4301 , 4615 , 4302 , 4268 , 4468 , 4302 , 4302 , 4302 , 4859 , 4502 , 4302 , 4268 , 4289 , 8970 , 4304 , 6273 , 7370 , 5763 , 5270 , 6505 , 5956 , 5779 , 4469 , 4816 , 6222 , 6050 , 5757 , 11932 , 6596 , 6314 , 5778 , 4687 , 5159 , 5647 , 7027 , 5670 , 12495 , 6108 , 10703 , 0 , 291 , 321 , 413 , 368 , 320 , 331 , 411 , 459 , 374 , 356 , 341 , 915 , 2288 , 915 , 394 , 1696 , 4091 , 572 , 750 , 751 , 614 , 4601 , 377 , 360 , 360 , 2144 , 3449 , 388 , 
SingularValueDecompositionImpl_ESTest::test01 , 4442 , 4755 , 4443 , 4432 , 4634 , 4443 , 4443 , 4443 , 5002 , 4646 , 4443 , 4432 , 4455 , 9130 , 4445 , 6427 , 7527 , 5920 , 5411 , 6659 , 6111 , 5929 , 4635 , 4958 , 6369 , 6207 , 5907 , 12093 , 6753 , 6470 , 5930 , 4852 , 5306 , 5797 , 7184 , 5821 , 12656 , 6264 , 10865 , 291 , 0 , 290 , 455 , 385 , 298 , 297 , 491 , 444 , 379 , 507 , 344 , 1087 , 2399 , 1087 , 204 , 1806 , 4217 , 581 , 788 , 789 , 668 , 4735 , 233 , 313 , 313 , 2254 , 3562 , 204 , 
SingularValueDecompositionImpl_ESTest::test02 , 4272 , 4579 , 4273 , 4261 , 4462 , 4273 , 4273 , 4273 , 4828 , 4473 , 4273 , 4261 , 4283 , 8940 , 4275 , 6241 , 7338 , 5732 , 5238 , 6473 , 5925 , 5743 , 4463 , 4782 , 6186 , 6020 , 5721 , 11903 , 6568 , 6282 , 5742 , 4680 , 5122 , 5612 , 6997 , 5637 , 12466 , 6076 , 10675 , 321 , 290 , 0 , 386 , 270 , 44 , 272 , 426 , 322 , 121 , 253 , 105 , 1002 , 2237 , 1002 , 376 , 1660 , 4051 , 523 , 671 , 676 , 572 , 4564 , 364 , 324 , 324 , 2105 , 3394 , 383 , 
SingularValueDecompositionImpl_ESTest::test03 , 4107 , 4416 , 4109 , 4098 , 4297 , 4109 , 4109 , 4109 , 4660 , 4308 , 4109 , 4098 , 4118 , 8748 , 4111 , 6069 , 7152 , 5564 , 5066 , 6290 , 5751 , 5573 , 4298 , 4615 , 6013 , 5849 , 5550 , 11713 , 6394 , 6105 , 5573 , 4512 , 4961 , 5444 , 6815 , 5471 , 12273 , 5904 , 10486 , 413 , 455 , 386 , 0 , 214 , 393 , 194 , 376 , 272 , 372 , 440 , 388 , 902 , 2085 , 902 , 560 , 1511 , 3891 , 484 , 601 , 600 , 503 , 4423 , 527 , 435 , 433 , 1964 , 3252 , 565 , 
SingularValueDecompositionImpl_ESTest::test04 , 4180 , 4485 , 4181 , 4170 , 4372 , 4181 , 4181 , 4181 , 4733 , 4382 , 4181 , 4170 , 4194 , 8827 , 4183 , 6139 , 7227 , 5633 , 5142 , 6363 , 5825 , 5641 , 4373 , 4690 , 6082 , 5917 , 5622 , 11792 , 6458 , 6176 , 5640 , 4589 , 5024 , 5517 , 6887 , 5536 , 12354 , 5976 , 10563 , 368 , 385 , 270 , 214 , 0 , 284 , 228 , 371 , 255 , 262 , 361 , 309 , 940 , 2154 , 940 , 477 , 1588 , 3970 , 492 , 621 , 621 , 526 , 4484 , 467 , 383 , 382 , 2031 , 3321 , 482 , 
SingularValueDecompositionImpl_ESTest::test05 , 4280 , 4587 , 4281 , 4269 , 4471 , 4281 , 4281 , 4281 , 4835 , 4482 , 4281 , 4269 , 4292 , 8949 , 4283 , 6248 , 7347 , 5740 , 5244 , 6479 , 5931 , 5750 , 4472 , 4790 , 6193 , 6027 , 5729 , 11911 , 6576 , 6290 , 5749 , 4688 , 5129 , 5619 , 7003 , 5642 , 12474 , 6086 , 10684 , 320 , 298 , 44 , 393 , 284 , 0 , 271 , 422 , 309 , 116 , 262 , 66 , 1006 , 2242 , 1006 , 376 , 1652 , 4062 , 523 , 681 , 683 , 557 , 4567 , 345 , 309 , 309 , 2106 , 3397 , 381 , 
SingularValueDecompositionImpl_ESTest::test06 , 4247 , 4553 , 4248 , 4236 , 4434 , 4248 , 4248 , 4248 , 4794 , 4445 , 4248 , 4236 , 4257 , 8904 , 4250 , 6209 , 7304 , 5702 , 5203 , 6442 , 5896 , 5712 , 4435 , 4751 , 6151 , 5988 , 5691 , 11868 , 6531 , 6251 , 5711 , 4654 , 5090 , 5584 , 6965 , 5606 , 12431 , 6044 , 10641 , 331 , 297 , 272 , 194 , 228 , 271 , 0 , 335 , 275 , 280 , 382 , 285 , 971 , 2212 , 971 , 405 , 1626 , 4024 , 492 , 663 , 662 , 517 , 4545 , 387 , 317 , 316 , 2080 , 3370 , 410 , 
SingularValueDecompositionImpl_ESTest::test07 , 4107 , 4413 , 4108 , 4097 , 4295 , 4108 , 4108 , 4108 , 4648 , 4306 , 4108 , 4097 , 4118 , 8722 , 4109 , 6043 , 7126 , 5535 , 5061 , 6272 , 5732 , 5551 , 4296 , 4612 , 5986 , 5827 , 5529 , 11686 , 6364 , 6085 , 5549 , 4511 , 4931 , 5420 , 6790 , 5446 , 12246 , 5880 , 10458 , 411 , 491 , 426 , 376 , 371 , 422 , 335 , 0 , 367 , 381 , 406 , 415 , 916 , 2077 , 916 , 593 , 1500 , 3885 , 472 , 605 , 600 , 548 , 4396 , 566 , 500 , 499 , 1933 , 3223 , 595 , 
SingularValueDecompositionImpl_ESTest::test08 , 4112 , 4422 , 4113 , 4103 , 4300 , 4114 , 4114 , 4114 , 4665 , 4312 , 4113 , 4103 , 4124 , 8754 , 4116 , 6072 , 7159 , 5569 , 5072 , 6305 , 5761 , 5579 , 4301 , 4622 , 6020 , 5856 , 5555 , 11722 , 6399 , 6116 , 5576 , 4520 , 4960 , 5447 , 6823 , 5471 , 12282 , 5910 , 10488 , 459 , 444 , 322 , 272 , 255 , 309 , 275 , 367 , 0 , 321 , 407 , 301 , 931 , 2085 , 931 , 559 , 1507 , 3896 , 499 , 605 , 605 , 515 , 4422 , 530 , 432 , 431 , 1964 , 3239 , 563 , 
SingularValueDecompositionImpl_ESTest::test09 , 4200 , 4504 , 4201 , 4189 , 4384 , 4201 , 4201 , 4201 , 4750 , 4395 , 4201 , 4189 , 4210 , 8854 , 4203 , 6156 , 7253 , 5652 , 5160 , 6385 , 5842 , 5664 , 4385 , 4702 , 6101 , 5936 , 5639 , 11815 , 6481 , 6197 , 5663 , 4604 , 5042 , 5532 , 6912 , 5557 , 12378 , 5995 , 10590 , 374 , 379 , 121 , 372 , 262 , 116 , 280 , 381 , 321 , 0 , 205 , 172 , 956 , 2162 , 956 , 462 , 1583 , 3980 , 530 , 626 , 628 , 548 , 4488 , 444 , 388 , 388 , 2036 , 3316 , 463 , 
SingularValueDecompositionImpl_ESTest::test10 , 4101 , 4390 , 4102 , 4085 , 4280 , 4102 , 4102 , 4102 , 4635 , 4296 , 4102 , 4085 , 4105 , 8731 , 4104 , 6074 , 7134 , 5540 , 5078 , 6303 , 5744 , 5586 , 4281 , 4587 , 6017 , 5855 , 5563 , 11713 , 6363 , 6119 , 5586 , 4500 , 4973 , 5453 , 6821 , 5478 , 12275 , 5894 , 10471 , 356 , 507 , 253 , 440 , 361 , 262 , 382 , 406 , 407 , 205 , 0 , 308 , 839 , 2119 , 839 , 592 , 1553 , 3915 , 569 , 636 , 636 , 567 , 4429 , 566 , 497 , 497 , 2007 , 3273 , 589 , 
SingularValueDecompositionImpl_ESTest::test11 , 4248 , 4555 , 4249 , 4238 , 4435 , 4249 , 4249 , 4249 , 4799 , 4446 , 4249 , 4238 , 4258 , 8907 , 4251 , 6211 , 7309 , 5703 , 5209 , 6444 , 5895 , 5717 , 4436 , 4755 , 6157 , 5993 , 5695 , 11870 , 6537 , 6255 , 5716 , 4652 , 5099 , 5585 , 6968 , 5610 , 12433 , 6047 , 10644 , 341 , 344 , 105 , 388 , 309 , 66 , 285 , 415 , 301 , 172 , 308 , 0 , 990 , 2214 , 990 , 415 , 1633 , 4035 , 528 , 672 , 674 , 551 , 4536 , 380 , 321 , 320 , 2085 , 3372 , 420 , 
SingularValueSolverTest::testSolveDimensionErrors , 3818 , 4110 , 3819 , 3806 , 3994 , 3819 , 3819 , 3819 , 4343 , 4008 , 3819 , 3806 , 3830 , 8362 , 3821 , 5757 , 6796 , 5241 , 4761 , 5974 , 5420 , 5270 , 3995 , 4301 , 5690 , 5539 , 5250 , 11275 , 6041 , 5792 , 5268 , 4197 , 4674 , 5143 , 6480 , 5161 , 11823 , 5574 , 10062 , 915 , 1087 , 1002 , 902 , 940 , 1006 , 971 , 916 , 931 , 956 , 839 , 990 , 0 , 1896 , 0 , 1161 , 1405 , 3615 , 938 , 899 , 896 , 856 , 4112 , 1120 , 999 , 999 , 1751 , 3018 , 1162 , 
SingularValueSolverTest::testLeastSquareSolve , 3172 , 3444 , 3173 , 3167 , 3340 , 3173 , 3173 , 3173 , 3650 , 3350 , 3173 , 3167 , 3189 , 7321 , 3175 , 4783 , 5796 , 4351 , 4008 , 4997 , 4504 , 4341 , 3341 , 3621 , 4730 , 4573 , 4301 , 10196 , 5085 , 4815 , 4340 , 3513 , 3784 , 4216 , 5486 , 4244 , 10723 , 4649 , 8967 , 2288 , 2399 , 2237 , 2085 , 2154 , 2242 , 2212 , 2077 , 2085 , 2162 , 2119 , 2214 , 1896 , 0 , 1896 , 2505 , 1447 , 2834 , 1987 , 1907 , 1911 , 1974 , 3190 , 2437 , 2281 , 2281 , 1403 , 2089 , 2505 , 
SingularValueSolverTest::testSolve , 3818 , 4110 , 3819 , 3806 , 3994 , 3819 , 3819 , 3819 , 4343 , 4008 , 3819 , 3806 , 3830 , 8362 , 3821 , 5757 , 6796 , 5241 , 4761 , 5974 , 5420 , 5270 , 3995 , 4301 , 5690 , 5539 , 5250 , 11275 , 6041 , 5792 , 5268 , 4197 , 4674 , 5143 , 6480 , 5161 , 11823 , 5574 , 10062 , 915 , 1087 , 1002 , 902 , 940 , 1006 , 971 , 916 , 931 , 956 , 839 , 990 , 0 , 1896 , 0 , 1161 , 1405 , 3615 , 938 , 899 , 896 , 856 , 4112 , 1120 , 999 , 999 , 1751 , 3018 , 1162 , 
SingularValueSolverTest::testConditionNumber , 4578 , 4892 , 4579 , 4568 , 4771 , 4579 , 4579 , 4579 , 5138 , 4782 , 4579 , 4568 , 4590 , 9264 , 4581 , 6561 , 7661 , 6052 , 5548 , 6794 , 6244 , 6062 , 4772 , 5095 , 6503 , 6340 , 6041 , 12230 , 6887 , 6603 , 6061 , 4989 , 5435 , 5930 , 7318 , 5954 , 12793 , 6396 , 11000 , 394 , 204 , 376 , 560 , 477 , 376 , 405 , 593 , 559 , 462 , 592 , 415 , 1161 , 2505 , 1161 , 0 , 1906 , 4336 , 662 , 889 , 890 , 747 , 4864 , 165 , 340 , 339 , 2359 , 3686 , 17 , 
SingularValueSolverTest::testTruncated , 3406 , 3692 , 3407 , 3396 , 3590 , 3407 , 3407 , 3407 , 3913 , 3601 , 3407 , 3396 , 3428 , 7660 , 3409 , 5045 , 6107 , 4557 , 4298 , 5266 , 4743 , 4552 , 3591 , 3889 , 5003 , 4830 , 4545 , 10571 , 5376 , 5078 , 4551 , 3783 , 3986 , 4442 , 5776 , 4455 , 11119 , 4889 , 9349 , 1696 , 1806 , 1660 , 1511 , 1588 , 1652 , 1626 , 1500 , 1507 , 1583 , 1553 , 1633 , 1405 , 1447 , 1405 , 1906 , 0 , 2560 , 1355 , 1256 , 1249 , 1483 , 3455 , 1859 , 1722 , 1721 , 1272 , 2354 , 1906 , 
SingularValueSolverTest::testMath320A , 2783 , 2985 , 2784 , 2772 , 2892 , 2784 , 2783 , 2784 , 3166 , 2903 , 2784 , 2773 , 2811 , 6285 , 2785 , 3989 , 4909 , 3614 , 3408 , 4172 , 3742 , 3587 , 2891 , 3104 , 3923 , 3808 , 3568 , 9101 , 4276 , 4024 , 3586 , 3023 , 3084 , 3472 , 4631 , 3493 , 9611 , 3880 , 7894 , 4091 , 4217 , 4051 , 3891 , 3970 , 4062 , 4024 , 3885 , 3896 , 3980 , 3915 , 4035 , 3615 , 2834 , 3615 , 4336 , 2560 , 0 , 3753 , 3626 , 3624 , 3788 , 2685 , 4273 , 4107 , 4107 , 2889 , 2527 , 4336 , 
SingularValueSolverTest::testMath320B , 4106 , 4411 , 4107 , 4097 , 4292 , 4108 , 4108 , 4108 , 4644 , 4303 , 4107 , 4097 , 4112 , 8667 , 4110 , 5996 , 7078 , 5487 , 5039 , 6224 , 5684 , 5502 , 4293 , 4606 , 5940 , 5781 , 5479 , 11627 , 6318 , 6037 , 5501 , 4507 , 4892 , 5374 , 6746 , 5403 , 12187 , 5829 , 10398 , 572 , 581 , 523 , 484 , 492 , 523 , 492 , 472 , 499 , 530 , 569 , 528 , 938 , 1987 , 938 , 662 , 1355 , 3753 , 0 , 613 , 614 , 570 , 4294 , 645 , 569 , 569 , 1841 , 3134 , 664 , 
SingularValueDecompositionImplTest::testMoreRows , 3930 , 4233 , 3931 , 3920 , 4114 , 3931 , 3931 , 3931 , 4473 , 4125 , 3931 , 3920 , 3942 , 8476 , 3933 , 5817 , 6895 , 5316 , 4860 , 6050 , 5512 , 5330 , 4115 , 4430 , 5767 , 5605 , 5309 , 11422 , 6144 , 5861 , 5330 , 4325 , 4717 , 5200 , 6564 , 5225 , 11980 , 5662 , 10191 , 750 , 788 , 671 , 601 , 621 , 681 , 663 , 605 , 605 , 626 , 636 , 672 , 899 , 1907 , 899 , 889 , 1256 , 3626 , 613 , 0 , 38 , 666 , 4154 , 866 , 768 , 768 , 1764 , 2992 , 889 , 
SingularValueDecompositionImplTest::testMoreColumns , 3932 , 4235 , 3933 , 3922 , 4116 , 3933 , 3933 , 3933 , 4475 , 4127 , 3933 , 3922 , 3944 , 8479 , 3935 , 5817 , 6895 , 5316 , 4862 , 6050 , 5512 , 5330 , 4117 , 4431 , 5767 , 5605 , 5309 , 11422 , 6144 , 5861 , 5330 , 4327 , 4717 , 5200 , 6564 , 5225 , 11980 , 5662 , 10190 , 751 , 789 , 676 , 600 , 621 , 683 , 662 , 600 , 605 , 628 , 636 , 674 , 896 , 1911 , 896 , 890 , 1249 , 3624 , 614 , 38 , 0 , 666 , 4154 , 867 , 768 , 769 , 1761 , 2989 , 890 , 
SingularValueDecompositionImplTest::testDimensions , 4037 , 4333 , 4038 , 4027 , 4222 , 4038 , 4038 , 4038 , 4578 , 4233 , 4038 , 4027 , 4051 , 8638 , 4040 , 5977 , 7053 , 5473 , 4977 , 6200 , 5669 , 5485 , 4223 , 4537 , 5914 , 5760 , 5471 , 11577 , 6292 , 6014 , 5483 , 4431 , 4878 , 5364 , 6713 , 5386 , 12137 , 5818 , 10353 , 614 , 668 , 572 , 503 , 526 , 557 , 517 , 548 , 515 , 548 , 567 , 551 , 856 , 1974 , 856 , 747 , 1483 , 3788 , 570 , 666 , 666 , 0 , 4308 , 688 , 589 , 589 , 1845 , 3129 , 742 , 
SingularValueDecompositionImplTest::testHadamard , 3156 , 3292 , 3157 , 3151 , 3209 , 3157 , 3157 , 3157 , 3447 , 3213 , 3157 , 3151 , 3145 , 6200 , 3160 , 3740 , 4705 , 3344 , 3656 , 3927 , 3494 , 3333 , 3208 , 3424 , 3534 , 3538 , 3305 , 8993 , 3900 , 3776 , 3332 , 3305 , 2844 , 3218 , 4281 , 3241 , 9524 , 3624 , 7610 , 4601 , 4735 , 4564 , 4423 , 4484 , 4567 , 4545 , 4396 , 4422 , 4488 , 4429 , 4536 , 4112 , 3190 , 4112 , 4864 , 3455 , 2685 , 4294 , 4154 , 4154 , 4308 , 0 , 4799 , 4611 , 4610 , 3284 , 2588 , 4860 , 
SingularValueDecompositionImplTest::testAEqualUSVt , 4506 , 4817 , 4507 , 4496 , 4698 , 4508 , 4508 , 4508 , 5064 , 4710 , 4507 , 4496 , 4518 , 9189 , 4509 , 6486 , 7586 , 5980 , 5475 , 6720 , 6170 , 5990 , 4699 , 5021 , 6430 , 6266 , 5968 , 12152 , 6813 , 6529 , 5988 , 4915 , 5364 , 5857 , 7242 , 5881 , 12714 , 6323 , 10920 , 377 , 233 , 364 , 527 , 467 , 345 , 387 , 566 , 530 , 444 , 566 , 380 , 1120 , 2437 , 1120 , 165 , 1859 , 4273 , 645 , 866 , 867 , 688 , 4799 , 0 , 246 , 247 , 2301 , 3618 , 167 , 
SingularValueDecompositionImplTest::testUOrthogonal , 4307 , 4612 , 4308 , 4297 , 4497 , 4308 , 4308 , 4308 , 4861 , 4508 , 4308 , 4297 , 4321 , 8977 , 4310 , 6275 , 7376 , 5770 , 5266 , 6509 , 5962 , 5781 , 4498 , 4817 , 6219 , 6058 , 5760 , 11931 , 6598 , 6319 , 5780 , 4717 , 5159 , 5650 , 7029 , 5673 , 12493 , 6116 , 10705 , 360 , 313 , 324 , 435 , 383 , 309 , 317 , 500 , 432 , 388 , 497 , 321 , 999 , 2281 , 999 , 340 , 1722 , 4107 , 569 , 768 , 768 , 589 , 4611 , 246 , 0 , 3 , 2152 , 3439 , 331 , 
SingularValueDecompositionImplTest::testVOrthogonal , 4305 , 4612 , 4306 , 4295 , 4498 , 4306 , 4306 , 4306 , 4860 , 4509 , 4306 , 4295 , 4320 , 8977 , 4308 , 6275 , 7376 , 5770 , 5264 , 6509 , 5961 , 5781 , 4499 , 4816 , 6219 , 6057 , 5760 , 11930 , 6598 , 6318 , 5780 , 4716 , 5159 , 5650 , 7029 , 5673 , 12493 , 6115 , 10705 , 360 , 313 , 324 , 433 , 382 , 309 , 316 , 499 , 431 , 388 , 497 , 320 , 999 , 2281 , 999 , 339 , 1721 , 4107 , 569 , 768 , 769 , 589 , 4610 , 247 , 3 , 0 , 2151 , 3440 , 331 , 
SingularValueDecompositionImplTest::testMatricesValues1 , 3297 , 3575 , 3298 , 3287 , 3458 , 3298 , 3298 , 3298 , 3797 , 3468 , 3298 , 3287 , 3295 , 7399 , 3299 , 4788 , 5843 , 4352 , 4140 , 5012 , 4507 , 4326 , 3459 , 3753 , 4752 , 4573 , 4314 , 10264 , 5113 , 4828 , 4324 , 3650 , 3762 , 4206 , 5491 , 4218 , 10803 , 4654 , 9032 , 2144 , 2254 , 2105 , 1964 , 2031 , 2106 , 2080 , 1933 , 1964 , 2036 , 2007 , 2085 , 1751 , 1403 , 1751 , 2359 , 1272 , 2889 , 1841 , 1764 , 1761 , 1845 , 3284 , 2301 , 2152 , 2151 , 0 , 1767 , 2354 , 
SingularValueDecompositionImplTest::testMatricesValues2 , 3094 , 3331 , 3095 , 3085 , 3239 , 3095 , 3095 , 3095 , 3515 , 3250 , 3095 , 3085 , 3094 , 6592 , 3096 , 4042 , 5061 , 3608 , 3785 , 4263 , 3767 , 3592 , 3240 , 3485 , 4010 , 3842 , 3582 , 9408 , 4362 , 4079 , 3592 , 3378 , 3044 , 3474 , 4735 , 3495 , 9954 , 3921 , 8131 , 3449 , 3562 , 3394 , 3252 , 3321 , 3397 , 3370 , 3223 , 3239 , 3316 , 3273 , 3372 , 3018 , 2089 , 3018 , 3686 , 2354 , 2527 , 3134 , 2992 , 2989 , 3129 , 2588 , 3618 , 3439 , 3440 , 1767 , 0 , 3684 , 
SingularValueDecompositionImplTest::testConditionNumber , 4575 , 4888 , 4576 , 4564 , 4767 , 4575 , 4576 , 4576 , 5135 , 4779 , 4576 , 4565 , 4588 , 9260 , 4578 , 6557 , 7656 , 6048 , 5546 , 6790 , 6240 , 6058 , 4768 , 5092 , 6500 , 6336 , 6037 , 12226 , 6884 , 6600 , 6057 , 4986 , 5432 , 5926 , 7315 , 5950 , 12789 , 6392 , 10996 , 388 , 204 , 383 , 565 , 482 , 381 , 410 , 595 , 563 , 463 , 589 , 420 , 1162 , 2505 , 1162 , 17 , 1906 , 4336 , 664 , 889 , 890 , 742 , 4860 , 167 , 331 , 331 , 2354 , 3684 , 0 , 
The time of execution of above matrix is :13451.027393341064
