: , RegressionTest0::test1 , RegressionTest0::test2 , RegressionTest0::test3 , RegressionTest0::test4 , RegressionTest0::test5 , RegressionTest0::test6 , RegressionTest0::test7 , RegressionTest0::test8 , RegressionTest0::test9 , SimplexTableauTest::testInitialization , SimplexTableauTest::testDropPhase1Objective , SimplexTableauTest::testTableauWithNoArtificialVars , SimplexTableauTest::testSerial , SimplexSolverTest::testMath781 , SimplexSolverTest::testMath713NegativeVariable , SimplexSolverTest::testMath434NegativeVariable , SimplexSolverTest::testMath434UnfeasibleSolution , SimplexSolverTest::testMath434PivotRowSelection , SimplexSolverTest::testMath434PivotRowSelection2 , SimplexSolverTest::testMath272 , SimplexSolverTest::testMath286 , SimplexSolverTest::testDegeneracy , SimplexSolverTest::testMath288 , SimplexSolverTest::testMath290GEQ , SimplexSolverTest::testMath290LEQ , SimplexSolverTest::testMath293 , SimplexSolverTest::testSimplexSolver , SimplexSolverTest::testSingleVariableAndConstraint , SimplexSolverTest::testModelWithNoArtificialVars , SimplexSolverTest::testMinimization , SimplexSolverTest::testSolutionWithNegativeDecisionVariable , SimplexSolverTest::testInfeasibleSolution , SimplexSolverTest::testUnboundedSolution , SimplexSolverTest::testRestrictVariablesToNonNegative , SimplexSolverTest::testEpsilon , SimplexSolverTest::testTrivialModel , SimplexSolverTest::testLargeModel , SimplexTableau_ESTest::test00 , SimplexTableau_ESTest::test01 , SimplexTableau_ESTest::test02 , SimplexTableau_ESTest::test03 , SimplexTableau_ESTest::test04 , SimplexTableau_ESTest::test05 , SimplexTableau_ESTest::test06 , SimplexTableau_ESTest::test07 , SimplexTableau_ESTest::test08 , SimplexTableau_ESTest::test09 , SimplexTableau_ESTest::test10 , SimplexTableau_ESTest::test11 , SimplexTableau_ESTest::test12 , SimplexTableau_ESTest::test13 , SimplexTableau_ESTest::test14 , SimplexTableau_ESTest::test15 , SimplexTableau_ESTest::test16 , SimplexTableau_ESTest::test17 , SimplexTableau_ESTest::test18 , SimplexTableau_ESTest::test19 , SimplexTableau_ESTest::test20 , SimplexTableau_ESTest::test21 , SimplexTableau_ESTest::test22 , SimplexTableau_ESTest::test23 , SimplexTableau_ESTest::test24 , SimplexTableau_ESTest::test25 , SimplexTableau_ESTest::test26 , 
RegressionTest0::test1 , 0 , 2035 , 3145 , 1879 , 2643 , 7423 , 2903 , 2520 , 4453 , 2410 , 2500 , 2409 , 3294 , 2182 , 2686 , 2436 , 2737 , 2541 , 4312 , 2345 , 2832 , 2561 , 2307 , 2695 , 2980 , 5891 , 2451 , 2822 , 2436 , 2431 , 2538 , 2896 , 2985 , 2319 , 2297 , 2890 , 24127 , 3127 , 2950 , 2904 , 2869 , 3151 , 2874 , 2987 , 2897 , 3171 , 2967 , 3109 , 3071 , 3071 , 2865 , 3072 , 3134 , 2964 , 3092 , 3095 , 2967 , 2807 , 2780 , 2759 , 2891 , 2955 , 2870 , 2941 , 
RegressionTest0::test2 , 2035 , 0 , 4584 , 3211 , 4089 , 6472 , 2455 , 3972 , 3766 , 3446 , 3731 , 3342 , 4728 , 3438 , 4069 , 3772 , 4121 , 3926 , 3911 , 3628 , 3128 , 3912 , 3482 , 4087 , 4388 , 5533 , 3748 , 4231 , 3747 , 3743 , 3898 , 4289 , 4385 , 3080 , 3588 , 4282 , 23174 , 4557 , 4377 , 4343 , 4281 , 4576 , 4305 , 4413 , 4311 , 4599 , 4394 , 4541 , 4493 , 4491 , 4275 , 4492 , 4566 , 4406 , 4524 , 4525 , 4403 , 4247 , 4216 , 4194 , 4332 , 4394 , 4312 , 4369 , 
RegressionTest0::test3 , 3145 , 4584 , 0 , 1868 , 568 , 10102 , 5114 , 683 , 6831 , 2858 , 1819 , 3116 , 312 , 2013 , 875 , 1344 , 831 , 1021 , 5871 , 1683 , 4136 , 1167 , 2288 , 845 , 499 , 7869 , 1407 , 641 , 1395 , 1405 , 1123 , 602 , 497 , 3507 , 1724 , 610 , 26829 , 323 , 482 , 461 , 580 , 313 , 568 , 439 , 544 , 306 , 473 , 331 , 371 , 372 , 579 , 371 , 321 , 458 , 345 , 348 , 461 , 620 , 662 , 694 , 524 , 469 , 551 , 491 , 
RegressionTest0::test4 , 1879 , 3211 , 1868 , 0 , 1501 , 8319 , 3465 , 1405 , 5082 , 2127 , 1569 , 2337 , 1998 , 1375 , 1456 , 1367 , 1520 , 1387 , 4726 , 1366 , 3033 , 1443 , 1654 , 1478 , 1721 , 6543 , 1367 , 1577 , 1380 , 1386 , 1407 , 1658 , 1723 , 2479 , 1358 , 1652 , 25098 , 1840 , 1681 , 1682 , 1605 , 1863 , 1611 , 1707 , 1633 , 1874 , 1694 , 1818 , 1795 , 1792 , 1601 , 1793 , 1843 , 1700 , 1802 , 1804 , 1694 , 1567 , 1544 , 1524 , 1636 , 1692 , 1620 , 1671 , 
RegressionTest0::test5 , 2643 , 4089 , 568 , 1501 , 0 , 9570 , 4638 , 224 , 6344 , 2563 , 1612 , 2802 , 759 , 1689 , 715 , 1090 , 683 , 836 , 5461 , 1389 , 3724 , 951 , 1983 , 650 , 626 , 7410 , 1152 , 602 , 1136 , 1145 , 909 , 620 , 630 , 3104 , 1424 , 612 , 26308 , 665 , 590 , 519 , 578 , 676 , 592 , 620 , 579 , 674 , 621 , 645 , 631 , 631 , 563 , 630 , 666 , 586 , 644 , 644 , 578 , 545 , 546 , 561 , 555 , 585 , 554 , 582 , 
RegressionTest0::test6 , 7423 , 6472 , 10102 , 8319 , 9570 , 0 , 5702 , 9455 , 4165 , 8339 , 8869 , 8182 , 10247 , 8575 , 9431 , 9079 , 9498 , 9317 , 7206 , 8856 , 7558 , 9252 , 8528 , 9467 , 9838 , 6780 , 9060 , 9672 , 9057 , 9050 , 9257 , 9736 , 9843 , 7807 , 8809 , 9721 , 20060 , 10063 , 9843 , 9813 , 9738 , 10087 , 9763 , 9894 , 9775 , 10109 , 9870 , 10041 , 9989 , 9988 , 9735 , 9989 , 10067 , 9880 , 10021 , 10018 , 9872 , 9700 , 9658 , 9628 , 9799 , 9868 , 9776 , 9847 , 
RegressionTest0::test7 , 2903 , 2455 , 5114 , 3465 , 4638 , 5702 , 0 , 4530 , 2639 , 3839 , 4170 , 3749 , 5245 , 3847 , 4536 , 4241 , 4609 , 4418 , 3888 , 4088 , 3411 , 4397 , 3897 , 4569 , 4890 , 5316 , 4230 , 4728 , 4239 , 4234 , 4380 , 4797 , 4891 , 3471 , 4056 , 4787 , 22731 , 5068 , 4886 , 4855 , 4787 , 5093 , 4795 , 4921 , 4821 , 5113 , 4899 , 5052 , 4996 , 4996 , 4785 , 4996 , 5076 , 4909 , 5031 , 5028 , 4903 , 4736 , 4701 , 4679 , 4831 , 4896 , 4810 , 4877 , 
RegressionTest0::test8 , 2520 , 3972 , 683 , 1405 , 224 , 9455 , 4530 , 0 , 6226 , 2499 , 1563 , 2740 , 869 , 1615 , 723 , 1028 , 691 , 810 , 5366 , 1331 , 3635 , 910 , 1933 , 661 , 699 , 7316 , 1099 , 660 , 1082 , 1100 , 861 , 686 , 700 , 3019 , 1371 , 678 , 26190 , 736 , 660 , 598 , 611 , 752 , 649 , 667 , 619 , 765 , 696 , 713 , 714 , 714 , 606 , 714 , 738 , 627 , 698 , 695 , 622 , 562 , 581 , 597 , 580 , 628 , 585 , 623 , 
RegressionTest0::test9 , 4453 , 3766 , 6831 , 5082 , 6344 , 4165 , 2639 , 6226 , 0 , 5343 , 5760 , 5189 , 6963 , 5452 , 6214 , 5888 , 6283 , 6095 , 4811 , 5714 , 4713 , 6051 , 5449 , 6250 , 6583 , 5034 , 5873 , 6422 , 5879 , 5869 , 6050 , 6487 , 6580 , 4868 , 5673 , 6471 , 21672 , 6784 , 6588 , 6557 , 6482 , 6808 , 6496 , 6622 , 6517 , 6829 , 6598 , 6761 , 6711 , 6711 , 6482 , 6711 , 6789 , 6609 , 6741 , 6744 , 6603 , 6436 , 6408 , 6378 , 6530 , 6595 , 6513 , 6573 , 
SimplexTableauTest::testInitialization , 2410 , 3446 , 2858 , 2127 , 2563 , 8339 , 3839 , 2499 , 5343 , 0 , 1355 , 1419 , 2933 , 1945 , 2373 , 2130 , 2386 , 2315 , 3911 , 2006 , 2605 , 2191 , 1686 , 2417 , 2623 , 5862 , 2109 , 2542 , 2121 , 2110 , 2241 , 2554 , 2611 , 2177 , 2007 , 2559 , 24309 , 2799 , 2648 , 2652 , 2586 , 2815 , 2609 , 2696 , 2615 , 2832 , 2659 , 2792 , 2749 , 2747 , 2590 , 2747 , 2799 , 2677 , 2775 , 2779 , 2675 , 2549 , 2532 , 2513 , 2617 , 2666 , 2605 , 2648 , 
SimplexTableauTest::testDropPhase1Objective , 2500 , 3731 , 1819 , 1569 , 1612 , 8869 , 4170 , 1563 , 5760 , 1355 , 0 , 1786 , 1869 , 1408 , 1435 , 1285 , 1449 , 1420 , 4484 , 1161 , 2899 , 1320 , 1388 , 1446 , 1605 , 6489 , 1251 , 1562 , 1266 , 1236 , 1365 , 1561 , 1604 , 2457 , 1269 , 1539 , 25192 , 1765 , 1658 , 1674 , 1609 , 1776 , 1607 , 1687 , 1628 , 1797 , 1647 , 1766 , 1733 , 1729 , 1610 , 1731 , 1774 , 1666 , 1749 , 1745 , 1662 , 1574 , 1566 , 1556 , 1620 , 1657 , 1607 , 1642 , 
SimplexTableauTest::testTableauWithNoArtificialVars , 2409 , 3342 , 3116 , 2337 , 2802 , 8182 , 3749 , 2740 , 5189 , 1419 , 1786 , 0 , 3215 , 2006 , 2536 , 2275 , 2608 , 2481 , 3730 , 2108 , 2393 , 2130 , 1797 , 2547 , 2845 , 5522 , 2061 , 2705 , 1973 , 2127 , 2300 , 2744 , 2803 , 2039 , 2088 , 2755 , 24217 , 3053 , 2890 , 2877 , 2818 , 3072 , 2845 , 2928 , 2850 , 3093 , 2904 , 3043 , 3002 , 2999 , 2825 , 3000 , 3052 , 2921 , 3027 , 3031 , 2922 , 2785 , 2770 , 2743 , 2865 , 2913 , 2839 , 2893 , 
SimplexTableauTest::testSerial , 3294 , 4728 , 312 , 1998 , 759 , 10247 , 5245 , 869 , 6963 , 2933 , 1869 , 3215 , 0 , 2100 , 925 , 1404 , 875 , 1078 , 5993 , 1752 , 4236 , 1207 , 2381 , 891 , 495 , 8000 , 1467 , 663 , 1456 , 1464 , 1167 , 606 , 499 , 3604 , 1798 , 608 , 26961 , 274 , 482 , 534 , 588 , 272 , 571 , 440 , 548 , 257 , 468 , 288 , 342 , 343 , 578 , 342 , 269 , 439 , 301 , 293 , 444 , 627 , 665 , 698 , 520 , 452 , 548 , 472 , 
SimplexSolverTest::testMath781 , 2182 , 3438 , 2013 , 1375 , 1689 , 8575 , 3847 , 1615 , 5452 , 1945 , 1408 , 2006 , 2100 , 0 , 1289 , 947 , 1476 , 1260 , 4346 , 747 , 2671 , 1131 , 1105 , 1431 , 1727 , 6247 , 913 , 1567 , 937 , 926 , 1161 , 1641 , 1716 , 1987 , 675 , 1602 , 25008 , 1942 , 1786 , 1801 , 1717 , 1971 , 1729 , 1821 , 1747 , 1979 , 1799 , 1934 , 1890 , 1890 , 1720 , 1891 , 1955 , 1810 , 1919 , 1916 , 1811 , 1682 , 1660 , 1641 , 1738 , 1798 , 1729 , 1782 , 
SimplexSolverTest::testMath713NegativeVariable , 2686 , 4069 , 875 , 1456 , 715 , 9431 , 4536 , 723 , 6214 , 2373 , 1435 , 2536 , 925 , 1289 , 0 , 750 , 548 , 584 , 5231 , 1093 , 3493 , 674 , 1727 , 384 , 590 , 7206 , 845 , 464 , 830 , 835 , 575 , 565 , 599 , 2886 , 1145 , 401 , 26102 , 807 , 693 , 741 , 693 , 827 , 675 , 737 , 699 , 829 , 700 , 794 , 756 , 757 , 679 , 758 , 814 , 708 , 781 , 773 , 703 , 632 , 640 , 616 , 669 , 703 , 664 , 694 , 
SimplexSolverTest::testMath434NegativeVariable , 2436 , 3772 , 1344 , 1367 , 1090 , 9079 , 4241 , 1028 , 5888 , 2130 , 1285 , 2275 , 1404 , 947 , 750 , 0 , 810 , 630 , 4806 , 698 , 3092 , 602 , 1392 , 763 , 1031 , 6808 , 620 , 871 , 604 , 614 , 447 , 956 , 1016 , 2475 , 744 , 909 , 25637 , 1256 , 1126 , 1147 , 1085 , 1276 , 1101 , 1168 , 1095 , 1286 , 1127 , 1243 , 1201 , 1201 , 1081 , 1201 , 1262 , 1141 , 1227 , 1233 , 1138 , 1048 , 1042 , 1026 , 1087 , 1136 , 1083 , 1123 , 
SimplexSolverTest::testMath434UnfeasibleSolution , 2737 , 4121 , 831 , 1520 , 683 , 9498 , 4609 , 691 , 6283 , 2386 , 1449 , 2608 , 875 , 1476 , 548 , 810 , 0 , 693 , 5274 , 1182 , 3592 , 715 , 1772 , 517 , 504 , 7262 , 948 , 555 , 939 , 937 , 703 , 433 , 517 , 2926 , 1181 , 495 , 26180 , 745 , 662 , 693 , 613 , 738 , 651 , 692 , 646 , 760 , 661 , 736 , 720 , 717 , 627 , 717 , 743 , 654 , 735 , 739 , 655 , 631 , 631 , 644 , 628 , 650 , 640 , 654 , 
SimplexSolverTest::testMath434PivotRowSelection , 2541 , 3926 , 1021 , 1387 , 836 , 9317 , 4418 , 810 , 6095 , 2315 , 1420 , 2481 , 1078 , 1260 , 584 , 630 , 693 , 0 , 5106 , 1001 , 3419 , 636 , 1640 , 572 , 763 , 7088 , 779 , 593 , 761 , 767 , 501 , 651 , 802 , 2748 , 1043 , 674 , 25965 , 941 , 821 , 858 , 767 , 969 , 811 , 857 , 794 , 972 , 843 , 936 , 895 , 897 , 790 , 897 , 950 , 844 , 923 , 927 , 843 , 751 , 761 , 750 , 784 , 833 , 799 , 834 , 
SimplexSolverTest::testMath434PivotRowSelection2 , 4312 , 3911 , 5871 , 4726 , 5461 , 7206 , 3888 , 5366 , 4811 , 3911 , 4484 , 3730 , 5993 , 4346 , 5231 , 4806 , 5274 , 5106 , 0 , 4604 , 2873 , 5009 , 4090 , 5251 , 5602 , 4094 , 4816 , 5452 , 4826 , 4811 , 5015 , 5510 , 5596 , 3483 , 4579 , 5487 , 22258 , 5813 , 5614 , 5616 , 5521 , 5835 , 5544 , 5668 , 5558 , 5857 , 5641 , 5790 , 5742 , 5742 , 5519 , 5743 , 5817 , 5654 , 5772 , 5769 , 5642 , 5505 , 5460 , 5433 , 5581 , 5640 , 5565 , 5621 , 
SimplexSolverTest::testMath272 , 2345 , 3628 , 1683 , 1366 , 1389 , 8856 , 4088 , 1331 , 5714 , 2006 , 1161 , 2108 , 1752 , 747 , 1093 , 698 , 1182 , 1001 , 4604 , 0 , 2774 , 750 , 1040 , 1032 , 1372 , 6492 , 573 , 1199 , 578 , 580 , 821 , 1253 , 1357 , 2111 , 393 , 1254 , 25311 , 1594 , 1449 , 1478 , 1393 , 1621 , 1415 , 1488 , 1407 , 1627 , 1464 , 1585 , 1545 , 1545 , 1389 , 1546 , 1605 , 1472 , 1569 , 1572 , 1467 , 1362 , 1346 , 1333 , 1411 , 1468 , 1399 , 1445 , 
SimplexSolverTest::testMath286 , 2832 , 3128 , 4136 , 3033 , 3724 , 7558 , 3411 , 3635 , 4713 , 2605 , 2899 , 2393 , 4236 , 2671 , 3493 , 3092 , 3592 , 3419 , 2873 , 2774 , 0 , 3209 , 2345 , 3500 , 3858 , 4190 , 2990 , 3685 , 3014 , 3027 , 3254 , 3740 , 3852 , 1690 , 2790 , 3731 , 23370 , 4066 , 3881 , 3885 , 3804 , 4087 , 3817 , 3933 , 3829 , 4103 , 3905 , 4041 , 4003 , 4002 , 3799 , 4004 , 4066 , 3916 , 4023 , 4026 , 3900 , 3763 , 3721 , 3698 , 3845 , 3901 , 3824 , 3887 , 
SimplexSolverTest::testDegeneracy , 2561 , 3912 , 1167 , 1443 , 951 , 9252 , 4397 , 910 , 6051 , 2191 , 1320 , 2130 , 1207 , 1131 , 674 , 602 , 715 , 636 , 5009 , 750 , 3209 , 0 , 1362 , 592 , 818 , 6934 , 395 , 709 , 288 , 449 , 384 , 705 , 769 , 2565 , 778 , 704 , 25840 , 1067 , 938 , 968 , 911 , 1080 , 942 , 976 , 930 , 1095 , 968 , 1053 , 1018 , 1018 , 907 , 1018 , 1074 , 953 , 1036 , 1044 , 952 , 867 , 854 , 845 , 924 , 947 , 898 , 934 , 
SimplexSolverTest::testMath288 , 2307 , 3482 , 2288 , 1654 , 1983 , 8528 , 3897 , 1933 , 5449 , 1686 , 1388 , 1797 , 2381 , 1105 , 1727 , 1392 , 1772 , 1640 , 4090 , 1040 , 2345 , 1362 , 0 , 1717 , 1979 , 6027 , 1285 , 1870 , 1283 , 1278 , 1483 , 1878 , 1980 , 1645 , 1059 , 1866 , 24763 , 2229 , 2062 , 2088 , 1994 , 2243 , 2020 , 2107 , 2021 , 2254 , 2075 , 2208 , 2164 , 2161 , 1998 , 2162 , 2232 , 2090 , 2196 , 2195 , 2090 , 1976 , 1953 , 1934 , 2043 , 2082 , 2021 , 2064 , 
SimplexSolverTest::testMath290GEQ , 2695 , 4087 , 845 , 1478 , 650 , 9467 , 4569 , 661 , 6250 , 2417 , 1446 , 2547 , 891 , 1431 , 384 , 763 , 517 , 572 , 5251 , 1032 , 3500 , 592 , 1717 , 0 , 420 , 7228 , 832 , 368 , 802 , 852 , 560 , 547 , 478 , 2845 , 1115 , 370 , 26142 , 754 , 653 , 702 , 624 , 778 , 660 , 680 , 623 , 779 , 671 , 736 , 712 , 713 , 616 , 713 , 761 , 657 , 729 , 732 , 652 , 608 , 605 , 599 , 614 , 654 , 621 , 655 , 
SimplexSolverTest::testMath290LEQ , 2980 , 4388 , 499 , 1721 , 626 , 9838 , 4890 , 699 , 6583 , 2623 , 1605 , 2845 , 495 , 1727 , 590 , 1031 , 504 , 763 , 5602 , 1372 , 3858 , 818 , 1979 , 420 , 0 , 7588 , 1077 , 426 , 1061 , 1098 , 784 , 293 , 60 , 3204 , 1404 , 255 , 26548 , 397 , 428 , 497 , 470 , 407 , 494 , 409 , 452 , 406 , 426 , 387 , 386 , 384 , 479 , 384 , 396 , 423 , 392 , 382 , 419 , 519 , 558 , 590 , 438 , 428 , 456 , 431 , 
SimplexSolverTest::testMath293 , 5891 , 5533 , 7869 , 6543 , 7410 , 6780 , 5316 , 7316 , 5034 , 5862 , 6489 , 5522 , 8000 , 6247 , 7206 , 6808 , 7262 , 7088 , 4094 , 6492 , 4190 , 6934 , 6027 , 7228 , 7588 , 0 , 6728 , 7428 , 6738 , 6740 , 6984 , 7480 , 7588 , 5172 , 6479 , 7478 , 21262 , 7816 , 7601 , 7588 , 7501 , 7838 , 7527 , 7647 , 7538 , 7861 , 7622 , 7792 , 7745 , 7744 , 7507 , 7745 , 7818 , 7636 , 7772 , 7772 , 7629 , 7469 , 7428 , 7398 , 7556 , 7620 , 7534 , 7599 , 
SimplexSolverTest::testSimplexSolver , 2451 , 3748 , 1407 , 1367 , 1152 , 9060 , 4230 , 1099 , 5873 , 2109 , 1251 , 2061 , 1467 , 913 , 845 , 620 , 948 , 779 , 4816 , 573 , 2990 , 395 , 1285 , 832 , 1077 , 6728 , 0 , 903 , 133 , 188 , 458 , 969 , 1054 , 2349 , 564 , 973 , 25604 , 1313 , 1178 , 1189 , 1124 , 1335 , 1153 , 1213 , 1134 , 1349 , 1199 , 1297 , 1259 , 1258 , 1114 , 1259 , 1318 , 1187 , 1288 , 1287 , 1187 , 1085 , 1085 , 1074 , 1132 , 1186 , 1120 , 1166 , 
SimplexSolverTest::testSingleVariableAndConstraint , 2822 , 4231 , 641 , 1577 , 602 , 9672 , 4728 , 660 , 6422 , 2542 , 1562 , 2705 , 663 , 1567 , 464 , 871 , 555 , 593 , 5452 , 1199 , 3685 , 709 , 1870 , 368 , 426 , 7428 , 903 , 0 , 894 , 909 , 607 , 311 , 428 , 3041 , 1211 , 308 , 26371 , 550 , 464 , 564 , 495 , 555 , 490 , 506 , 478 , 565 , 514 , 533 , 520 , 522 , 487 , 522 , 554 , 470 , 529 , 532 , 470 , 455 , 505 , 512 , 433 , 466 , 473 , 485 , 
SimplexSolverTest::testModelWithNoArtificialVars , 2436 , 3747 , 1395 , 1380 , 1136 , 9057 , 4239 , 1082 , 5879 , 2121 , 1266 , 1973 , 1456 , 937 , 830 , 604 , 939 , 761 , 4826 , 578 , 3014 , 288 , 1283 , 802 , 1061 , 6738 , 133 , 894 , 0 , 231 , 434 , 953 , 1010 , 2362 , 578 , 964 , 25608 , 1294 , 1169 , 1175 , 1122 , 1327 , 1151 , 1201 , 1138 , 1334 , 1172 , 1292 , 1245 , 1244 , 1120 , 1244 , 1311 , 1181 , 1275 , 1281 , 1179 , 1082 , 1075 , 1062 , 1120 , 1176 , 1112 , 1161 , 
SimplexSolverTest::testMinimization , 2431 , 3743 , 1405 , 1386 , 1145 , 9050 , 4234 , 1100 , 5869 , 2110 , 1236 , 2127 , 1464 , 926 , 835 , 614 , 937 , 767 , 4811 , 580 , 3027 , 449 , 1278 , 852 , 1098 , 6740 , 188 , 909 , 231 , 0 , 472 , 981 , 1069 , 2350 , 576 , 979 , 25598 , 1317 , 1177 , 1206 , 1131 , 1342 , 1154 , 1217 , 1148 , 1347 , 1188 , 1308 , 1266 , 1266 , 1131 , 1266 , 1327 , 1197 , 1293 , 1291 , 1189 , 1100 , 1084 , 1066 , 1138 , 1189 , 1124 , 1165 , 
SimplexSolverTest::testSolutionWithNegativeDecisionVariable , 2538 , 3898 , 1123 , 1407 , 909 , 9257 , 4380 , 861 , 6050 , 2241 , 1365 , 2300 , 1167 , 1161 , 575 , 447 , 703 , 501 , 5015 , 821 , 3254 , 384 , 1483 , 560 , 784 , 6984 , 458 , 607 , 434 , 472 , 0 , 669 , 783 , 2605 , 834 , 671 , 25871 , 1025 , 915 , 943 , 875 , 1050 , 903 , 951 , 891 , 1059 , 918 , 1020 , 972 , 971 , 875 , 971 , 1035 , 923 , 1008 , 1007 , 915 , 834 , 832 , 817 , 875 , 919 , 875 , 903 , 
SimplexSolverTest::testInfeasibleSolution , 2896 , 4289 , 602 , 1658 , 620 , 9736 , 4797 , 686 , 6487 , 2554 , 1561 , 2744 , 606 , 1641 , 565 , 956 , 433 , 651 , 5510 , 1253 , 3740 , 705 , 1878 , 547 , 293 , 7480 , 969 , 311 , 953 , 981 , 669 , 0 , 298 , 3103 , 1300 , 352 , 26432 , 507 , 417 , 537 , 514 , 503 , 485 , 479 , 494 , 524 , 472 , 502 , 493 , 490 , 499 , 490 , 509 , 460 , 506 , 496 , 458 , 512 , 523 , 550 , 476 , 462 , 481 , 470 , 
SimplexSolverTest::testUnboundedSolution , 2985 , 4385 , 497 , 1723 , 630 , 9843 , 4891 , 700 , 6580 , 2611 , 1604 , 2803 , 499 , 1716 , 599 , 1016 , 517 , 802 , 5596 , 1357 , 3852 , 769 , 1980 , 478 , 60 , 7588 , 1054 , 428 , 1010 , 1069 , 783 , 298 , 0 , 3206 , 1396 , 260 , 26546 , 393 , 417 , 498 , 483 , 394 , 495 , 416 , 456 , 409 , 437 , 386 , 383 , 381 , 483 , 381 , 394 , 422 , 391 , 382 , 422 , 519 , 572 , 596 , 437 , 430 , 471 , 425 , 
SimplexSolverTest::testRestrictVariablesToNonNegative , 2319 , 3080 , 3507 , 2479 , 3104 , 7807 , 3471 , 3019 , 4868 , 2177 , 2457 , 2039 , 3604 , 1987 , 2886 , 2475 , 2926 , 2748 , 3483 , 2111 , 1690 , 2565 , 1645 , 2845 , 3204 , 5172 , 2349 , 3041 , 2362 , 2350 , 2605 , 3103 , 3206 , 0 , 2063 , 3101 , 23876 , 3435 , 3254 , 3257 , 3169 , 3462 , 3195 , 3304 , 3198 , 3472 , 3276 , 3420 , 3374 , 3373 , 3160 , 3374 , 3440 , 3286 , 3401 , 3398 , 3279 , 3133 , 3097 , 3070 , 3212 , 3274 , 3195 , 3255 , 
SimplexSolverTest::testEpsilon , 2297 , 3588 , 1724 , 1358 , 1424 , 8809 , 4056 , 1371 , 5673 , 2007 , 1269 , 2088 , 1798 , 675 , 1145 , 744 , 1181 , 1043 , 4579 , 393 , 2790 , 778 , 1059 , 1115 , 1404 , 6479 , 564 , 1211 , 578 , 576 , 834 , 1300 , 1396 , 2063 , 0 , 1303 , 25289 , 1649 , 1501 , 1518 , 1441 , 1671 , 1446 , 1538 , 1463 , 1683 , 1508 , 1633 , 1602 , 1602 , 1432 , 1601 , 1656 , 1521 , 1620 , 1624 , 1517 , 1406 , 1391 , 1371 , 1460 , 1517 , 1451 , 1492 , 
SimplexSolverTest::testTrivialModel , 2890 , 4282 , 610 , 1652 , 612 , 9721 , 4787 , 678 , 6471 , 2559 , 1539 , 2755 , 608 , 1602 , 401 , 909 , 495 , 674 , 5487 , 1254 , 3731 , 704 , 1866 , 370 , 255 , 7478 , 973 , 308 , 964 , 979 , 671 , 352 , 260 , 3101 , 1303 , 0 , 26420 , 513 , 467 , 536 , 480 , 519 , 466 , 488 , 453 , 536 , 481 , 495 , 485 , 487 , 452 , 487 , 517 , 435 , 484 , 475 , 428 , 482 , 530 , 552 , 460 , 426 , 445 , 446 , 
SimplexSolverTest::testLargeModel , 24127 , 23174 , 26829 , 25098 , 26308 , 20060 , 22731 , 26190 , 21672 , 24309 , 25192 , 24217 , 26961 , 25008 , 26102 , 25637 , 26180 , 25965 , 22258 , 25311 , 23370 , 25840 , 24763 , 26142 , 26548 , 21262 , 25604 , 26371 , 25608 , 25598 , 25871 , 26432 , 26546 , 23876 , 25289 , 26420 , 0 , 26779 , 26553 , 26527 , 26447 , 26803 , 26472 , 26606 , 26487 , 26823 , 26577 , 26755 , 26705 , 26704 , 26447 , 26705 , 26780 , 26596 , 26734 , 26736 , 26586 , 26408 , 26361 , 26329 , 26513 , 26582 , 26487 , 26555 , 
SimplexTableau_ESTest::test00 , 3127 , 4557 , 323 , 1840 , 665 , 10063 , 5068 , 736 , 6784 , 2799 , 1765 , 3053 , 274 , 1942 , 807 , 1256 , 745 , 941 , 5813 , 1594 , 4066 , 1067 , 2229 , 754 , 397 , 7816 , 1313 , 550 , 1294 , 1317 , 1025 , 507 , 393 , 3435 , 1649 , 513 , 26779 , 0 , 328 , 400 , 402 , 115 , 412 , 222 , 373 , 54 , 298 , 93 , 146 , 150 , 411 , 148 , 62 , 212 , 118 , 142 , 249 , 397 , 475 , 508 , 294 , 220 , 317 , 262 , 
SimplexTableau_ESTest::test01 , 2950 , 4377 , 482 , 1681 , 590 , 9843 , 4886 , 660 , 6588 , 2648 , 1658 , 2890 , 482 , 1786 , 693 , 1126 , 662 , 821 , 5614 , 1449 , 3881 , 938 , 2062 , 653 , 428 , 7601 , 1178 , 464 , 1169 , 1177 , 915 , 417 , 417 , 3254 , 1501 , 467 , 26553 , 328 , 0 , 430 , 373 , 361 , 261 , 383 , 366 , 349 , 416 , 293 , 283 , 277 , 371 , 279 , 324 , 300 , 308 , 279 , 295 , 396 , 428 , 443 , 324 , 313 , 344 , 316 , 
SimplexTableau_ESTest::test02 , 2904 , 4343 , 461 , 1682 , 519 , 9813 , 4855 , 598 , 6557 , 2652 , 1674 , 2877 , 534 , 1801 , 741 , 1147 , 693 , 858 , 5616 , 1478 , 3885 , 968 , 2088 , 702 , 497 , 7588 , 1189 , 564 , 1175 , 1206 , 943 , 537 , 498 , 3257 , 1518 , 536 , 26527 , 400 , 430 , 0 , 456 , 430 , 442 , 369 , 432 , 429 , 419 , 411 , 394 , 392 , 452 , 394 , 439 , 320 , 401 , 424 , 357 , 406 , 473 , 501 , 322 , 323 , 368 , 363 , 
SimplexTableau_ESTest::test03 , 2869 , 4281 , 580 , 1605 , 578 , 9738 , 4787 , 611 , 6482 , 2586 , 1609 , 2818 , 588 , 1717 , 693 , 1085 , 613 , 767 , 5521 , 1393 , 3804 , 911 , 1994 , 624 , 470 , 7501 , 1124 , 495 , 1122 , 1131 , 875 , 514 , 483 , 3169 , 1441 , 480 , 26447 , 402 , 373 , 456 , 0 , 430 , 391 , 231 , 142 , 419 , 316 , 386 , 295 , 290 , 175 , 289 , 422 , 275 , 385 , 387 , 298 , 309 , 354 , 371 , 321 , 293 , 258 , 294 , 
SimplexTableau_ESTest::test04 , 3151 , 4576 , 313 , 1863 , 676 , 10087 , 5093 , 752 , 6808 , 2815 , 1776 , 3072 , 272 , 1971 , 827 , 1276 , 738 , 969 , 5835 , 1621 , 4087 , 1080 , 2243 , 778 , 407 , 7838 , 1335 , 555 , 1327 , 1342 , 1050 , 503 , 394 , 3462 , 1671 , 519 , 26803 , 115 , 361 , 430 , 430 , 0 , 443 , 274 , 395 , 74 , 288 , 139 , 189 , 186 , 435 , 184 , 124 , 258 , 160 , 183 , 282 , 445 , 509 , 542 , 340 , 270 , 365 , 303 , 
SimplexTableau_ESTest::test05 , 2874 , 4305 , 568 , 1611 , 592 , 9763 , 4795 , 649 , 6496 , 2609 , 1607 , 2845 , 571 , 1729 , 675 , 1101 , 651 , 811 , 5544 , 1415 , 3817 , 942 , 2020 , 660 , 494 , 7527 , 1153 , 490 , 1151 , 1154 , 903 , 485 , 495 , 3195 , 1446 , 466 , 26472 , 412 , 261 , 442 , 391 , 443 , 0 , 406 , 362 , 432 , 399 , 385 , 333 , 336 , 385 , 334 , 421 , 354 , 393 , 380 , 369 , 364 , 443 , 471 , 386 , 355 , 319 , 357 , 
SimplexTableau_ESTest::test06 , 2987 , 4413 , 439 , 1707 , 620 , 9894 , 4921 , 667 , 6622 , 2696 , 1687 , 2928 , 440 , 1821 , 737 , 1168 , 692 , 857 , 5668 , 1488 , 3933 , 976 , 2107 , 680 , 409 , 7647 , 1213 , 506 , 1201 , 1217 , 951 , 479 , 416 , 3304 , 1538 , 488 , 26606 , 222 , 383 , 369 , 231 , 274 , 406 , 0 , 327 , 252 , 220 , 237 , 287 , 284 , 348 , 284 , 265 , 206 , 232 , 276 , 243 , 315 , 389 , 424 , 253 , 215 , 245 , 265 , 
SimplexTableau_ESTest::test07 , 2897 , 4311 , 544 , 1633 , 579 , 9775 , 4821 , 619 , 6517 , 2615 , 1628 , 2850 , 548 , 1747 , 699 , 1095 , 646 , 794 , 5558 , 1407 , 3829 , 930 , 2021 , 623 , 452 , 7538 , 1134 , 478 , 1138 , 1148 , 891 , 494 , 456 , 3198 , 1463 , 453 , 26487 , 373 , 366 , 432 , 142 , 395 , 362 , 327 , 0 , 383 , 263 , 344 , 258 , 254 , 48 , 252 , 386 , 272 , 363 , 359 , 289 , 328 , 325 , 358 , 338 , 288 , 280 , 227 , 
SimplexTableau_ESTest::test08 , 3171 , 4599 , 306 , 1874 , 674 , 10109 , 5113 , 765 , 6829 , 2832 , 1797 , 3093 , 257 , 1979 , 829 , 1286 , 760 , 972 , 5857 , 1627 , 4103 , 1095 , 2254 , 779 , 406 , 7861 , 1349 , 565 , 1334 , 1347 , 1059 , 524 , 409 , 3472 , 1683 , 536 , 26823 , 54 , 349 , 429 , 419 , 74 , 432 , 252 , 383 , 0 , 316 , 105 , 158 , 160 , 423 , 158 , 84 , 241 , 131 , 157 , 282 , 433 , 513 , 549 , 321 , 254 , 351 , 294 , 
SimplexTableau_ESTest::test09 , 2967 , 4394 , 473 , 1694 , 621 , 9870 , 4899 , 696 , 6598 , 2659 , 1647 , 2904 , 468 , 1799 , 700 , 1127 , 661 , 843 , 5641 , 1464 , 3905 , 968 , 2075 , 671 , 426 , 7622 , 1199 , 514 , 1172 , 1188 , 918 , 472 , 437 , 3276 , 1508 , 481 , 26577 , 298 , 416 , 419 , 316 , 288 , 399 , 220 , 263 , 316 , 0 , 312 , 353 , 351 , 304 , 350 , 325 , 268 , 305 , 337 , 297 , 355 , 384 , 376 , 320 , 276 , 312 , 233 , 
SimplexTableau_ESTest::test10 , 3109 , 4541 , 331 , 1818 , 645 , 10041 , 5052 , 713 , 6761 , 2792 , 1766 , 3043 , 288 , 1934 , 794 , 1243 , 736 , 936 , 5790 , 1585 , 4041 , 1053 , 2208 , 736 , 387 , 7792 , 1297 , 533 , 1292 , 1308 , 1020 , 502 , 386 , 3420 , 1633 , 495 , 26755 , 93 , 293 , 411 , 386 , 139 , 385 , 237 , 344 , 105 , 312 , 0 , 115 , 122 , 384 , 120 , 57 , 228 , 34 , 93 , 192 , 421 , 422 , 453 , 308 , 244 , 338 , 274 , 
SimplexTableau_ESTest::test11 , 3071 , 4493 , 371 , 1795 , 631 , 9989 , 4996 , 714 , 6711 , 2749 , 1733 , 3002 , 342 , 1890 , 756 , 1201 , 720 , 895 , 5742 , 1545 , 4003 , 1018 , 2164 , 712 , 386 , 7745 , 1259 , 520 , 1245 , 1266 , 972 , 493 , 383 , 3374 , 1602 , 485 , 26705 , 146 , 283 , 394 , 295 , 189 , 333 , 287 , 258 , 158 , 353 , 115 , 0 , 8 , 297 , 6 , 164 , 259 , 140 , 122 , 278 , 395 , 459 , 493 , 339 , 273 , 345 , 290 , 
SimplexTableau_ESTest::test12 , 3071 , 4491 , 372 , 1792 , 631 , 9988 , 4996 , 714 , 6711 , 2747 , 1729 , 2999 , 343 , 1890 , 757 , 1201 , 717 , 897 , 5742 , 1545 , 4002 , 1018 , 2161 , 713 , 384 , 7744 , 1258 , 522 , 1244 , 1266 , 971 , 490 , 381 , 3373 , 1602 , 487 , 26704 , 150 , 277 , 392 , 290 , 186 , 336 , 284 , 254 , 160 , 351 , 122 , 8 , 0 , 295 , 2 , 167 , 261 , 141 , 128 , 281 , 399 , 463 , 497 , 340 , 277 , 350 , 293 , 
SimplexTableau_ESTest::test13 , 2865 , 4275 , 579 , 1601 , 563 , 9735 , 4785 , 606 , 6482 , 2590 , 1610 , 2825 , 578 , 1720 , 679 , 1081 , 627 , 790 , 5519 , 1389 , 3799 , 907 , 1998 , 616 , 479 , 7507 , 1114 , 487 , 1120 , 1131 , 875 , 499 , 483 , 3160 , 1432 , 452 , 26447 , 411 , 371 , 452 , 175 , 435 , 385 , 348 , 48 , 423 , 304 , 384 , 297 , 295 , 0 , 293 , 421 , 276 , 373 , 381 , 293 , 332 , 326 , 364 , 329 , 292 , 287 , 231 , 
SimplexTableau_ESTest::test14 , 3072 , 4492 , 371 , 1793 , 630 , 9989 , 4996 , 714 , 6711 , 2747 , 1731 , 3000 , 342 , 1891 , 758 , 1201 , 717 , 897 , 5743 , 1546 , 4004 , 1018 , 2162 , 713 , 384 , 7745 , 1259 , 522 , 1244 , 1266 , 971 , 490 , 381 , 3374 , 1601 , 487 , 26705 , 148 , 279 , 394 , 289 , 184 , 334 , 284 , 252 , 158 , 350 , 120 , 6 , 2 , 293 , 0 , 165 , 262 , 143 , 126 , 282 , 399 , 463 , 497 , 341 , 277 , 349 , 294 , 
SimplexTableau_ESTest::test15 , 3134 , 4566 , 321 , 1843 , 666 , 10067 , 5076 , 738 , 6789 , 2799 , 1774 , 3052 , 269 , 1955 , 814 , 1262 , 743 , 950 , 5817 , 1605 , 4066 , 1074 , 2232 , 761 , 396 , 7818 , 1318 , 554 , 1311 , 1327 , 1035 , 509 , 394 , 3440 , 1656 , 517 , 26780 , 62 , 324 , 439 , 422 , 124 , 421 , 265 , 386 , 84 , 325 , 57 , 164 , 167 , 421 , 165 , 0 , 249 , 77 , 136 , 214 , 440 , 442 , 475 , 337 , 267 , 358 , 295 , 
SimplexTableau_ESTest::test16 , 2964 , 4406 , 458 , 1700 , 586 , 9880 , 4909 , 627 , 6609 , 2677 , 1666 , 2921 , 439 , 1810 , 708 , 1141 , 654 , 844 , 5654 , 1472 , 3916 , 953 , 2090 , 657 , 423 , 7636 , 1187 , 470 , 1181 , 1197 , 923 , 460 , 422 , 3286 , 1521 , 435 , 26596 , 212 , 300 , 320 , 275 , 258 , 354 , 206 , 272 , 241 , 268 , 228 , 259 , 261 , 276 , 262 , 249 , 0 , 208 , 250 , 69 , 234 , 310 , 344 , 94 , 35 , 144 , 94 , 
SimplexTableau_ESTest::test17 , 3092 , 4524 , 345 , 1802 , 644 , 10021 , 5031 , 698 , 6741 , 2775 , 1749 , 3027 , 301 , 1919 , 781 , 1227 , 735 , 923 , 5772 , 1569 , 4023 , 1036 , 2196 , 729 , 392 , 7772 , 1288 , 529 , 1275 , 1293 , 1008 , 506 , 391 , 3401 , 1620 , 484 , 26734 , 118 , 308 , 401 , 385 , 160 , 393 , 232 , 363 , 131 , 305 , 34 , 140 , 141 , 373 , 143 , 77 , 208 , 0 , 91 , 170 , 398 , 396 , 432 , 290 , 222 , 314 , 258 , 
SimplexTableau_ESTest::test18 , 3095 , 4525 , 348 , 1804 , 644 , 10018 , 5028 , 695 , 6744 , 2779 , 1745 , 3031 , 293 , 1916 , 773 , 1233 , 739 , 927 , 5769 , 1572 , 4026 , 1044 , 2195 , 732 , 382 , 7772 , 1287 , 532 , 1281 , 1291 , 1007 , 496 , 382 , 3398 , 1624 , 475 , 26736 , 142 , 279 , 424 , 387 , 183 , 380 , 276 , 359 , 157 , 337 , 93 , 122 , 128 , 381 , 126 , 136 , 250 , 91 , 0 , 237 , 419 , 470 , 503 , 334 , 262 , 359 , 292 , 
SimplexTableau_ESTest::test19 , 2967 , 4403 , 461 , 1694 , 578 , 9872 , 4903 , 622 , 6603 , 2675 , 1662 , 2922 , 444 , 1811 , 703 , 1138 , 655 , 843 , 5642 , 1467 , 3900 , 952 , 2090 , 652 , 419 , 7629 , 1187 , 470 , 1179 , 1189 , 915 , 458 , 422 , 3279 , 1517 , 428 , 26586 , 249 , 295 , 357 , 298 , 282 , 369 , 243 , 289 , 282 , 297 , 192 , 278 , 281 , 293 , 282 , 214 , 69 , 170 , 237 , 0 , 272 , 272 , 307 , 149 , 64 , 195 , 119 , 
SimplexTableau_ESTest::test20 , 2807 , 4247 , 620 , 1567 , 545 , 9700 , 4736 , 562 , 6436 , 2549 , 1574 , 2785 , 627 , 1682 , 632 , 1048 , 631 , 751 , 5505 , 1362 , 3763 , 867 , 1976 , 608 , 519 , 7469 , 1085 , 455 , 1082 , 1100 , 834 , 512 , 519 , 3133 , 1406 , 482 , 26408 , 397 , 396 , 406 , 309 , 445 , 364 , 315 , 328 , 433 , 355 , 421 , 395 , 399 , 332 , 399 , 440 , 234 , 398 , 419 , 272 , 0 , 207 , 241 , 218 , 237 , 119 , 251 , 
SimplexTableau_ESTest::test21 , 2780 , 4216 , 662 , 1544 , 546 , 9658 , 4701 , 581 , 6408 , 2532 , 1566 , 2770 , 665 , 1660 , 640 , 1042 , 631 , 761 , 5460 , 1346 , 3721 , 854 , 1953 , 605 , 558 , 7428 , 1085 , 505 , 1075 , 1084 , 832 , 523 , 572 , 3097 , 1391 , 530 , 26361 , 475 , 428 , 473 , 354 , 509 , 443 , 389 , 325 , 513 , 384 , 422 , 459 , 463 , 326 , 463 , 442 , 310 , 396 , 470 , 272 , 207 , 0 , 72 , 303 , 311 , 226 , 332 , 
SimplexTableau_ESTest::test22 , 2759 , 4194 , 694 , 1524 , 561 , 9628 , 4679 , 597 , 6378 , 2513 , 1556 , 2743 , 698 , 1641 , 616 , 1026 , 644 , 750 , 5433 , 1333 , 3698 , 845 , 1934 , 599 , 590 , 7398 , 1074 , 512 , 1062 , 1066 , 817 , 550 , 596 , 3070 , 1371 , 552 , 26329 , 508 , 443 , 501 , 371 , 542 , 471 , 424 , 358 , 549 , 376 , 453 , 493 , 497 , 364 , 497 , 475 , 344 , 432 , 503 , 307 , 241 , 72 , 0 , 315 , 344 , 263 , 338 , 
SimplexTableau_ESTest::test23 , 2891 , 4332 , 524 , 1636 , 555 , 9799 , 4831 , 580 , 6530 , 2617 , 1620 , 2865 , 520 , 1738 , 669 , 1087 , 628 , 784 , 5581 , 1411 , 3845 , 924 , 2043 , 614 , 438 , 7556 , 1132 , 433 , 1120 , 1138 , 875 , 476 , 437 , 3212 , 1460 , 460 , 26513 , 294 , 324 , 322 , 321 , 340 , 386 , 253 , 338 , 321 , 320 , 308 , 339 , 340 , 329 , 341 , 337 , 94 , 290 , 334 , 149 , 218 , 303 , 315 , 0 , 114 , 184 , 175 , 
SimplexTableau_ESTest::test24 , 2955 , 4394 , 469 , 1692 , 585 , 9868 , 4896 , 628 , 6595 , 2666 , 1657 , 2913 , 452 , 1798 , 703 , 1136 , 650 , 833 , 5640 , 1468 , 3901 , 947 , 2082 , 654 , 428 , 7620 , 1186 , 466 , 1176 , 1189 , 919 , 462 , 430 , 3274 , 1517 , 426 , 26582 , 220 , 313 , 323 , 293 , 270 , 355 , 215 , 288 , 254 , 276 , 244 , 273 , 277 , 292 , 277 , 267 , 35 , 222 , 262 , 64 , 237 , 311 , 344 , 114 , 0 , 159 , 107 , 
SimplexTableau_ESTest::test25 , 2870 , 4312 , 551 , 1620 , 554 , 9776 , 4810 , 585 , 6513 , 2605 , 1607 , 2839 , 548 , 1729 , 664 , 1083 , 640 , 799 , 5565 , 1399 , 3824 , 898 , 2021 , 621 , 456 , 7534 , 1120 , 473 , 1112 , 1124 , 875 , 481 , 471 , 3195 , 1451 , 445 , 26487 , 317 , 344 , 368 , 258 , 365 , 319 , 245 , 280 , 351 , 312 , 338 , 345 , 350 , 287 , 349 , 358 , 144 , 314 , 359 , 195 , 119 , 226 , 263 , 184 , 159 , 0 , 179 , 
SimplexTableau_ESTest::test26 , 2941 , 4369 , 491 , 1671 , 582 , 9847 , 4877 , 623 , 6573 , 2648 , 1642 , 2893 , 472 , 1782 , 694 , 1123 , 654 , 834 , 5621 , 1445 , 3887 , 934 , 2064 , 655 , 431 , 7599 , 1166 , 485 , 1161 , 1165 , 903 , 470 , 425 , 3255 , 1492 , 446 , 26555 , 262 , 316 , 363 , 294 , 303 , 357 , 265 , 227 , 294 , 233 , 274 , 290 , 293 , 231 , 294 , 295 , 94 , 258 , 292 , 119 , 251 , 332 , 338 , 175 , 107 , 179 , 0 , 
The time of execution of above matrix is :85684.74888801575
