: , RegressionTest0::test1 , RegressionTest0::test2 , RegressionTest0::test3 , RegressionTest0::test4 , RegressionTest0::test5 , RegressionTest0::test6 , RegressionTest0::test7 , EigenDecompositionImplTest::testDimension1 , EigenDecompositionImplTest::testDimension2 , EigenDecompositionImplTest::testDimension3 , EigenDecompositionImplTest::testDimension4WithSplit , EigenDecompositionImplTest::testDimension4WithoutSplit , EigenDecompositionImplTest::testMath308 , EigenDecompositionImplTest::testMathpbx02 , EigenDecompositionImplTest::testTridiagonal , EigenDecompositionImplTest::testDimensions , EigenDecompositionImplTest::testEigenvalues , EigenDecompositionImplTest::testBigMatrix , EigenDecompositionImplTest::testEigenvectors , EigenDecompositionImplTest::testAEqualVDVt , EigenDecompositionImplTest::testVOrthogonal , EigenDecompositionImplTest::testDiagonal , EigenDecompositionImplTest::testRepeatedEigenvalue , EigenDecompositionImplTest::testDistinctEigenvalues , EigenDecompositionImplTest::testZeroDivide , EigenDecompositionImpl_ESTest::test00 , EigenDecompositionImpl_ESTest::test01 , EigenDecompositionImpl_ESTest::test02 , EigenDecompositionImpl_ESTest::test03 , EigenDecompositionImpl_ESTest::test04 , EigenDecompositionImpl_ESTest::test05 , EigenDecompositionImpl_ESTest::test06 , EigenDecompositionImpl_ESTest::test07 , EigenDecompositionImpl_ESTest::test08 , EigenDecompositionImpl_ESTest::test09 , EigenDecompositionImpl_ESTest::test10 , EigenDecompositionImpl_ESTest::test11 , EigenDecompositionImpl_ESTest::test12 , EigenDecompositionImpl_ESTest::test13 , EigenDecompositionImpl_ESTest::test14 , EigenDecompositionImpl_ESTest::test15 , EigenDecompositionImpl_ESTest::test16 , EigenDecompositionImpl_ESTest::test17 , EigenDecompositionImpl_ESTest::test18 , EigenDecompositionImpl_ESTest::test19 , EigenDecompositionImpl_ESTest::test20 , EigenDecompositionImpl_ESTest::test21 , EigenDecompositionImpl_ESTest::test22 , EigenDecompositionImpl_ESTest::test23 , EigenDecompositionImpl_ESTest::test24 , EigenDecompositionImpl_ESTest::test25 , EigenDecompositionImpl_ESTest::test26 , EigenDecompositionImpl_ESTest::test27 , EigenDecompositionImpl_ESTest::test28 , EigenDecompositionImpl_ESTest::test29 , EigenDecompositionImpl_ESTest::test30 , EigenDecompositionImpl_ESTest::test31 , EigenDecompositionImpl_ESTest::test32 , EigenDecompositionImpl_ESTest::test33 , EigenDecompositionImpl_ESTest::test34 , EigenDecompositionImpl_ESTest::test35 , EigenDecompositionImpl_ESTest::test36 , EigenDecompositionImpl_ESTest::test37 , EigenDecompositionImpl_ESTest::test38 , EigenDecompositionImpl_ESTest::test39 , 
RegressionTest0::test1 , 0 , 6156 , 10009 , 3840 , 3715 , 8501 , 535 , 654 , 526 , 670 , 1085 , 1152 , 3102 , 5740 , 931 , 675 , 680 , 722 , 645 , 691 , 718 , 641 , 832 , 1286 , 1545 , 736 , 732 , 583 , 586 , 550 , 741 , 714 , 689 , 691 , 711 , 704 , 578 , 729 , 715 , 668 , 598 , 506 , 714 , 674 , 558 , 597 , 586 , 643 , 643 , 596 , 564 , 556 , 624 , 601 , 591 , 628 , 590 , 624 , 643 , 621 , 622 , 623 , 595 , 598 , 568 , 
RegressionTest0::test2 , 6156 , 0 , 5350 , 3402 , 3497 , 3865 , 6648 , 6728 , 6405 , 6010 , 5616 , 5581 , 4608 , 3997 , 5932 , 6398 , 6606 , 6203 , 6466 , 6584 , 6696 , 6229 , 5881 , 5508 , 5369 , 6795 , 6781 , 6634 , 6376 , 6441 , 6807 , 6746 , 6703 , 6694 , 6725 , 6752 , 6596 , 6785 , 6753 , 6710 , 6488 , 6490 , 6760 , 6705 , 6607 , 6497 , 6452 , 6646 , 6656 , 6660 , 6605 , 6606 , 6601 , 6543 , 6486 , 6590 , 6452 , 6599 , 6655 , 6535 , 6599 , 6603 , 6388 , 6435 , 6581 , 
RegressionTest0::test3 , 10009 , 5350 , 0 , 6531 , 6627 , 4428 , 10485 , 10568 , 10220 , 9793 , 9367 , 9293 , 7937 , 6648 , 9691 , 10195 , 10434 , 9973 , 10291 , 10416 , 10535 , 10000 , 9643 , 9257 , 9053 , 10633 , 10619 , 10467 , 10194 , 10272 , 10646 , 10583 , 10537 , 10529 , 10558 , 10594 , 10426 , 10625 , 10591 , 10547 , 10313 , 10324 , 10600 , 10543 , 10438 , 10317 , 10277 , 10480 , 10490 , 10496 , 10437 , 10437 , 10431 , 10372 , 10308 , 10419 , 10280 , 10432 , 10489 , 10360 , 10430 , 10432 , 10191 , 10248 , 10412 , 
RegressionTest0::test4 , 3840 , 3402 , 6531 , 0 , 266 , 5665 , 4300 , 4380 , 4078 , 3692 , 3393 , 3317 , 2584 , 3843 , 3706 , 4113 , 4285 , 3925 , 4164 , 4265 , 4364 , 3913 , 3610 , 3330 , 3218 , 4443 , 4430 , 4287 , 4097 , 4115 , 4460 , 4392 , 4349 , 4342 , 4368 , 4404 , 4252 , 4433 , 4403 , 4360 , 4168 , 4163 , 4414 , 4362 , 4254 , 4175 , 4138 , 4301 , 4307 , 4311 , 4257 , 4254 , 4260 , 4217 , 4169 , 4249 , 4144 , 4260 , 4306 , 4206 , 4258 , 4258 , 4068 , 4118 , 4239 , 
RegressionTest0::test5 , 3715 , 3497 , 6627 , 266 , 0 , 5726 , 4164 , 4245 , 3943 , 3562 , 3264 , 3186 , 2501 , 3889 , 3577 , 3980 , 4152 , 3794 , 4033 , 4133 , 4231 , 3781 , 3482 , 3206 , 3107 , 4308 , 4297 , 4153 , 3967 , 3981 , 4326 , 4259 , 4218 , 4208 , 4233 , 4270 , 4117 , 4300 , 4269 , 4226 , 4036 , 4030 , 4280 , 4224 , 4121 , 4041 , 4008 , 4171 , 4175 , 4175 , 4124 , 4121 , 4128 , 4083 , 4036 , 4117 , 4011 , 4128 , 4174 , 4075 , 4127 , 4128 , 3937 , 3986 , 4105 , 
RegressionTest0::test6 , 8501 , 3865 , 4428 , 5665 , 5726 , 0 , 8944 , 9034 , 8694 , 8283 , 7892 , 7851 , 6745 , 5815 , 8181 , 8681 , 8903 , 8470 , 8759 , 8882 , 8999 , 8501 , 8158 , 7783 , 7613 , 9097 , 9082 , 8935 , 8670 , 8732 , 9109 , 9046 , 9000 , 8993 , 9024 , 9060 , 8894 , 9087 , 9055 , 9012 , 8785 , 8788 , 9064 , 9009 , 8901 , 8790 , 8749 , 8947 , 8954 , 8956 , 8899 , 8902 , 8901 , 8840 , 8778 , 8886 , 8750 , 8902 , 8955 , 8834 , 8900 , 8902 , 8663 , 8717 , 8879 , 
RegressionTest0::test7 , 535 , 6648 , 10485 , 4300 , 4164 , 8944 , 0 , 261 , 464 , 893 , 1389 , 1467 , 3460 , 6133 , 1105 , 602 , 390 , 745 , 497 , 378 , 340 , 693 , 1083 , 1581 , 1859 , 327 , 327 , 277 , 568 , 355 , 308 , 323 , 325 , 323 , 332 , 340 , 291 , 315 , 338 , 310 , 429 , 300 , 311 , 311 , 261 , 421 , 467 , 329 , 332 , 269 , 265 , 261 , 358 , 385 , 430 , 365 , 456 , 359 , 333 , 392 , 354 , 356 , 526 , 475 , 302 , 
EigenDecompositionImplTest::testDimension1 , 654 , 6728 , 10568 , 4380 , 4245 , 9034 , 261 , 0 , 384 , 855 , 1375 , 1458 , 3505 , 6196 , 1114 , 575 , 377 , 773 , 477 , 361 , 257 , 664 , 1078 , 1591 , 1867 , 214 , 222 , 305 , 554 , 448 , 206 , 242 , 234 , 246 , 227 , 211 , 352 , 213 , 229 , 185 , 384 , 387 , 184 , 186 , 296 , 385 , 431 , 235 , 247 , 297 , 308 , 295 , 279 , 337 , 392 , 300 , 429 , 279 , 247 , 350 , 277 , 278 , 516 , 454 , 351 , 
EigenDecompositionImplTest::testDimension2 , 526 , 6405 , 10220 , 4078 , 3943 , 8694 , 464 , 384 , 0 , 543 , 1048 , 1130 , 3191 , 5859 , 962 , 549 , 489 , 684 , 496 , 465 , 497 , 488 , 788 , 1296 , 1588 , 507 , 492 , 475 , 455 , 457 , 508 , 484 , 468 , 465 , 474 , 485 , 497 , 492 , 488 , 457 , 378 , 431 , 482 , 443 , 475 , 373 , 381 , 427 , 441 , 495 , 475 , 474 , 414 , 398 , 364 , 410 , 367 , 411 , 437 , 385 , 414 , 413 , 364 , 350 , 476 , 
EigenDecompositionImplTest::testDimension3 , 670 , 6010 , 9793 , 3692 , 3562 , 8283 , 893 , 855 , 543 , 0 , 667 , 734 , 2818 , 5456 , 917 , 823 , 889 , 790 , 816 , 872 , 923 , 576 , 408 , 936 , 1325 , 957 , 948 , 899 , 740 , 814 , 969 , 925 , 903 , 892 , 910 , 930 , 886 , 949 , 936 , 894 , 757 , 789 , 926 , 886 , 866 , 750 , 757 , 839 , 854 , 905 , 859 , 865 , 817 , 772 , 738 , 808 , 749 , 815 , 853 , 774 , 817 , 816 , 690 , 719 , 854 , 
EigenDecompositionImplTest::testDimension4WithSplit , 1085 , 5616 , 9367 , 3393 , 3264 , 7892 , 1389 , 1375 , 1048 , 667 , 0 , 328 , 2457 , 5068 , 1117 , 1269 , 1375 , 1178 , 1275 , 1352 , 1411 , 1014 , 746 , 919 , 1112 , 1465 , 1454 , 1389 , 1152 , 1270 , 1470 , 1433 , 1401 , 1394 , 1411 , 1436 , 1371 , 1454 , 1441 , 1394 , 1231 , 1269 , 1435 , 1384 , 1355 , 1242 , 1212 , 1341 , 1350 , 1394 , 1351 , 1354 , 1314 , 1268 , 1232 , 1303 , 1220 , 1313 , 1352 , 1266 , 1309 , 1312 , 1155 , 1194 , 1348 , 
EigenDecompositionImplTest::testDimension4WithoutSplit , 1152 , 5581 , 9293 , 3317 , 3186 , 7851 , 1467 , 1458 , 1130 , 734 , 328 , 0 , 2349 , 4978 , 1176 , 1343 , 1453 , 1242 , 1347 , 1430 , 1493 , 1081 , 786 , 903 , 1138 , 1543 , 1530 , 1465 , 1258 , 1339 , 1554 , 1511 , 1480 , 1472 , 1489 , 1514 , 1443 , 1532 , 1516 , 1470 , 1297 , 1347 , 1514 , 1466 , 1429 , 1301 , 1289 , 1412 , 1422 , 1471 , 1426 , 1428 , 1380 , 1334 , 1293 , 1370 , 1283 , 1380 , 1420 , 1332 , 1382 , 1380 , 1221 , 1256 , 1419 , 
EigenDecompositionImplTest::testMath308 , 3102 , 4608 , 7937 , 2584 , 2501 , 6745 , 3460 , 3505 , 3191 , 2818 , 2457 , 2349 , 0 , 3320 , 2827 , 3283 , 3411 , 3041 , 3276 , 3412 , 3499 , 3039 , 2665 , 2357 , 2311 , 3571 , 3558 , 3442 , 3192 , 3285 , 3584 , 3519 , 3489 , 3481 , 3505 , 3535 , 3419 , 3560 , 3534 , 3486 , 3288 , 3323 , 3535 , 3484 , 3417 , 3290 , 3258 , 3430 , 3437 , 3462 , 3414 , 3416 , 3387 , 3335 , 3280 , 3374 , 3262 , 3386 , 3437 , 3326 , 3385 , 3389 , 3184 , 3228 , 3396 , 
EigenDecompositionImplTest::testMathpbx02 , 5740 , 3997 , 6648 , 3843 , 3889 , 5815 , 6133 , 6196 , 5859 , 5456 , 5068 , 4978 , 3320 , 0 , 5433 , 5893 , 6081 , 5684 , 5933 , 6060 , 6175 , 5694 , 5323 , 4952 , 4832 , 6262 , 6247 , 6111 , 5821 , 5919 , 6275 , 6213 , 6169 , 6161 , 6188 , 6228 , 6073 , 6253 , 6221 , 6176 , 5939 , 5974 , 6227 , 6168 , 6077 , 5946 , 5903 , 6109 , 6117 , 6131 , 6079 , 6077 , 6058 , 5996 , 5939 , 6044 , 5905 , 6058 , 6117 , 5986 , 6059 , 6059 , 5820 , 5877 , 6060 , 
EigenDecompositionImplTest::testTridiagonal , 931 , 5932 , 9691 , 3706 , 3577 , 8181 , 1105 , 1114 , 962 , 917 , 1117 , 1176 , 2827 , 5433 , 0 , 986 , 1022 , 477 , 943 , 1032 , 1104 , 938 , 951 , 1253 , 1433 , 1155 , 1151 , 1082 , 973 , 964 , 1169 , 1110 , 1083 , 1073 , 1109 , 1136 , 1047 , 1144 , 1128 , 1089 , 968 , 997 , 1136 , 1094 , 1045 , 976 , 968 , 1046 , 1048 , 1084 , 1056 , 1047 , 1024 , 1024 , 969 , 1017 , 966 , 1024 , 1048 , 994 , 1026 , 1028 , 929 , 952 , 1058 , 
EigenDecompositionImplTest::testDimensions , 675 , 6398 , 10195 , 4113 , 3980 , 8681 , 602 , 575 , 549 , 823 , 1269 , 1343 , 3283 , 5893 , 986 , 0 , 497 , 682 , 433 , 424 , 469 , 575 , 1039 , 1502 , 1739 , 603 , 603 , 571 , 601 , 583 , 595 , 578 , 554 , 552 , 566 , 584 , 576 , 606 , 581 , 581 , 558 , 584 , 594 , 585 , 588 , 556 , 563 , 567 , 563 , 594 , 593 , 590 , 553 , 552 , 558 , 559 , 563 , 552 , 566 , 562 , 557 , 557 , 591 , 570 , 586 , 
EigenDecompositionImplTest::testEigenvalues , 680 , 6606 , 10434 , 4285 , 4152 , 8903 , 390 , 377 , 489 , 889 , 1375 , 1453 , 3411 , 6081 , 1022 , 497 , 0 , 660 , 357 , 266 , 291 , 655 , 1080 , 1568 , 1813 , 377 , 374 , 406 , 532 , 482 , 350 , 367 , 358 , 358 , 377 , 374 , 407 , 373 , 364 , 365 , 402 , 425 , 376 , 360 , 399 , 403 , 440 , 361 , 361 , 397 , 402 , 398 , 363 , 384 , 400 , 368 , 440 , 361 , 360 , 378 , 365 , 365 , 507 , 454 , 418 , 
EigenDecompositionImplTest::testBigMatrix , 722 , 6203 , 9973 , 3925 , 3794 , 8470 , 745 , 773 , 684 , 790 , 1178 , 1242 , 3041 , 5684 , 477 , 682 , 660 , 0 , 633 , 709 , 754 , 673 , 937 , 1325 , 1565 , 796 , 792 , 744 , 663 , 658 , 796 , 746 , 740 , 724 , 751 , 766 , 727 , 776 , 774 , 741 , 656 , 701 , 779 , 749 , 700 , 657 , 661 , 714 , 720 , 741 , 724 , 702 , 700 , 703 , 651 , 690 , 650 , 701 , 717 , 669 , 702 , 702 , 632 , 638 , 722 , 
EigenDecompositionImplTest::testEigenvectors , 645 , 6466 , 10291 , 4164 , 4033 , 8759 , 497 , 477 , 496 , 816 , 1275 , 1347 , 3276 , 5933 , 943 , 433 , 357 , 633 , 0 , 311 , 339 , 611 , 1014 , 1488 , 1738 , 497 , 499 , 490 , 551 , 484 , 474 , 483 , 462 , 455 , 470 , 495 , 474 , 498 , 488 , 477 , 471 , 480 , 494 , 482 , 471 , 470 , 485 , 473 , 471 , 484 , 480 , 472 , 462 , 456 , 463 , 457 , 478 , 459 , 470 , 462 , 461 , 461 , 504 , 481 , 480 , 
EigenDecompositionImplTest::testAEqualVDVt , 691 , 6584 , 10416 , 4265 , 4133 , 8882 , 378 , 361 , 465 , 872 , 1352 , 1430 , 3412 , 6060 , 1032 , 424 , 266 , 709 , 311 , 0 , 215 , 640 , 1073 , 1558 , 1811 , 378 , 379 , 409 , 497 , 458 , 353 , 351 , 344 , 350 , 370 , 376 , 402 , 345 , 368 , 356 , 396 , 429 , 370 , 351 , 405 , 403 , 435 , 347 , 353 , 394 , 409 , 404 , 353 , 376 , 399 , 357 , 439 , 351 , 351 , 378 , 353 , 352 , 493 , 444 , 423 , 
EigenDecompositionImplTest::testVOrthogonal , 718 , 6696 , 10535 , 4364 , 4231 , 8999 , 340 , 257 , 497 , 923 , 1411 , 1493 , 3499 , 6175 , 1104 , 469 , 291 , 754 , 339 , 215 , 0 , 677 , 1139 , 1632 , 1893 , 267 , 263 , 371 , 554 , 505 , 234 , 281 , 275 , 280 , 279 , 270 , 378 , 278 , 262 , 278 , 427 , 449 , 277 , 283 , 369 , 420 , 463 , 307 , 301 , 350 , 362 , 369 , 329 , 371 , 427 , 344 , 461 , 329 , 302 , 387 , 330 , 329 , 546 , 491 , 395 , 
EigenDecompositionImplTest::testDiagonal , 641 , 6229 , 10000 , 3913 , 3781 , 8501 , 693 , 664 , 488 , 576 , 1014 , 1081 , 3039 , 5694 , 938 , 575 , 655 , 673 , 611 , 640 , 677 , 0 , 802 , 1205 , 1490 , 754 , 742 , 693 , 643 , 637 , 748 , 732 , 696 , 684 , 710 , 706 , 701 , 746 , 728 , 695 , 591 , 635 , 728 , 692 , 682 , 582 , 590 , 663 , 662 , 710 , 678 , 682 , 630 , 610 , 581 , 633 , 584 , 631 , 664 , 610 , 633 , 634 , 560 , 571 , 661 , 
EigenDecompositionImplTest::testRepeatedEigenvalue , 832 , 5881 , 9643 , 3610 , 3482 , 8158 , 1083 , 1078 , 788 , 408 , 746 , 786 , 2665 , 5323 , 951 , 1039 , 1080 , 937 , 1014 , 1073 , 1139 , 802 , 0 , 714 , 1113 , 1158 , 1149 , 1086 , 914 , 987 , 1173 , 1120 , 1104 , 1097 , 1119 , 1128 , 1079 , 1145 , 1134 , 1088 , 951 , 974 , 1124 , 1084 , 1054 , 945 , 937 , 1035 , 1046 , 1093 , 1044 , 1054 , 1017 , 968 , 933 , 1008 , 934 , 1013 , 1045 , 971 , 1016 , 1016 , 871 , 907 , 1044 , 
EigenDecompositionImplTest::testDistinctEigenvalues , 1286 , 5508 , 9257 , 3330 , 3206 , 7783 , 1581 , 1591 , 1296 , 936 , 919 , 903 , 2357 , 4952 , 1253 , 1502 , 1568 , 1325 , 1488 , 1558 , 1632 , 1205 , 714 , 0 , 689 , 1660 , 1655 , 1578 , 1341 , 1459 , 1679 , 1623 , 1600 , 1589 , 1615 , 1624 , 1562 , 1656 , 1630 , 1597 , 1436 , 1473 , 1640 , 1598 , 1549 , 1431 , 1416 , 1543 , 1547 , 1586 , 1547 , 1550 , 1510 , 1460 , 1415 , 1505 , 1404 , 1507 , 1546 , 1459 , 1506 , 1508 , 1351 , 1386 , 1538 , 
EigenDecompositionImplTest::testZeroDivide , 1545 , 5369 , 9053 , 3218 , 3107 , 7613 , 1859 , 1867 , 1588 , 1325 , 1112 , 1138 , 2311 , 4832 , 1433 , 1739 , 1813 , 1565 , 1738 , 1811 , 1893 , 1490 , 1113 , 689 , 0 , 1941 , 1930 , 1830 , 1616 , 1702 , 1957 , 1890 , 1869 , 1855 , 1883 , 1900 , 1804 , 1930 , 1902 , 1868 , 1698 , 1720 , 1914 , 1870 , 1806 , 1698 , 1675 , 1815 , 1816 , 1846 , 1810 , 1807 , 1774 , 1734 , 1686 , 1769 , 1672 , 1772 , 1817 , 1731 , 1772 , 1772 , 1605 , 1646 , 1785 , 
EigenDecompositionImpl_ESTest::test00 , 736 , 6795 , 10633 , 4443 , 4308 , 9097 , 327 , 214 , 507 , 957 , 1465 , 1543 , 3571 , 6262 , 1155 , 603 , 377 , 796 , 497 , 378 , 267 , 754 , 1158 , 1660 , 1941 , 0 , 24 , 280 , 486 , 426 , 107 , 92 , 107 , 127 , 121 , 106 , 253 , 62 , 52 , 154 , 379 , 415 , 130 , 195 , 295 , 370 , 409 , 216 , 200 , 230 , 300 , 295 , 255 , 331 , 383 , 279 , 413 , 254 , 200 , 330 , 258 , 257 , 512 , 451 , 331 , 
EigenDecompositionImpl_ESTest::test01 , 732 , 6781 , 10619 , 4430 , 4297 , 9082 , 327 , 222 , 492 , 948 , 1454 , 1530 , 3558 , 6247 , 1151 , 603 , 374 , 792 , 499 , 379 , 263 , 742 , 1149 , 1655 , 1930 , 24 , 0 , 275 , 486 , 436 , 120 , 107 , 100 , 124 , 132 , 103 , 265 , 74 , 51 , 150 , 371 , 417 , 143 , 209 , 295 , 364 , 407 , 214 , 198 , 234 , 298 , 295 , 244 , 328 , 376 , 277 , 404 , 244 , 199 , 330 , 248 , 246 , 505 , 441 , 330 , 
EigenDecompositionImpl_ESTest::test02 , 583 , 6634 , 10467 , 4287 , 4153 , 8935 , 277 , 305 , 475 , 899 , 1389 , 1465 , 3442 , 6111 , 1082 , 571 , 406 , 744 , 490 , 409 , 371 , 693 , 1086 , 1578 , 1830 , 280 , 275 , 0 , 513 , 311 , 324 , 239 , 245 , 234 , 232 , 218 , 125 , 263 , 270 , 325 , 387 , 275 , 331 , 322 , 185 , 389 , 440 , 323 , 317 , 172 , 200 , 185 , 322 , 366 , 392 , 337 , 432 , 323 , 319 , 357 , 321 , 322 , 495 , 444 , 102 , 
EigenDecompositionImpl_ESTest::test03 , 586 , 6376 , 10194 , 4097 , 3967 , 8670 , 568 , 554 , 455 , 740 , 1152 , 1258 , 3192 , 5821 , 973 , 601 , 532 , 663 , 551 , 497 , 554 , 643 , 914 , 1341 , 1616 , 486 , 486 , 513 , 0 , 487 , 579 , 469 , 430 , 449 , 473 , 517 , 434 , 494 , 464 , 496 , 421 , 507 , 533 , 516 , 504 , 428 , 416 , 471 , 473 , 530 , 535 , 504 , 450 , 482 , 425 , 457 , 419 , 447 , 474 , 445 , 450 , 450 , 431 , 421 , 555 , 
EigenDecompositionImpl_ESTest::test04 , 550 , 6441 , 10272 , 4115 , 3981 , 8732 , 355 , 448 , 457 , 814 , 1270 , 1339 , 3285 , 5919 , 964 , 583 , 482 , 658 , 484 , 458 , 505 , 637 , 987 , 1459 , 1702 , 426 , 436 , 311 , 487 , 0 , 476 , 374 , 374 , 367 , 377 , 435 , 257 , 404 , 414 , 383 , 365 , 247 , 459 , 419 , 234 , 366 , 368 , 334 , 344 , 276 , 260 , 235 , 355 , 412 , 356 , 347 , 375 , 352 , 344 , 351 , 356 , 355 , 385 , 363 , 302 , 
EigenDecompositionImpl_ESTest::test05 , 741 , 6807 , 10646 , 4460 , 4326 , 9109 , 308 , 206 , 508 , 969 , 1470 , 1554 , 3584 , 6275 , 1169 , 595 , 350 , 796 , 474 , 353 , 234 , 748 , 1173 , 1679 , 1957 , 107 , 120 , 324 , 579 , 476 , 0 , 164 , 202 , 195 , 193 , 154 , 352 , 136 , 144 , 192 , 429 , 450 , 169 , 230 , 341 , 413 , 460 , 267 , 252 , 273 , 339 , 340 , 308 , 367 , 432 , 330 , 462 , 308 , 251 , 385 , 309 , 308 , 561 , 498 , 355 , 
EigenDecompositionImpl_ESTest::test06 , 714 , 6746 , 10583 , 4392 , 4259 , 9046 , 323 , 242 , 484 , 925 , 1433 , 1511 , 3519 , 6213 , 1110 , 578 , 367 , 746 , 483 , 351 , 281 , 732 , 1120 , 1623 , 1890 , 92 , 107 , 239 , 469 , 374 , 164 , 0 , 118 , 100 , 72 , 112 , 244 , 66 , 86 , 179 , 359 , 373 , 178 , 222 , 270 , 357 , 403 , 212 , 208 , 203 , 275 , 270 , 252 , 328 , 358 , 262 , 401 , 252 , 208 , 315 , 254 , 252 , 486 , 431 , 290 , 
EigenDecompositionImpl_ESTest::test07 , 689 , 6703 , 10537 , 4349 , 4218 , 9000 , 325 , 234 , 468 , 903 , 1401 , 1480 , 3489 , 6169 , 1083 , 554 , 358 , 740 , 462 , 344 , 275 , 696 , 1104 , 1600 , 1869 , 107 , 100 , 245 , 430 , 374 , 202 , 118 , 0 , 36 , 96 , 121 , 213 , 132 , 67 , 159 , 334 , 391 , 189 , 210 , 271 , 317 , 359 , 196 , 179 , 204 , 276 , 271 , 207 , 294 , 330 , 235 , 357 , 208 , 181 , 284 , 212 , 210 , 453 , 396 , 298 , 
EigenDecompositionImpl_ESTest::test08 , 691 , 6694 , 10529 , 4342 , 4208 , 8993 , 323 , 246 , 465 , 892 , 1394 , 1472 , 3481 , 6161 , 1073 , 552 , 358 , 724 , 455 , 350 , 280 , 684 , 1097 , 1589 , 1855 , 127 , 124 , 234 , 449 , 367 , 195 , 100 , 36 , 0 , 81 , 117 , 233 , 118 , 90 , 172 , 327 , 376 , 202 , 211 , 261 , 302 , 354 , 193 , 177 , 193 , 266 , 261 , 205 , 292 , 319 , 228 , 353 , 203 , 177 , 276 , 204 , 202 , 443 , 389 , 285 , 
EigenDecompositionImpl_ESTest::test09 , 711 , 6725 , 10558 , 4368 , 4233 , 9024 , 332 , 227 , 474 , 910 , 1411 , 1489 , 3505 , 6188 , 1109 , 566 , 377 , 751 , 470 , 370 , 279 , 710 , 1119 , 1615 , 1883 , 121 , 132 , 232 , 473 , 377 , 193 , 72 , 96 , 81 , 0 , 123 , 235 , 97 , 100 , 194 , 361 , 376 , 200 , 223 , 269 , 353 , 403 , 224 , 224 , 196 , 274 , 269 , 254 , 343 , 358 , 266 , 403 , 255 , 223 , 313 , 256 , 254 , 479 , 420 , 278 , 
EigenDecompositionImpl_ESTest::test10 , 704 , 6752 , 10594 , 4404 , 4270 , 9060 , 340 , 211 , 485 , 930 , 1436 , 1514 , 3535 , 6228 , 1136 , 584 , 374 , 766 , 495 , 376 , 270 , 706 , 1128 , 1624 , 1900 , 106 , 103 , 218 , 517 , 435 , 154 , 112 , 121 , 117 , 123 , 0 , 284 , 115 , 56 , 176 , 385 , 419 , 190 , 213 , 311 , 375 , 407 , 233 , 212 , 250 , 305 , 311 , 266 , 327 , 384 , 289 , 411 , 266 , 212 , 343 , 269 , 267 , 515 , 451 , 295 , 
EigenDecompositionImpl_ESTest::test11 , 578 , 6596 , 10426 , 4252 , 4117 , 8894 , 291 , 352 , 497 , 886 , 1371 , 1443 , 3419 , 6073 , 1047 , 576 , 407 , 727 , 474 , 402 , 378 , 701 , 1079 , 1562 , 1804 , 253 , 265 , 125 , 434 , 257 , 352 , 244 , 213 , 233 , 235 , 284 , 0 , 274 , 230 , 314 , 358 , 244 , 353 , 347 , 161 , 346 , 384 , 301 , 310 , 179 , 191 , 161 , 311 , 362 , 351 , 323 , 378 , 313 , 311 , 338 , 314 , 313 , 454 , 408 , 166 , 
EigenDecompositionImpl_ESTest::test12 , 729 , 6785 , 10625 , 4433 , 4300 , 9087 , 315 , 213 , 492 , 949 , 1454 , 1532 , 3560 , 6253 , 1144 , 606 , 373 , 776 , 498 , 345 , 278 , 746 , 1145 , 1656 , 1930 , 62 , 74 , 263 , 494 , 404 , 136 , 66 , 132 , 118 , 97 , 115 , 274 , 0 , 90 , 161 , 374 , 385 , 153 , 202 , 268 , 373 , 415 , 220 , 215 , 202 , 273 , 268 , 261 , 342 , 381 , 279 , 416 , 260 , 215 , 335 , 262 , 260 , 506 , 449 , 311 , 
EigenDecompositionImpl_ESTest::test13 , 715 , 6753 , 10591 , 4403 , 4269 , 9055 , 338 , 229 , 488 , 936 , 1441 , 1516 , 3534 , 6221 , 1128 , 581 , 364 , 774 , 488 , 368 , 262 , 728 , 1134 , 1630 , 1902 , 52 , 51 , 270 , 464 , 414 , 144 , 86 , 67 , 90 , 100 , 56 , 230 , 90 , 0 , 151 , 360 , 414 , 161 , 203 , 295 , 350 , 381 , 208 , 187 , 229 , 300 , 295 , 238 , 315 , 358 , 262 , 382 , 239 , 188 , 317 , 242 , 240 , 490 , 428 , 322 , 
EigenDecompositionImpl_ESTest::test14 , 668 , 6710 , 10547 , 4360 , 4226 , 9012 , 310 , 185 , 457 , 894 , 1394 , 1470 , 3486 , 6176 , 1089 , 581 , 365 , 741 , 477 , 356 , 278 , 695 , 1088 , 1597 , 1868 , 154 , 150 , 325 , 496 , 383 , 192 , 179 , 159 , 172 , 194 , 176 , 314 , 161 , 151 , 0 , 281 , 303 , 160 , 135 , 238 , 264 , 313 , 104 , 90 , 235 , 306 , 238 , 152 , 229 , 284 , 168 , 315 , 148 , 90 , 227 , 151 , 149 , 407 , 348 , 367 , 
EigenDecompositionImpl_ESTest::test15 , 598 , 6488 , 10313 , 4168 , 4036 , 8785 , 429 , 384 , 378 , 757 , 1231 , 1297 , 3288 , 5939 , 968 , 558 , 402 , 656 , 471 , 396 , 427 , 591 , 951 , 1436 , 1698 , 379 , 371 , 387 , 421 , 365 , 429 , 359 , 334 , 327 , 361 , 385 , 358 , 374 , 360 , 281 , 0 , 332 , 333 , 315 , 310 , 88 , 173 , 210 , 221 , 355 , 384 , 311 , 183 , 215 , 71 , 148 , 180 , 188 , 225 , 128 , 188 , 186 , 205 , 137 , 408 , 
EigenDecompositionImpl_ESTest::test16 , 506 , 6490 , 10324 , 4163 , 4030 , 8788 , 300 , 387 , 431 , 789 , 1269 , 1347 , 3323 , 5974 , 997 , 584 , 425 , 701 , 480 , 429 , 449 , 635 , 974 , 1473 , 1720 , 415 , 417 , 275 , 507 , 247 , 450 , 373 , 391 , 376 , 376 , 419 , 244 , 385 , 414 , 303 , 332 , 0 , 378 , 335 , 173 , 300 , 389 , 291 , 307 , 224 , 161 , 173 , 317 , 249 , 315 , 317 , 376 , 311 , 307 , 318 , 319 , 316 , 390 , 336 , 232 , 
EigenDecompositionImpl_ESTest::test17 , 714 , 6760 , 10600 , 4414 , 4280 , 9064 , 311 , 184 , 482 , 926 , 1435 , 1514 , 3535 , 6227 , 1136 , 594 , 376 , 779 , 494 , 370 , 277 , 728 , 1124 , 1640 , 1914 , 130 , 143 , 331 , 533 , 459 , 169 , 178 , 189 , 202 , 200 , 190 , 353 , 153 , 161 , 160 , 333 , 378 , 0 , 103 , 289 , 370 , 416 , 198 , 209 , 272 , 252 , 288 , 259 , 302 , 357 , 245 , 414 , 260 , 210 , 309 , 261 , 258 , 484 , 421 , 325 , 
EigenDecompositionImpl_ESTest::test18 , 674 , 6705 , 10543 , 4362 , 4224 , 9009 , 311 , 186 , 443 , 886 , 1384 , 1466 , 3484 , 6168 , 1094 , 585 , 360 , 749 , 482 , 351 , 283 , 692 , 1084 , 1598 , 1870 , 195 , 209 , 322 , 516 , 419 , 230 , 222 , 210 , 211 , 223 , 213 , 347 , 202 , 203 , 135 , 315 , 335 , 103 , 0 , 290 , 321 , 361 , 164 , 177 , 292 , 258 , 287 , 221 , 256 , 305 , 204 , 359 , 222 , 177 , 244 , 223 , 220 , 434 , 372 , 337 , 
EigenDecompositionImpl_ESTest::test19 , 558 , 6607 , 10438 , 4254 , 4121 , 8901 , 261 , 296 , 475 , 866 , 1355 , 1429 , 3417 , 6077 , 1045 , 588 , 399 , 700 , 471 , 405 , 369 , 682 , 1054 , 1549 , 1806 , 295 , 295 , 185 , 504 , 234 , 341 , 270 , 271 , 261 , 269 , 311 , 161 , 268 , 295 , 238 , 310 , 173 , 289 , 290 , 0 , 289 , 345 , 234 , 234 , 91 , 76 , 4 , 226 , 319 , 299 , 242 , 341 , 227 , 234 , 258 , 232 , 230 , 416 , 362 , 219 , 
EigenDecompositionImpl_ESTest::test20 , 597 , 6497 , 10317 , 4175 , 4041 , 8790 , 421 , 385 , 373 , 750 , 1242 , 1301 , 3290 , 5946 , 976 , 556 , 403 , 657 , 470 , 403 , 420 , 582 , 945 , 1431 , 1698 , 370 , 364 , 389 , 428 , 366 , 413 , 357 , 317 , 302 , 353 , 375 , 346 , 373 , 350 , 264 , 88 , 300 , 370 , 321 , 289 , 0 , 142 , 215 , 212 , 345 , 362 , 290 , 156 , 168 , 35 , 166 , 144 , 148 , 212 , 102 , 158 , 156 , 185 , 120 , 394 , 
EigenDecompositionImpl_ESTest::test21 , 586 , 6452 , 10277 , 4138 , 4008 , 8749 , 467 , 431 , 381 , 757 , 1212 , 1289 , 3258 , 5903 , 968 , 563 , 440 , 661 , 485 , 435 , 463 , 590 , 937 , 1416 , 1675 , 409 , 407 , 440 , 416 , 368 , 460 , 403 , 359 , 354 , 403 , 407 , 384 , 415 , 381 , 313 , 173 , 389 , 416 , 361 , 345 , 142 , 0 , 270 , 251 , 396 , 416 , 344 , 220 , 233 , 152 , 226 , 46 , 220 , 250 , 178 , 219 , 219 , 181 , 137 , 440 , 
EigenDecompositionImpl_ESTest::test22 , 643 , 6646 , 10480 , 4301 , 4171 , 8947 , 329 , 235 , 427 , 839 , 1341 , 1412 , 3430 , 6109 , 1046 , 567 , 361 , 714 , 473 , 347 , 307 , 663 , 1035 , 1543 , 1815 , 216 , 214 , 323 , 471 , 334 , 267 , 212 , 196 , 193 , 224 , 233 , 301 , 220 , 208 , 104 , 210 , 291 , 198 , 164 , 234 , 215 , 270 , 0 , 32 , 233 , 307 , 234 , 100 , 195 , 209 , 94 , 272 , 95 , 32 , 156 , 102 , 100 , 342 , 281 , 365 , 
EigenDecompositionImpl_ESTest::test23 , 643 , 6656 , 10490 , 4307 , 4175 , 8954 , 332 , 247 , 441 , 854 , 1350 , 1422 , 3437 , 6117 , 1048 , 563 , 361 , 720 , 471 , 353 , 301 , 662 , 1046 , 1547 , 1816 , 200 , 198 , 317 , 473 , 344 , 252 , 208 , 179 , 177 , 224 , 212 , 310 , 215 , 187 , 90 , 221 , 307 , 209 , 177 , 234 , 212 , 251 , 32 , 0 , 221 , 305 , 238 , 80 , 179 , 222 , 108 , 252 , 86 , 8 , 175 , 88 , 86 , 355 , 294 , 366 , 
EigenDecompositionImpl_ESTest::test24 , 596 , 6660 , 10496 , 4311 , 4175 , 8956 , 269 , 297 , 495 , 905 , 1394 , 1471 , 3462 , 6131 , 1084 , 594 , 397 , 741 , 484 , 394 , 350 , 710 , 1093 , 1586 , 1846 , 230 , 234 , 172 , 530 , 276 , 273 , 203 , 204 , 193 , 196 , 250 , 179 , 202 , 229 , 235 , 355 , 224 , 272 , 292 , 91 , 345 , 396 , 233 , 221 , 0 , 96 , 91 , 239 , 329 , 354 , 255 , 396 , 240 , 223 , 303 , 240 , 237 , 469 , 415 , 196 , 
EigenDecompositionImpl_ESTest::test25 , 564 , 6605 , 10437 , 4257 , 4124 , 8899 , 265 , 308 , 475 , 859 , 1351 , 1426 , 3414 , 6079 , 1056 , 593 , 402 , 724 , 480 , 409 , 362 , 678 , 1044 , 1547 , 1810 , 300 , 298 , 200 , 535 , 260 , 339 , 275 , 276 , 266 , 274 , 305 , 191 , 273 , 300 , 306 , 384 , 161 , 252 , 258 , 76 , 362 , 416 , 307 , 305 , 96 , 0 , 76 , 301 , 251 , 371 , 316 , 405 , 300 , 306 , 331 , 305 , 303 , 477 , 427 , 180 , 
EigenDecompositionImpl_ESTest::test26 , 556 , 6606 , 10437 , 4254 , 4121 , 8902 , 261 , 295 , 474 , 865 , 1354 , 1428 , 3416 , 6077 , 1047 , 590 , 398 , 702 , 472 , 404 , 369 , 682 , 1054 , 1550 , 1807 , 295 , 295 , 185 , 504 , 235 , 340 , 270 , 271 , 261 , 269 , 311 , 161 , 268 , 295 , 238 , 311 , 173 , 288 , 287 , 4 , 290 , 344 , 234 , 238 , 91 , 76 , 0 , 229 , 320 , 300 , 244 , 339 , 228 , 236 , 259 , 231 , 229 , 419 , 365 , 219 , 
EigenDecompositionImpl_ESTest::test27 , 624 , 6601 , 10431 , 4260 , 4128 , 8901 , 358 , 279 , 414 , 817 , 1314 , 1380 , 3387 , 6058 , 1024 , 553 , 363 , 700 , 462 , 353 , 329 , 630 , 1017 , 1510 , 1774 , 255 , 244 , 322 , 450 , 355 , 308 , 252 , 207 , 205 , 254 , 266 , 311 , 261 , 238 , 152 , 183 , 317 , 259 , 221 , 226 , 156 , 220 , 100 , 80 , 239 , 301 , 229 , 0 , 137 , 170 , 60 , 217 , 13 , 86 , 113 , 15 , 14 , 297 , 235 , 361 , 
EigenDecompositionImpl_ESTest::test28 , 601 , 6543 , 10372 , 4217 , 4083 , 8840 , 385 , 337 , 398 , 772 , 1268 , 1334 , 3335 , 5996 , 1024 , 552 , 384 , 703 , 456 , 376 , 371 , 610 , 968 , 1460 , 1734 , 331 , 328 , 366 , 482 , 412 , 367 , 328 , 294 , 292 , 343 , 327 , 362 , 342 , 315 , 229 , 215 , 249 , 302 , 256 , 319 , 168 , 233 , 195 , 179 , 329 , 251 , 320 , 137 , 0 , 180 , 132 , 227 , 137 , 179 , 106 , 141 , 139 , 297 , 233 , 341 , 
EigenDecompositionImpl_ESTest::test29 , 591 , 6486 , 10308 , 4169 , 4036 , 8778 , 430 , 392 , 364 , 738 , 1232 , 1293 , 3280 , 5939 , 969 , 558 , 400 , 651 , 463 , 399 , 427 , 581 , 933 , 1415 , 1686 , 383 , 376 , 392 , 425 , 356 , 432 , 358 , 330 , 319 , 358 , 384 , 351 , 381 , 358 , 284 , 71 , 315 , 357 , 305 , 299 , 35 , 152 , 209 , 222 , 354 , 371 , 300 , 170 , 180 , 0 , 156 , 150 , 162 , 222 , 94 , 171 , 171 , 175 , 106 , 400 , 
EigenDecompositionImpl_ESTest::test30 , 628 , 6590 , 10419 , 4249 , 4117 , 8886 , 365 , 300 , 410 , 808 , 1303 , 1370 , 3374 , 6044 , 1017 , 559 , 368 , 690 , 457 , 357 , 344 , 633 , 1008 , 1505 , 1769 , 279 , 277 , 337 , 457 , 347 , 330 , 262 , 235 , 228 , 266 , 289 , 323 , 279 , 262 , 168 , 148 , 317 , 245 , 204 , 242 , 166 , 226 , 94 , 108 , 255 , 316 , 244 , 60 , 132 , 156 , 0 , 223 , 57 , 109 , 88 , 63 , 61 , 286 , 227 , 368 , 
EigenDecompositionImpl_ESTest::test31 , 590 , 6452 , 10280 , 4144 , 4011 , 8750 , 456 , 429 , 367 , 749 , 1220 , 1283 , 3262 , 5905 , 966 , 563 , 440 , 650 , 478 , 439 , 461 , 584 , 934 , 1404 , 1672 , 413 , 404 , 432 , 419 , 375 , 462 , 401 , 357 , 353 , 403 , 411 , 378 , 416 , 382 , 315 , 180 , 376 , 414 , 359 , 341 , 144 , 46 , 272 , 252 , 396 , 405 , 339 , 217 , 227 , 150 , 223 , 0 , 219 , 251 , 170 , 219 , 218 , 172 , 138 , 437 , 
EigenDecompositionImpl_ESTest::test32 , 624 , 6599 , 10432 , 4260 , 4128 , 8902 , 359 , 279 , 411 , 815 , 1313 , 1380 , 3386 , 6058 , 1024 , 552 , 361 , 701 , 459 , 351 , 329 , 631 , 1013 , 1507 , 1772 , 254 , 244 , 323 , 447 , 352 , 308 , 252 , 208 , 203 , 255 , 266 , 313 , 260 , 239 , 148 , 188 , 311 , 260 , 222 , 227 , 148 , 220 , 95 , 86 , 240 , 300 , 228 , 13 , 137 , 162 , 57 , 219 , 0 , 86 , 114 , 15 , 14 , 297 , 235 , 363 , 
EigenDecompositionImpl_ESTest::test33 , 643 , 6655 , 10489 , 4306 , 4174 , 8955 , 333 , 247 , 437 , 853 , 1352 , 1420 , 3437 , 6117 , 1048 , 566 , 360 , 717 , 470 , 351 , 302 , 664 , 1045 , 1546 , 1817 , 200 , 199 , 319 , 474 , 344 , 251 , 208 , 181 , 177 , 223 , 212 , 311 , 215 , 188 , 90 , 225 , 307 , 210 , 177 , 234 , 212 , 250 , 32 , 8 , 223 , 306 , 236 , 86 , 179 , 222 , 109 , 251 , 86 , 0 , 175 , 85 , 82 , 355 , 294 , 367 , 
EigenDecompositionImpl_ESTest::test34 , 621 , 6535 , 10360 , 4206 , 4075 , 8834 , 392 , 350 , 385 , 774 , 1266 , 1332 , 3326 , 5986 , 994 , 562 , 378 , 669 , 462 , 378 , 387 , 610 , 971 , 1459 , 1731 , 330 , 330 , 357 , 445 , 351 , 385 , 315 , 284 , 276 , 313 , 343 , 338 , 335 , 317 , 227 , 128 , 318 , 309 , 244 , 258 , 102 , 178 , 156 , 175 , 303 , 331 , 259 , 113 , 106 , 94 , 88 , 170 , 114 , 175 , 0 , 120 , 118 , 231 , 171 , 389 , 
EigenDecompositionImpl_ESTest::test35 , 622 , 6599 , 10430 , 4258 , 4127 , 8900 , 354 , 277 , 414 , 817 , 1309 , 1382 , 3385 , 6059 , 1026 , 557 , 365 , 702 , 461 , 353 , 330 , 633 , 1016 , 1506 , 1772 , 258 , 248 , 321 , 450 , 356 , 309 , 254 , 212 , 204 , 256 , 269 , 314 , 262 , 242 , 151 , 188 , 319 , 261 , 223 , 232 , 158 , 219 , 102 , 88 , 240 , 305 , 231 , 15 , 141 , 171 , 63 , 219 , 15 , 85 , 120 , 0 , 6 , 303 , 239 , 363 , 
EigenDecompositionImpl_ESTest::test36 , 623 , 6603 , 10432 , 4258 , 4128 , 8902 , 356 , 278 , 413 , 816 , 1312 , 1380 , 3389 , 6059 , 1028 , 557 , 365 , 702 , 461 , 352 , 329 , 634 , 1016 , 1508 , 1772 , 257 , 246 , 322 , 450 , 355 , 308 , 252 , 210 , 202 , 254 , 267 , 313 , 260 , 240 , 149 , 186 , 316 , 258 , 220 , 230 , 156 , 219 , 100 , 86 , 237 , 303 , 229 , 14 , 139 , 171 , 61 , 218 , 14 , 82 , 118 , 6 , 0 , 299 , 238 , 362 , 
EigenDecompositionImpl_ESTest::test37 , 595 , 6388 , 10191 , 4068 , 3937 , 8663 , 526 , 516 , 364 , 690 , 1155 , 1221 , 3184 , 5820 , 929 , 591 , 507 , 632 , 504 , 493 , 546 , 560 , 871 , 1351 , 1605 , 512 , 505 , 495 , 431 , 385 , 561 , 486 , 453 , 443 , 479 , 515 , 454 , 506 , 490 , 407 , 205 , 390 , 484 , 434 , 416 , 185 , 181 , 342 , 355 , 469 , 477 , 419 , 297 , 297 , 175 , 286 , 172 , 297 , 355 , 231 , 303 , 299 , 0 , 101 , 488 , 
EigenDecompositionImpl_ESTest::test38 , 598 , 6435 , 10248 , 4118 , 3986 , 8717 , 475 , 454 , 350 , 719 , 1194 , 1256 , 3228 , 5877 , 952 , 570 , 454 , 638 , 481 , 444 , 491 , 571 , 907 , 1386 , 1646 , 451 , 441 , 444 , 421 , 363 , 498 , 431 , 396 , 389 , 420 , 451 , 408 , 449 , 428 , 348 , 137 , 336 , 421 , 372 , 362 , 120 , 137 , 281 , 294 , 415 , 427 , 365 , 235 , 233 , 106 , 227 , 138 , 235 , 294 , 171 , 239 , 238 , 101 , 0 , 443 , 
EigenDecompositionImpl_ESTest::test39 , 568 , 6581 , 10412 , 4239 , 4105 , 8879 , 302 , 351 , 476 , 854 , 1348 , 1419 , 3396 , 6060 , 1058 , 586 , 418 , 722 , 480 , 423 , 395 , 661 , 1044 , 1538 , 1785 , 331 , 330 , 102 , 555 , 302 , 355 , 290 , 298 , 285 , 278 , 295 , 166 , 311 , 322 , 367 , 408 , 232 , 325 , 337 , 219 , 394 , 440 , 365 , 366 , 196 , 180 , 219 , 361 , 341 , 400 , 368 , 437 , 363 , 367 , 389 , 363 , 362 , 488 , 443 , 0 , 
The time of execution of above matrix is :9879.642248153687
