:,RegressionTest0::test01,RegressionTest0::test02,RegressionTest0::test03,RegressionTest0::test04,RegressionTest0::test05,RegressionTest0::test06,RegressionTest0::test07,RegressionTest0::test08,RegressionTest0::test09,RegressionTest0::test10,RegressionTest0::test11,RegressionTest0::test12,RegressionTest0::test13,RegressionTest0::test14,RegressionTest0::test15,RegressionTest0::test16,RegressionTest0::test17,RegressionTest0::test18,RegressionTest0::test19,RegressionTest0::test20,RegressionTest0::test21,RegressionTest0::test22,RegressionTest0::test23,RegressionTest0::test24,RegressionTest0::test25,RegressionTest0::test26,RegressionTest0::test27,RegressionTest0::test28,RegressionTest0::test29,RegressionTest0::test30,RegressionTest0::test31,RegressionTest0::test32,RegressionTest0::test33,RegressionTest0::test34,RegressionTest0::test35,RegressionTest0::test36,RegressionTest0::test37,RegressionTest0::test38,RegressionTest0::test39,SingularValueDecompositionImplTest::testAEqualUSVt,SingularValueDecompositionImplTest::testConditionNumber,SingularValueDecompositionImplTest::testDimensions,SingularValueDecompositionImplTest::testHadamard,SingularValueDecompositionImplTest::testMatricesValues1,SingularValueDecompositionImplTest::testMatricesValues2,SingularValueDecompositionImplTest::testMoreColumns,SingularValueDecompositionImplTest::testMoreRows,SingularValueDecompositionImplTest::testUOrthogonal,SingularValueDecompositionImplTest::testVOrthogonal,SingularValueDecompositionImpl_ESTest::test00,SingularValueDecompositionImpl_ESTest::test01,SingularValueDecompositionImpl_ESTest::test02,SingularValueDecompositionImpl_ESTest::test03,SingularValueDecompositionImpl_ESTest::test04,SingularValueDecompositionImpl_ESTest::test05,SingularValueDecompositionImpl_ESTest::test06,SingularValueDecompositionImpl_ESTest::test07,SingularValueDecompositionImpl_ESTest::test08,SingularValueDecompositionImpl_ESTest::test09,SingularValueDecompositionImpl_ESTest::test10,SingularValueDecompositionImpl_ESTest::test11,SingularValueSolverTest::testConditionNumber,SingularValueSolverTest::testLeastSquareSolve,SingularValueSolverTest::testMath320A,SingularValueSolverTest::testMath320B,SingularValueSolverTest::testSolve,SingularValueSolverTest::testSolveDimensionErrors,SingularValueSolverTest::testTruncated,
RegressionTest0::test01 ,0,17,0,1,14,0,0,0,34,14,0,1,1,446,0,329,348,332,147,334,329,325,14,31,319,333,321,602,339,332,325,28,307,319,365,320,631,335,545,310,310,291,313,274,278,284,284,299,299,294,296,287,283,283,289,289,282,282,284,284,287,310,266,316,292,277,289,278,
RegressionTest0::test02 ,17,0,17,18,27,17,17,17,19,27,17,18,18,433,17,327,340,325,144,335,330,324,27,16,318,330,318,599,326,332,324,34,314,322,363,323,628,333,530,326,327,308,318,289,291,301,301,315,315,311,313,304,300,300,306,306,299,298,301,301,304,327,280,322,309,292,305,294,
RegressionTest0::test03 ,0,17,0,1,14,0,0,0,34,14,0,1,1,446,0,329,348,332,147,334,329,325,14,31,319,333,321,602,339,332,325,28,307,319,365,320,631,335,545,310,310,291,313,274,278,284,284,299,299,294,296,287,283,283,289,289,282,282,284,284,287,310,266,316,292,277,289,278,
RegressionTest0::test04 ,1,18,1,0,15,1,1,1,35,15,1,0,2,446,1,329,348,333,148,334,329,325,15,32,319,333,321,603,339,332,325,29,308,319,365,320,631,335,545,310,310,291,313,274,278,284,284,299,299,294,296,287,283,283,289,289,282,282,284,284,287,310,266,316,292,277,289,278,
RegressionTest0::test05 ,14,27,14,15,0,14,14,14,23,1,14,15,15,447,14,336,354,330,140,335,328,323,1,18,322,338,318,598,346,338,323,16,316,319,364,320,626,333,537,323,323,304,318,286,287,296,296,312,312,307,309,300,295,296,302,301,295,294,297,297,300,323,277,320,305,288,302,291,
RegressionTest0::test06 ,0,17,0,1,14,0,0,0,34,14,0,1,1,446,0,329,348,332,147,334,329,325,14,31,319,333,321,602,339,332,325,28,307,319,365,320,631,335,545,310,310,291,313,274,278,284,284,299,299,294,296,287,283,283,289,289,282,282,284,284,287,310,266,316,292,277,289,278,
RegressionTest0::test07 ,0,17,0,1,14,0,0,0,34,14,0,1,1,446,0,329,348,332,147,334,329,325,14,31,319,333,321,602,339,332,325,28,307,319,365,320,631,335,545,310,310,291,313,274,278,284,284,299,299,294,296,287,283,283,289,289,282,282,284,284,287,310,266,316,292,277,289,278,
RegressionTest0::test08 ,0,17,0,1,14,0,0,0,34,14,0,1,1,446,0,329,348,332,147,334,329,325,14,31,319,333,321,602,339,332,325,28,307,319,365,320,631,335,545,310,310,291,313,274,278,284,284,299,299,294,296,287,283,283,289,289,282,282,284,284,287,310,266,316,292,277,289,278,
RegressionTest0::test09 ,34,19,34,35,23,34,34,34,0,22,34,35,35,434,34,335,355,333,137,335,335,329,23,5,325,339,325,595,338,337,329,32,321,326,366,327,623,335,523,342,343,324,323,302,303,315,315,331,331,327,329,320,315,316,322,321,315,314,317,317,320,343,294,328,324,305,320,310,
RegressionTest0::test10 ,14,27,14,15,1,14,14,14,22,0,14,15,15,446,14,336,354,331,139,335,327,322,1,17,322,338,317,598,345,338,322,15,316,318,364,319,626,332,536,323,323,304,318,286,287,296,296,312,312,307,309,300,295,296,302,301,295,294,297,297,300,323,277,320,305,288,302,291,
RegressionTest0::test11 ,0,17,0,1,14,0,0,0,34,14,0,1,1,446,0,329,348,332,147,334,329,325,14,31,319,333,321,602,339,332,325,28,307,319,365,320,631,335,545,310,310,291,313,274,278,284,284,299,299,294,296,287,283,283,289,289,282,282,284,284,287,310,266,316,292,277,289,278,
RegressionTest0::test12 ,1,18,1,0,15,1,1,1,35,15,1,0,2,446,1,329,348,333,148,334,329,325,15,32,319,333,321,603,339,332,325,29,308,319,365,320,631,335,545,310,310,291,313,274,278,284,284,299,299,294,296,287,283,283,289,289,282,282,284,284,287,310,266,316,292,277,289,278,
RegressionTest0::test13 ,1,18,1,2,15,1,1,1,35,15,1,2,0,446,1,329,347,332,147,334,328,324,15,32,318,333,320,603,338,332,324,29,308,318,365,319,632,334,545,311,311,292,312,275,278,285,285,300,300,295,297,288,284,284,290,290,283,283,285,285,288,311,267,316,293,278,290,279,
RegressionTest0::test14 ,446,433,446,446,447,446,446,446,434,446,446,446,446,0,446,213,154,283,440,205,213,216,447,435,289,206,219,430,267,197,216,438,245,223,285,223,447,207,327,629,630,609,462,532,480,587,587,618,618,611,616,606,600,603,608,606,593,598,603,601,606,630,538,512,591,528,604,548,
RegressionTest0::test15 ,0,17,0,1,14,0,0,0,34,14,0,1,1,446,0,329,348,332,147,334,329,325,14,31,319,333,321,602,339,332,325,28,307,319,365,320,631,335,545,310,310,291,313,274,278,284,284,299,299,294,296,287,283,283,289,289,282,282,284,284,287,310,266,316,292,277,289,278,
RegressionTest0::test16 ,329,327,329,329,336,329,329,329,335,336,329,329,329,213,329,0,109,135,329,22,37,28,337,332,144,38,32,447,145,24,28,342,69,38,150,39,472,34,352,452,453,432,293,355,303,412,412,442,442,434,442,429,423,428,431,430,416,425,426,426,429,453,366,349,414,355,429,372,
RegressionTest0::test17 ,348,340,348,348,354,348,348,348,355,354,348,348,347,154,348,109,0,182,369,111,103,105,354,353,196,125,107,442,187,108,105,361,140,112,207,112,467,96,348,524,525,504,361,427,376,483,483,513,513,506,512,501,496,499,503,501,488,495,498,497,501,525,436,414,487,425,499,443,
RegressionTest0::test18 ,332,325,332,333,330,332,332,332,333,331,332,333,332,283,332,135,182,0,339,145,115,112,331,332,155,135,115,470,144,138,112,328,93,115,193,116,498,117,376,417,417,399,263,322,275,377,377,408,408,401,406,397,388,391,397,395,383,388,393,393,395,417,333,323,382,324,393,336,
RegressionTest0::test19 ,147,144,147,148,140,147,147,147,137,139,147,148,147,440,147,329,369,339,0,327,334,326,140,136,328,331,323,567,346,329,326,131,327,327,354,327,596,336,518,380,380,358,348,338,338,353,353,369,369,364,366,359,351,355,360,359,354,352,355,354,358,380,331,346,358,339,358,346,
RegressionTest0::test20 ,334,335,334,334,335,334,334,334,335,335,334,334,334,205,334,22,111,145,327,0,47,42,335,332,154,47,46,439,155,29,42,339,83,52,157,53,463,42,350,466,467,446,307,369,318,426,426,456,456,449,456,443,438,442,445,444,430,439,440,440,443,467,381,359,428,370,443,385,
RegressionTest0::test21 ,329,330,329,329,328,329,329,329,335,327,329,329,328,213,329,37,103,115,334,47,0,14,328,331,137,47,18,457,140,41,14,332,46,15,165,16,484,12,361,430,429,411,273,334,285,388,388,420,420,411,419,406,402,406,408,407,393,402,403,403,406,429,345,333,392,337,405,349,
RegressionTest0::test22 ,325,324,325,325,323,325,325,325,329,322,325,325,324,216,325,28,105,112,326,42,14,0,323,327,131,39,8,460,139,34,0,325,41,10,160,11,487,13,365,425,425,406,268,330,280,384,384,415,415,407,414,401,397,401,403,402,388,397,398,398,401,425,340,330,387,331,402,344,
RegressionTest0::test23 ,14,27,14,15,1,14,14,14,23,1,14,15,15,447,14,337,354,331,140,335,328,323,0,18,322,337,318,598,346,338,323,16,316,319,364,320,625,333,537,323,323,304,318,286,287,296,296,312,312,307,309,300,295,296,302,301,295,294,297,297,300,323,277,319,305,288,302,291,
RegressionTest0::test24 ,31,16,31,32,18,31,31,31,5,17,31,32,32,435,31,332,353,332,136,332,331,327,18,0,323,337,324,593,337,335,327,27,321,325,364,326,621,331,521,339,340,321,323,301,301,313,313,328,328,324,326,317,312,313,319,318,312,311,314,314,317,340,292,326,322,303,318,307,
RegressionTest0::test25 ,319,318,319,319,322,319,319,319,325,322,319,319,318,289,319,144,196,155,328,154,137,131,322,323,0,143,129,442,30,146,131,330,119,130,74,131,470,140,337,453,452,430,286,358,310,409,410,444,444,435,440,430,423,428,431,431,416,424,426,425,429,452,360,354,414,357,428,371,
RegressionTest0::test26 ,333,330,333,333,338,333,333,333,339,338,333,333,333,206,333,38,125,135,331,47,47,39,337,337,143,0,33,445,146,33,39,340,54,32,147,33,473,52,354,439,439,419,280,343,292,398,398,429,429,421,428,415,410,415,417,417,403,411,412,412,415,439,354,337,401,343,415,358,
RegressionTest0::test27 ,321,318,321,321,318,321,321,321,325,317,321,321,320,219,321,32,107,115,323,46,18,8,318,324,129,33,0,463,137,37,8,322,38,7,159,8,488,21,369,422,422,402,263,327,276,381,381,412,412,404,411,398,394,398,400,399,385,394,395,395,398,422,336,328,383,329,398,341,
RegressionTest0::test28 ,602,599,602,603,598,602,602,602,595,598,602,603,603,430,602,447,442,470,567,439,457,460,598,593,442,445,463,0,435,443,460,592,482,463,414,463,30,457,390,803,803,779,621,702,652,760,759,791,791,786,790,780,770,775,781,778,769,773,775,776,779,803,707,680,765,698,773,716,
RegressionTest0::test29 ,339,326,339,339,346,339,339,339,338,345,339,339,338,267,339,145,187,144,346,155,140,139,346,337,30,146,137,435,0,147,139,346,124,139,99,139,464,143,318,466,466,444,298,371,323,423,424,456,456,448,454,444,437,442,445,445,430,438,440,439,443,466,373,368,428,370,440,384,
RegressionTest0::test30 ,332,332,332,332,338,332,332,332,337,338,332,332,332,197,332,24,108,138,329,29,41,34,338,335,146,33,37,443,147,0,34,343,70,42,155,42,466,40,354,455,455,434,296,358,307,414,414,445,445,437,444,431,426,430,433,432,418,427,428,427,431,455,369,348,416,359,431,374,
RegressionTest0::test31 ,325,324,325,325,323,325,325,325,329,322,325,325,324,216,325,28,105,112,326,42,14,0,323,327,131,39,8,460,139,34,0,325,41,10,160,11,487,13,365,425,425,406,268,330,280,384,384,415,415,407,414,401,397,401,403,402,388,397,398,398,401,425,340,330,387,331,402,344,
RegressionTest0::test32 ,28,34,28,29,16,28,28,28,32,15,28,29,29,438,28,342,361,328,131,339,332,325,16,27,330,340,322,592,346,343,325,0,317,326,365,326,620,334,531,337,337,318,319,299,300,310,310,326,326,321,323,314,309,310,316,315,309,308,311,311,314,337,290,324,319,301,316,305,
RegressionTest0::test33 ,307,314,307,308,316,307,307,307,321,316,307,308,308,245,307,69,140,93,327,83,46,41,316,321,119,54,38,482,124,70,41,317,0,33,170,34,511,54,382,390,389,372,235,297,246,349,349,381,381,372,378,366,361,365,367,366,352,361,362,362,365,389,306,303,351,300,366,310,
RegressionTest0::test34 ,319,322,319,319,319,319,319,319,326,318,319,319,318,223,319,38,112,115,327,52,15,10,319,325,130,32,7,463,139,42,10,326,33,0,160,1,491,23,362,417,417,398,261,322,272,376,376,407,407,399,406,393,389,393,395,394,380,389,390,390,393,417,333,323,379,324,394,336,
RegressionTest0::test35 ,365,363,365,365,364,365,365,365,366,364,365,365,365,285,365,150,207,193,354,157,165,160,364,364,74,147,159,414,99,155,160,365,170,160,0,161,439,167,324,494,494,470,322,397,347,447,448,484,484,475,482,473,465,469,474,473,458,467,468,468,472,494,401,392,455,396,469,412,
RegressionTest0::test36 ,320,323,320,320,320,320,320,320,327,319,320,320,319,223,320,39,112,116,327,53,16,11,320,326,131,33,8,463,139,42,11,326,34,1,161,0,490,24,362,418,418,399,261,323,273,377,377,408,408,400,407,394,390,394,396,395,381,390,390,391,394,418,334,324,380,325,395,337,
RegressionTest0::test37 ,631,628,631,631,626,631,631,631,623,626,631,631,632,447,631,472,467,498,596,463,484,487,625,621,470,473,488,30,464,466,487,620,511,491,439,490,0,484,417,832,832,806,647,731,681,789,788,820,820,815,819,809,799,804,810,807,797,802,804,805,808,832,735,705,794,724,802,745,
RegressionTest0::test38 ,335,333,335,335,333,335,335,335,335,332,335,335,334,207,335,34,96,117,336,42,12,13,333,331,140,52,21,457,143,40,13,334,54,23,167,24,484,0,363,438,438,419,278,343,293,397,397,428,428,419,425,414,409,412,416,415,401,410,411,410,414,438,352,339,400,344,413,357,
RegressionTest0::test39 ,545,530,545,545,537,545,545,545,523,536,545,545,545,327,545,352,348,376,518,350,361,365,537,521,337,354,369,390,318,354,365,531,382,362,324,362,417,363,0,728,729,704,504,619,552,680,681,716,716,709,715,704,696,700,705,705,690,697,699,698,703,729,627,602,690,623,699,640,
SingularValueDecompositionImplTest::testAEqualUSVt ,310,326,310,310,323,310,310,310,342,323,310,310,311,629,310,452,524,417,380,466,430,425,323,339,453,439,422,803,466,455,425,337,390,417,494,418,832,438,728,0,16,54,339,169,265,83,83,12,12,31,28,39,46,44,37,38,55,53,45,46,41,16,175,342,59,194,60,144,
SingularValueDecompositionImplTest::testConditionNumber ,310,327,310,310,323,310,310,310,343,323,310,310,311,630,310,453,525,417,380,467,429,425,323,340,452,439,422,803,466,455,425,337,389,417,494,418,832,438,729,16,0,59,339,166,263,81,81,24,24,27,25,38,47,42,38,39,54,54,44,44,42,0,175,342,55,192,58,143,
SingularValueDecompositionImplTest::testDimensions ,291,308,291,291,304,291,291,291,324,304,291,291,292,609,291,432,504,399,358,446,411,406,304,321,430,419,402,779,444,434,406,318,372,398,470,399,806,419,704,54,59,0,320,146,241,68,68,54,54,48,50,49,41,47,47,45,51,49,48,49,47,59,147,319,55,165,55,126,
SingularValueDecompositionImplTest::testHadamard ,313,318,313,313,318,313,313,313,323,318,313,313,312,462,313,293,361,263,348,307,273,268,318,323,286,280,263,621,298,296,268,319,235,261,322,261,647,278,504,339,339,320,0,249,197,304,304,336,336,325,329,321,314,317,321,319,316,316,317,319,321,339,256,266,290,252,316,258,
SingularValueDecompositionImplTest::testMatricesValues1 ,274,289,274,274,286,274,274,274,302,286,274,274,275,532,274,355,427,322,338,369,334,330,286,301,358,343,327,702,371,358,330,299,297,322,397,323,731,343,619,169,166,146,249,0,123,133,133,168,168,156,162,156,147,155,154,153,144,149,148,151,154,166,107,273,128,118,144,114,
SingularValueDecompositionImplTest::testMatricesValues2 ,278,291,278,278,287,278,278,278,303,287,278,278,278,480,278,303,376,275,338,318,285,280,287,301,310,292,276,652,323,307,280,300,246,272,347,273,681,293,552,265,263,241,197,123,0,226,226,262,262,255,259,251,239,250,249,248,241,239,243,246,248,263,183,255,224,175,247,182,
SingularValueDecompositionImplTest::testMoreColumns ,284,301,284,284,296,284,284,284,315,296,284,284,285,587,284,412,483,377,353,426,388,384,296,313,409,398,381,760,423,414,384,310,349,376,447,377,789,397,680,83,81,68,304,133,226,0,4,80,80,76,75,72,67,68,71,68,75,65,68,70,71,81,141,289,70,156,77,89,
SingularValueDecompositionImplTest::testMoreRows ,284,301,284,284,296,284,284,284,315,296,284,284,285,587,284,412,483,377,353,426,388,384,296,313,410,398,381,759,424,414,384,310,349,376,448,377,788,397,681,83,81,68,304,133,226,4,0,80,80,76,75,72,67,68,71,68,74,65,68,70,71,81,142,289,69,155,78,89,
SingularValueDecompositionImplTest::testUOrthogonal ,299,315,299,299,312,299,299,299,331,312,299,299,300,618,299,442,513,408,369,456,420,415,312,328,444,429,412,791,456,445,415,326,381,407,484,408,820,428,716,12,24,54,336,168,262,80,80,0,0,32,28,37,44,42,36,35,53,48,43,44,39,24,173,339,57,189,58,143,
SingularValueDecompositionImplTest::testVOrthogonal ,299,315,299,299,312,299,299,299,331,312,299,299,300,618,299,442,513,408,369,456,420,415,312,328,444,429,412,791,456,445,415,326,381,407,484,408,820,428,716,12,24,54,336,168,262,80,80,0,0,32,28,37,44,42,36,35,53,48,43,44,39,24,173,339,57,189,58,143,
SingularValueDecompositionImpl_ESTest::test00 ,294,311,294,294,307,294,294,294,327,307,294,294,295,611,294,434,506,401,364,449,411,407,307,324,435,421,404,786,448,437,407,321,372,399,475,400,815,419,709,31,27,48,325,156,255,76,76,32,32,0,18,28,34,32,27,27,36,44,34,32,29,27,165,328,52,180,48,131,
SingularValueDecompositionImpl_ESTest::test01 ,296,313,296,296,309,296,296,296,329,309,296,296,297,616,296,442,512,406,366,456,419,414,309,326,440,428,411,790,454,444,414,323,378,406,482,407,819,425,715,28,25,50,329,162,259,75,75,28,28,18,0,30,35,31,29,26,45,42,37,38,33,25,167,333,52,187,57,135,
SingularValueDecompositionImpl_ESTest::test02 ,287,304,287,287,300,287,287,287,320,300,287,287,288,606,287,429,501,397,359,443,406,401,300,317,430,415,398,780,444,431,401,314,366,393,473,394,809,414,704,39,38,49,321,156,251,72,72,37,37,28,30,0,38,25,4,30,45,36,12,12,8,38,158,325,52,175,52,128,
SingularValueDecompositionImpl_ESTest::test03 ,283,300,283,283,295,283,283,283,315,295,283,283,284,600,283,423,496,388,351,438,402,397,295,312,423,410,394,770,437,426,397,309,361,389,465,390,799,409,696,46,47,41,314,147,239,67,67,44,44,34,35,38,0,23,36,15,43,29,36,38,38,47,144,319,51,177,53,125,
SingularValueDecompositionImpl_ESTest::test04 ,283,300,283,283,296,283,283,283,316,296,283,283,284,603,283,428,499,391,355,442,406,401,296,313,428,415,398,775,442,430,401,310,365,393,469,394,804,412,700,44,42,47,317,155,250,68,68,42,42,32,31,25,23,0,25,22,41,32,24,27,29,42,156,322,47,177,54,124,
SingularValueDecompositionImpl_ESTest::test05 ,289,306,289,289,302,289,289,289,322,302,289,289,290,608,289,431,503,397,360,445,408,403,302,319,431,417,400,781,445,433,403,316,367,395,474,396,810,416,705,37,38,47,321,154,249,71,71,36,36,27,29,4,36,25,0,29,43,34,10,11,4,38,157,325,50,175,52,126,
SingularValueDecompositionImpl_ESTest::test06 ,289,306,289,289,301,289,289,289,321,301,289,289,290,606,289,430,501,395,359,444,407,402,301,318,431,417,399,778,445,432,402,315,366,394,473,395,807,415,705,38,39,45,319,153,248,68,68,35,35,27,26,30,15,22,29,0,33,29,31,34,32,39,154,322,50,179,54,126,
SingularValueDecompositionImpl_ESTest::test07 ,282,299,282,282,295,282,282,282,315,295,282,282,283,593,282,416,488,383,354,430,393,388,295,312,416,403,385,769,430,418,388,309,352,380,458,381,797,401,690,55,54,51,316,144,241,75,74,53,53,36,45,45,43,41,43,33,0,44,42,45,43,54,151,318,52,168,54,123,
SingularValueDecompositionImpl_ESTest::test08 ,282,298,282,282,294,282,282,282,314,294,282,282,283,598,282,425,495,388,352,439,402,397,294,311,424,411,394,773,438,427,397,308,361,389,467,390,802,410,697,53,54,49,316,149,239,65,65,48,48,44,42,36,29,32,34,29,44,0,33,38,33,54,146,317,53,175,59,122,
SingularValueDecompositionImpl_ESTest::test09 ,284,301,284,284,297,284,284,284,317,297,284,284,285,603,284,426,498,393,355,440,403,398,297,314,426,412,395,775,440,428,398,311,362,390,468,390,804,411,699,45,44,48,317,148,243,68,68,43,43,34,37,12,36,24,10,31,42,33,0,12,14,44,152,322,49,178,54,123,
SingularValueDecompositionImpl_ESTest::test10 ,284,301,284,284,297,284,284,284,317,297,284,284,285,601,284,426,497,393,354,440,403,398,297,314,425,412,395,776,439,427,398,311,362,390,468,391,805,410,698,46,44,49,319,151,246,70,70,44,44,32,38,12,38,27,11,34,45,38,12,0,15,44,155,323,51,176,49,125,
SingularValueDecompositionImpl_ESTest::test11 ,287,304,287,287,300,287,287,287,320,300,287,287,288,606,287,429,501,395,358,443,406,401,300,317,429,415,398,779,443,431,401,314,365,393,472,394,808,414,703,41,42,47,321,154,248,71,71,39,39,29,33,8,38,29,4,32,43,33,14,15,0,42,155,324,51,174,51,125,
SingularValueSolverTest::testConditionNumber ,310,327,310,310,323,310,310,310,343,323,310,310,311,630,310,453,525,417,380,467,429,425,323,340,452,439,422,803,466,455,425,337,389,417,494,418,832,438,729,16,0,59,339,166,263,81,81,24,24,27,25,38,47,42,38,39,54,54,44,44,42,0,175,342,55,192,58,143,
SingularValueSolverTest::testLeastSquareSolve ,266,280,266,266,277,266,266,266,294,277,266,266,267,538,266,366,436,333,331,381,345,340,277,292,360,354,336,707,373,369,340,290,306,333,401,334,735,352,627,175,175,147,256,107,183,141,142,173,173,165,167,158,144,156,157,154,151,146,152,155,155,175,0,274,130,124,144,125,
SingularValueSolverTest::testMath320A ,316,322,316,316,320,316,316,316,328,320,316,316,316,512,316,349,414,323,346,359,333,330,319,326,354,337,328,680,368,348,330,324,303,323,392,324,705,339,602,342,342,319,266,273,255,289,289,339,339,328,333,325,319,322,325,322,318,317,322,323,324,342,274,0,298,259,320,203,
SingularValueSolverTest::testMath320B ,292,309,292,292,305,292,292,292,324,305,292,292,293,591,292,414,487,382,358,428,392,387,305,322,414,401,383,765,428,416,387,319,351,379,455,380,794,400,690,59,55,55,290,128,224,70,69,57,57,52,52,52,51,47,50,50,52,53,49,51,51,55,130,298,0,151,61,100,
SingularValueSolverTest::testSolve ,277,292,277,277,288,277,277,277,305,288,277,277,278,528,277,355,425,324,339,370,337,331,288,303,357,343,329,698,370,359,331,301,300,324,396,325,724,344,623,194,192,165,252,118,175,156,155,189,189,180,187,175,177,177,175,179,168,175,178,176,174,192,124,259,151,0,162,118,
SingularValueSolverTest::testSolveDimensionErrors ,289,305,289,289,302,289,289,289,320,302,289,289,290,604,289,429,499,393,358,443,405,402,302,318,428,415,398,773,440,431,402,316,366,394,469,395,802,413,699,60,58,55,316,144,247,77,78,58,58,48,57,52,53,54,52,54,54,59,54,49,51,58,144,320,61,162,0,132,
SingularValueSolverTest::testTruncated ,278,294,278,278,291,278,278,278,310,291,278,278,279,548,278,372,443,336,346,385,349,344,291,307,371,358,341,716,384,374,344,305,310,336,412,337,745,357,640,144,143,126,258,114,182,89,89,143,143,131,135,128,125,124,126,126,123,122,123,125,125,143,125,203,100,118,132,0,
