:,GaussianFitterTest::testFit01,GaussianFitterTest::testFit02,GaussianFitterTest::testFit03,GaussianFitterTest::testFit04,GaussianFitterTest::testFit05,GaussianFitterTest::testFit06,GaussianFitterTest::testFit07,GaussianFitterTest::testMath519,GaussianFitter_ESTest::test00,GaussianFitter_ESTest::test01,GaussianFitter_ESTest::test02,GaussianFitter_ESTest::test03,GaussianFitter_ESTest::test04,GaussianFitter_ESTest::test05,GaussianFitter_ESTest::test06,GaussianFitter_ESTest::test07,GaussianFitter_ESTest::test08,GaussianFitter_ESTest::test09,GaussianFitter_ESTest::test10,RegressionTest0::test001,RegressionTest0::test002,RegressionTest0::test003,RegressionTest0::test004,RegressionTest0::test005,RegressionTest0::test006,RegressionTest0::test007,RegressionTest0::test008,RegressionTest0::test009,RegressionTest0::test010,RegressionTest0::test011,RegressionTest0::test012,RegressionTest0::test013,RegressionTest0::test014,RegressionTest0::test015,RegressionTest0::test016,RegressionTest0::test017,RegressionTest0::test018,RegressionTest0::test019,RegressionTest0::test020,RegressionTest0::test021,RegressionTest0::test022,RegressionTest0::test023,RegressionTest0::test024,RegressionTest0::test025,RegressionTest0::test026,RegressionTest0::test027,RegressionTest0::test028,RegressionTest0::test029,RegressionTest0::test030,RegressionTest0::test031,RegressionTest0::test032,RegressionTest0::test033,RegressionTest0::test034,RegressionTest0::test035,RegressionTest0::test036,RegressionTest0::test037,RegressionTest0::test038,RegressionTest0::test039,RegressionTest0::test040,RegressionTest0::test041,RegressionTest0::test042,RegressionTest0::test043,RegressionTest0::test044,RegressionTest0::test045,RegressionTest0::test046,RegressionTest0::test047,RegressionTest0::test048,RegressionTest0::test049,RegressionTest0::test050,RegressionTest0::test051,RegressionTest0::test052,RegressionTest0::test053,RegressionTest0::test054,RegressionTest0::test055,RegressionTest0::test056,RegressionTest0::test057,RegressionTest0::test058,RegressionTest0::test059,RegressionTest0::test060,RegressionTest0::test061,RegressionTest0::test062,RegressionTest0::test063,RegressionTest0::test064,RegressionTest0::test065,RegressionTest0::test066,RegressionTest0::test067,RegressionTest0::test068,RegressionTest0::test069,RegressionTest0::test070,RegressionTest0::test071,RegressionTest0::test072,RegressionTest0::test073,RegressionTest0::test074,RegressionTest0::test075,RegressionTest0::test076,RegressionTest0::test077,RegressionTest0::test078,RegressionTest0::test079,RegressionTest0::test080,RegressionTest0::test081,RegressionTest0::test082,RegressionTest0::test083,RegressionTest0::test084,RegressionTest0::test085,RegressionTest0::test086,RegressionTest0::test087,RegressionTest0::test088,RegressionTest0::test089,RegressionTest0::test090,RegressionTest0::test091,RegressionTest0::test092,RegressionTest0::test093,RegressionTest0::test094,RegressionTest0::test095,RegressionTest0::test096,RegressionTest0::test097,RegressionTest0::test098,RegressionTest0::test099,RegressionTest0::test100,RegressionTest0::test101,RegressionTest0::test102,RegressionTest0::test103,RegressionTest0::test104,RegressionTest0::test105,RegressionTest0::test106,RegressionTest0::test107,RegressionTest0::test108,RegressionTest0::test109,RegressionTest0::test110,RegressionTest0::test111,RegressionTest0::test112,RegressionTest0::test113,RegressionTest0::test114,RegressionTest0::test115,RegressionTest0::test116,RegressionTest0::test117,RegressionTest0::test118,RegressionTest0::test119,RegressionTest0::test120,RegressionTest0::test121,RegressionTest0::test122,RegressionTest0::test123,RegressionTest0::test124,RegressionTest0::test125,RegressionTest0::test126,RegressionTest0::test127,RegressionTest0::test128,RegressionTest0::test129,RegressionTest0::test130,RegressionTest0::test131,RegressionTest0::test132,RegressionTest0::test133,RegressionTest0::test134,RegressionTest0::test135,RegressionTest0::test136,RegressionTest0::test137,RegressionTest0::test138,RegressionTest0::test139,RegressionTest0::test140,RegressionTest0::test141,RegressionTest0::test142,RegressionTest0::test143,RegressionTest0::test144,RegressionTest0::test145,RegressionTest0::test146,RegressionTest0::test147,RegressionTest0::test148,RegressionTest0::test149,RegressionTest0::test150,RegressionTest0::test151,RegressionTest0::test152,RegressionTest0::test153,RegressionTest0::test154,RegressionTest0::test155,RegressionTest0::test156,RegressionTest0::test157,RegressionTest0::test158,RegressionTest0::test159,RegressionTest0::test160,RegressionTest0::test161,RegressionTest0::test162,RegressionTest0::test163,RegressionTest0::test164,RegressionTest0::test165,RegressionTest0::test166,RegressionTest0::test167,RegressionTest0::test168,RegressionTest0::test169,RegressionTest0::test170,RegressionTest0::test171,RegressionTest0::test172,RegressionTest0::test173,
GaussianFitterTest::testFit01 ,0,27,33,0,0,0,0,161,23,25,27,47,49,53,49,37,37,39,40,140,476,360,91,114,376,551,86,515,93,667,654,153,588,703,574,295,312,192,181,586,286,589,181,458,117,589,485,107,172,534,494,109,165,486,640,652,580,612,288,326,497,419,389,100,230,579,476,714,384,300,103,267,165,635,161,490,486,83,236,467,179,101,641,631,140,685,707,671,385,174,706,325,382,413,747,151,613,331,100,310,471,399,662,906,552,264,664,75,216,486,522,272,338,96,34,431,182,214,250,474,665,339,379,141,551,585,209,200,160,497,34,469,339,382,134,202,633,560,297,668,488,647,102,547,660,666,933,319,482,294,639,316,78,334,376,457,398,562,563,108,603,160,281,583,210,229,522,371,166,382,505,525,125,43,324,385,331,647,589,610,515,356,355,171,625,715,176,524,375,579,304,188,
GaussianFitterTest::testFit02 ,27,0,33,27,27,27,27,175,12,19,14,56,60,59,60,42,42,41,42,155,494,376,103,128,391,568,98,531,105,685,672,169,604,720,590,310,327,207,195,603,301,606,195,475,132,606,502,122,188,550,509,124,180,502,657,669,598,629,303,342,514,436,405,113,245,595,493,731,399,315,117,282,181,651,176,506,502,95,251,483,193,114,657,648,154,702,724,688,400,190,723,340,397,429,764,166,629,347,113,325,486,414,679,927,569,279,681,86,231,502,537,287,353,108,21,447,197,228,265,490,682,354,394,155,568,600,223,216,175,514,21,484,354,397,149,218,650,578,312,685,505,664,115,564,678,683,954,334,497,308,656,331,90,350,392,473,413,577,579,122,620,174,296,600,225,244,538,386,181,398,520,541,138,50,340,401,347,662,606,627,532,371,370,184,642,732,192,539,390,594,319,203,
GaussianFitterTest::testFit03 ,33,33,0,33,33,33,33,163,36,33,38,45,44,46,44,39,40,43,44,134,468,349,93,118,371,541,90,507,95,659,645,149,577,695,564,290,307,187,175,577,281,579,175,448,121,579,481,111,167,529,483,113,166,477,633,644,572,602,283,320,488,415,379,103,229,572,467,707,378,295,106,259,167,625,162,484,477,87,228,457,180,104,631,621,141,675,698,664,380,169,698,320,377,405,739,154,601,325,103,310,465,397,653,902,545,256,656,80,216,477,516,264,333,98,36,426,184,213,249,463,655,333,378,143,542,579,208,195,161,488,36,463,333,377,136,203,624,553,292,658,480,639,106,546,654,656,929,310,476,294,631,308,82,329,376,450,388,556,553,110,595,161,276,574,210,229,514,366,168,380,493,517,126,49,318,378,325,641,579,601,506,351,345,174,615,707,172,518,364,576,295,187,
GaussianFitterTest::testFit04 ,0,27,33,0,0,0,0,161,23,25,27,47,49,53,49,37,37,39,40,140,476,360,91,114,376,551,86,515,93,667,654,153,588,703,574,295,312,192,181,586,286,589,181,458,117,589,485,107,172,534,494,109,165,486,640,652,580,612,288,326,497,419,389,100,230,579,476,714,384,300,103,267,165,635,161,490,486,83,236,467,179,101,641,631,140,685,707,671,385,174,706,325,382,413,747,151,613,331,100,310,471,399,662,906,552,264,664,75,216,486,522,272,338,96,34,431,182,214,250,474,665,339,379,141,551,585,209,200,160,497,34,469,339,382,134,202,633,560,297,668,488,647,102,547,660,666,933,319,482,294,639,316,78,334,376,457,398,562,563,108,603,160,281,583,210,229,522,371,166,382,505,525,125,43,324,385,331,647,589,610,515,356,355,171,625,715,176,524,375,579,304,188,
GaussianFitterTest::testFit05 ,0,27,33,0,0,0,0,161,23,25,27,47,49,53,49,37,37,39,40,140,476,360,91,114,376,551,86,515,93,667,654,153,588,703,574,295,312,192,181,586,286,589,181,458,117,589,485,107,172,534,494,109,165,486,640,652,580,612,288,326,497,419,389,100,230,579,476,714,384,300,103,267,165,635,161,490,486,83,236,467,179,101,641,631,140,685,707,671,385,174,706,325,382,413,747,151,613,331,100,310,471,399,662,906,552,264,664,75,216,486,522,272,338,96,34,431,182,214,250,474,665,339,379,141,551,585,209,200,160,497,34,469,339,382,134,202,633,560,297,668,488,647,102,547,660,666,933,319,482,294,639,316,78,334,376,457,398,562,563,108,603,160,281,583,210,229,522,371,166,382,505,525,125,43,324,385,331,647,589,610,515,356,355,171,625,715,176,524,375,579,304,188,
GaussianFitterTest::testFit06 ,0,27,33,0,0,0,0,161,23,25,27,47,49,53,49,37,37,39,40,140,476,360,91,114,376,551,86,515,93,667,654,153,588,703,574,295,312,192,181,586,286,589,181,458,117,589,485,107,172,534,494,109,165,486,640,652,580,612,288,326,497,419,389,100,230,579,476,714,384,300,103,267,165,635,161,490,486,83,236,467,179,101,641,631,140,685,707,671,385,174,706,325,382,413,747,151,613,331,100,310,471,399,662,906,552,264,664,75,216,486,522,272,338,96,34,431,182,214,250,474,665,339,379,141,551,585,209,200,160,497,34,469,339,382,134,202,633,560,297,668,488,647,102,547,660,666,933,319,482,294,639,316,78,334,376,457,398,562,563,108,603,160,281,583,210,229,522,371,166,382,505,525,125,43,324,385,331,647,589,610,515,356,355,171,625,715,176,524,375,579,304,188,
GaussianFitterTest::testFit07 ,0,27,33,0,0,0,0,161,23,25,27,47,49,53,49,37,37,39,40,140,476,360,91,114,376,551,86,515,93,667,654,153,588,703,574,295,312,192,181,586,286,589,181,458,117,589,485,107,172,534,494,109,165,486,640,652,580,612,288,326,497,419,389,100,230,579,476,714,384,300,103,267,165,635,161,490,486,83,236,467,179,101,641,631,140,685,707,671,385,174,706,325,382,413,747,151,613,331,100,310,471,399,662,906,552,264,664,75,216,486,522,272,338,96,34,431,182,214,250,474,665,339,379,141,551,585,209,200,160,497,34,469,339,382,134,202,633,560,297,668,488,647,102,547,660,666,933,319,482,294,639,316,78,334,376,457,398,562,563,108,603,160,281,583,210,229,522,371,166,382,505,525,125,43,324,385,331,647,589,610,515,356,355,171,625,715,176,524,375,579,304,188,
GaussianFitterTest::testMath519 ,161,175,163,161,161,161,161,0,173,169,174,170,164,164,164,164,164,162,161,145,419,302,156,156,330,478,157,459,156,589,580,153,514,636,502,259,275,176,167,513,250,517,167,389,157,518,416,155,161,482,428,155,170,428,574,580,502,531,251,286,418,371,325,155,218,516,415,641,336,264,156,222,171,549,167,437,428,157,199,396,178,155,568,550,159,603,634,603,338,161,636,286,336,357,678,163,530,291,155,290,423,361,588,839,484,221,592,157,206,428,468,227,298,156,169,384,180,204,237,400,590,300,348,159,483,532,202,182,166,428,169,398,298,335,156,196,564,476,258,588,429,582,153,506,583,591,866,270,411,270,574,266,156,293,348,398,331,510,496,156,539,166,247,507,203,218,445,325,171,347,437,462,155,166,284,333,290,593,517,536,453,315,291,175,553,641,169,472,313,537,257,185,
GaussianFitter_ESTest::test00 ,23,12,36,23,23,23,23,173,0,9,7,53,56,57,56,36,36,35,36,149,489,371,97,124,386,563,93,526,99,680,666,163,599,716,586,306,322,202,190,598,296,601,190,470,127,601,496,117,182,545,504,120,175,497,652,664,592,625,298,337,508,431,400,107,241,590,489,726,394,311,113,277,177,647,172,501,497,90,247,479,189,108,652,644,150,698,720,684,395,185,719,336,393,424,760,162,624,342,107,322,482,410,675,922,565,274,677,83,227,497,533,283,349,102,24,442,192,225,261,485,677,350,390,152,564,596,220,210,171,510,24,480,349,392,144,214,646,572,307,681,500,659,111,560,672,678,949,329,493,305,652,326,87,345,388,468,409,573,574,118,616,171,292,595,221,240,534,382,178,393,515,536,135,47,335,397,342,658,601,622,528,367,366,181,637,727,188,535,386,590,315,198,
GaussianFitter_ESTest::test01 ,25,19,33,25,25,25,25,169,9,0,16,48,52,54,52,32,32,33,34,144,481,364,93,119,381,556,88,519,95,673,660,158,592,709,579,301,316,195,185,591,291,594,185,463,122,594,492,112,177,539,498,115,170,490,645,657,586,618,293,332,502,425,394,103,235,584,482,719,389,306,109,271,172,641,167,495,490,85,241,472,184,104,646,637,146,691,713,677,390,180,712,330,388,417,753,157,617,337,103,316,476,405,668,916,558,268,670,79,221,490,527,278,343,98,26,435,187,220,257,479,670,344,385,146,557,590,214,205,166,503,26,475,343,387,139,209,639,566,302,674,493,652,107,554,666,671,944,324,488,300,645,320,82,340,382,461,403,567,567,114,609,166,287,588,215,235,527,377,173,387,509,530,130,45,331,391,337,652,594,615,521,361,361,175,630,720,184,529,380,584,309,194,
GaussianFitter_ESTest::test02 ,27,14,38,27,27,27,27,174,7,16,0,55,57,57,57,38,38,37,38,150,489,371,99,124,386,563,95,526,100,680,666,164,599,716,586,306,322,203,191,598,296,601,191,470,128,601,496,119,183,545,504,121,176,497,652,664,592,625,298,337,508,431,400,109,242,590,489,726,394,311,115,277,178,647,174,501,497,91,247,479,190,110,652,644,151,698,720,684,395,186,719,336,393,424,760,163,624,342,109,322,482,410,675,922,565,274,677,85,227,497,533,283,349,103,25,442,193,226,262,485,677,350,390,153,564,596,221,211,173,510,25,480,349,392,145,215,646,572,307,681,500,659,113,560,672,678,949,329,493,305,652,326,89,345,388,468,409,573,574,120,616,172,292,595,221,240,534,382,179,394,515,536,136,48,335,397,342,658,601,622,528,367,366,181,637,727,189,535,386,590,315,200,
GaussianFitter_ESTest::test03 ,47,56,45,47,47,47,47,170,53,48,55,0,22,35,22,31,33,45,46,130,463,341,83,103,358,533,80,498,84,650,641,143,569,685,555,278,295,186,171,568,271,573,171,442,106,573,471,100,160,516,474,98,151,468,622,634,565,592,271,308,485,405,372,93,220,560,459,696,369,283,96,251,154,621,147,472,468,77,220,448,165,94,621,612,128,666,688,653,367,162,688,308,364,394,729,143,592,313,93,297,453,385,643,892,536,245,647,69,203,468,503,253,321,86,57,414,169,203,238,456,646,322,364,131,532,567,195,189,146,479,57,457,321,364,122,189,615,545,280,649,470,629,95,533,648,649,919,302,470,280,621,297,73,320,362,439,378,544,544,100,585,148,264,564,197,216,509,353,155,368,486,506,116,52,313,367,313,629,573,591,498,339,337,157,608,697,172,505,354,563,285,174,
GaussianFitter_ESTest::test04 ,49,60,44,49,49,49,49,164,56,52,57,22,0,14,0,28,28,35,36,127,453,336,85,106,350,523,80,490,87,643,631,139,559,675,545,271,288,180,167,558,265,563,167,434,109,563,464,100,157,509,465,103,154,459,614,626,555,583,266,304,475,397,366,93,217,551,450,688,361,276,95,245,154,613,151,464,459,79,215,440,165,94,613,603,131,656,680,644,359,159,679,301,356,386,720,142,584,309,93,293,445,379,634,885,528,239,637,69,198,459,496,250,314,89,56,406,167,200,235,448,638,317,359,132,523,559,198,184,151,472,56,447,317,356,125,189,607,538,275,639,462,619,94,527,642,641,912,298,460,274,611,293,76,315,357,430,371,536,536,99,575,151,259,554,195,214,500,345,155,362,476,498,117,55,307,357,309,621,563,582,489,332,331,153,599,688,168,498,347,557,282,176,
GaussianFitter_ESTest::test05 ,53,59,46,53,53,53,53,164,57,54,57,35,14,0,14,34,36,22,24,129,453,338,82,104,352,525,78,491,84,644,631,139,561,677,547,273,290,179,166,560,263,561,166,432,107,561,463,98,160,510,467,101,152,461,616,627,557,585,268,306,475,394,364,92,218,553,452,689,358,278,95,248,155,611,150,465,461,76,218,442,167,93,615,605,129,658,682,646,361,162,681,303,358,388,722,143,586,311,92,295,447,381,636,881,529,242,639,67,199,461,497,253,316,87,56,407,169,201,236,446,640,319,361,132,525,561,197,185,149,469,56,446,319,358,123,190,609,537,277,641,463,621,95,527,640,638,908,298,459,276,613,295,73,314,359,432,374,538,538,100,577,150,261,556,195,215,499,347,155,364,478,500,117,53,306,360,311,622,561,584,491,334,329,153,600,690,168,499,349,559,285,176,
GaussianFitter_ESTest::test06 ,49,60,44,49,49,49,49,164,56,52,57,22,0,14,0,28,28,35,36,127,453,336,85,106,350,523,80,490,87,643,631,139,559,675,545,271,288,180,167,558,265,563,167,434,109,563,464,100,157,509,465,103,154,459,614,626,555,583,266,304,475,397,366,93,217,551,450,688,361,276,95,245,154,613,151,464,459,79,215,440,165,94,613,603,131,656,680,644,359,159,679,301,356,386,720,142,584,309,93,293,445,379,634,885,528,239,637,69,198,459,496,250,314,89,56,406,167,200,235,448,638,317,359,132,523,559,198,184,151,472,56,447,317,356,125,189,607,538,275,639,462,619,94,527,642,641,912,298,460,274,611,293,76,315,357,430,371,536,536,99,575,151,259,554,195,214,500,345,155,362,476,498,117,55,307,357,309,621,563,582,489,332,331,153,599,688,168,498,347,557,282,176,
GaussianFitter_ESTest::test07 ,37,42,39,37,37,37,37,164,36,32,38,31,28,34,28,0,4,21,22,137,467,351,88,110,366,540,84,505,90,659,645,149,576,693,563,286,302,183,169,575,276,579,169,448,113,579,476,104,168,524,482,106,160,477,630,641,570,601,279,317,489,411,378,98,228,568,466,703,374,291,102,261,163,625,157,481,477,81,230,457,175,99,630,619,137,674,697,661,375,171,696,316,373,403,737,149,602,322,98,305,462,392,652,898,543,255,654,71,210,477,512,265,329,92,42,421,178,211,247,463,654,331,372,139,541,576,205,196,156,489,42,459,329,372,130,199,623,552,287,657,478,637,101,540,653,655,926,308,472,287,629,307,78,324,370,446,389,553,552,107,593,157,273,571,206,225,514,362,163,374,491,514,124,48,316,374,322,638,579,599,505,347,346,163,615,705,174,514,366,570,297,184,
GaussianFitter_ESTest::test08 ,37,42,40,37,37,37,37,164,36,32,38,33,28,36,28,4,0,23,24,137,466,351,88,110,366,540,84,505,90,659,645,148,576,694,563,286,302,182,169,575,275,579,169,448,113,579,476,103,167,524,481,106,161,478,630,641,571,601,279,317,489,410,378,98,228,568,467,703,373,291,101,260,163,626,158,481,478,81,230,457,176,99,629,620,137,674,697,661,375,170,697,315,373,403,738,148,601,322,98,305,462,392,652,897,544,255,655,70,210,478,512,265,328,93,42,422,179,211,247,463,654,331,372,138,541,576,206,196,157,488,42,459,329,372,130,200,623,552,288,657,479,638,101,540,653,655,925,308,472,287,630,307,78,324,370,446,389,553,553,106,594,157,273,572,206,225,514,362,164,374,492,515,125,48,316,374,322,638,579,599,506,346,346,164,615,705,175,514,366,570,297,185,
GaussianFitter_ESTest::test09 ,39,41,43,39,39,39,39,162,35,33,37,45,35,22,35,21,23,0,2,133,465,348,86,107,363,538,82,502,87,656,643,145,574,691,561,283,299,182,170,573,271,574,170,444,110,574,474,103,165,521,479,103,158,475,628,639,568,598,276,314,487,405,375,95,225,565,464,701,368,288,98,256,159,622,155,477,475,79,225,455,171,96,627,618,134,672,695,658,372,167,694,313,370,401,735,146,599,319,95,300,459,389,650,893,541,252,652,69,206,475,509,261,326,89,39,419,174,208,243,458,652,328,369,135,539,573,203,193,154,482,39,457,326,369,127,195,620,549,285,655,475,635,97,536,651,651,921,305,470,284,627,304,74,320,367,443,386,550,550,103,591,154,270,569,201,220,511,359,158,371,489,512,120,42,313,372,319,635,574,597,503,344,339,159,613,702,173,511,363,567,293,181,
GaussianFitter_ESTest::test10 ,40,42,44,40,40,40,40,161,36,34,38,46,36,24,36,22,24,2,0,133,465,348,86,107,363,538,82,502,87,656,643,145,574,691,561,283,299,182,170,573,271,574,170,444,110,574,474,103,165,521,479,103,158,475,628,639,568,598,276,314,487,405,375,95,225,565,464,701,368,288,98,256,159,622,155,477,475,79,225,455,171,96,627,618,134,672,695,658,372,167,694,313,370,401,735,146,599,319,95,300,459,389,650,893,541,252,652,69,206,475,509,261,326,89,39,419,174,208,243,458,652,328,369,135,539,573,203,193,154,482,39,457,326,369,127,195,620,549,285,655,475,635,97,536,651,651,921,305,470,284,627,304,74,320,367,443,386,550,550,103,591,154,270,569,201,220,511,359,158,371,489,512,120,42,313,372,319,635,574,597,503,344,339,159,613,702,173,511,363,567,293,181,
RegressionTest0::test001 ,140,155,134,140,140,140,140,145,149,144,150,130,127,129,127,137,137,133,133,0,361,239,58,68,252,427,61,389,57,547,538,54,462,579,449,174,188,84,72,461,172,472,72,342,68,472,372,68,47,410,368,69,97,361,517,530,467,486,161,205,384,302,274,55,146,456,351,592,267,179,55,139,93,522,94,367,361,63,112,342,108,55,516,505,71,560,585,549,260,53,583,204,260,288,623,77,489,209,55,223,349,304,540,797,428,130,538,83,138,361,398,142,217,57,138,307,112,132,167,357,539,214,288,73,430,463,129,69,94,383,138,354,216,257,74,126,507,447,170,543,366,521,58,452,548,549,824,204,367,202,515,191,66,218,283,340,272,440,437,54,479,90,157,461,131,148,410,249,92,292,379,401,64,111,212,264,210,522,472,487,390,235,243,100,508,591,123,400,244,480,173,111,
RegressionTest0::test002 ,476,494,468,476,476,476,476,419,489,481,489,463,453,453,453,467,466,465,465,361,0,215,403,379,192,187,405,177,401,346,277,346,246,321,235,239,235,309,328,193,246,149,327,229,377,149,234,385,331,260,217,382,347,219,263,283,200,252,246,223,254,171,250,395,296,263,122,345,194,242,394,273,341,330,351,210,219,406,286,248,339,395,305,270,357,295,361,288,199,328,320,235,201,228,366,353,269,225,395,268,214,251,312,610,261,281,307,422,315,220,259,283,229,399,477,207,336,300,284,267,318,212,260,359,200,291,314,326,352,201,477,229,222,197,361,326,271,303,242,309,227,260,393,286,372,311,635,259,238,265,257,261,410,193,258,230,258,267,235,392,223,344,251,215,321,301,287,193,340,240,192,246,369,449,183,193,224,329,149,261,157,220,263,353,244,342,362,261,268,333,275,324,
RegressionTest0::test003 ,360,376,349,360,360,360,360,302,371,364,371,341,336,338,336,351,351,348,348,239,215,0,280,255,132,240,284,237,278,368,367,224,284,414,273,113,109,210,214,283,145,299,213,166,254,299,247,261,209,261,226,260,213,215,351,355,303,314,138,116,280,181,188,276,193,300,194,418,153,116,275,157,218,366,218,231,215,284,168,135,208,276,359,333,235,384,428,381,135,211,420,120,139,199,453,230,302,118,276,190,223,206,356,677,272,182,378,296,187,216,250,180,130,276,360,170,204,193,196,249,390,169,210,236,254,336,195,213,218,256,360,230,108,133,237,195,345,306,140,366,213,353,276,332,397,372,704,176,243,192,349,155,289,142,207,236,174,313,291,272,314,221,140,274,195,186,268,136,216,191,230,247,247,331,149,169,118,384,299,307,228,147,184,242,332,425,254,251,204,360,185,191,
RegressionTest0::test004 ,91,103,93,91,91,91,91,156,97,93,99,83,85,82,85,88,88,86,86,58,403,280,0,35,293,470,7,433,4,588,582,72,506,620,493,216,230,122,110,504,211,514,109,384,38,514,412,30,91,453,410,38,89,401,559,571,507,530,204,247,427,343,317,10,154,498,394,633,308,220,18,184,91,563,89,405,401,10,156,387,104,11,559,549,64,604,626,591,302,96,625,245,301,328,664,73,532,252,10,235,390,319,581,839,472,180,582,37,141,401,441,189,258,7,86,346,104,139,173,401,581,257,300,66,472,504,135,114,88,425,86,396,258,299,58,128,551,490,213,587,408,563,18,469,590,592,866,247,409,215,556,233,15,259,299,382,316,481,478,23,520,87,199,501,135,152,451,290,92,303,422,443,49,60,252,305,252,564,514,529,433,276,284,99,550,635,135,443,291,499,221,115,
RegressionTest0::test005 ,114,128,118,114,114,114,114,156,124,119,124,103,106,104,106,110,110,107,107,68,379,255,35,0,271,446,37,407,36,561,559,47,478,598,466,189,201,100,87,476,189,490,87,362,4,490,389,10,63,428,383,8,62,381,530,547,484,507,184,222,405,321,295,41,128,472,373,609,286,193,47,158,64,542,68,386,381,37,129,359,83,42,534,527,36,576,603,566,280,69,601,217,279,309,643,45,506,227,41,202,368,295,558,816,450,176,560,55,115,382,416,186,230,37,112,325,78,112,148,380,560,237,276,39,447,482,111,116,67,403,112,375,233,277,26,104,528,466,193,560,383,542,43,444,567,569,844,225,388,194,535,205,43,236,272,359,290,459,458,46,499,58,180,477,110,130,430,269,64,281,395,419,35,85,230,276,227,543,490,505,412,248,262,77,527,605,137,418,287,474,205,92,
RegressionTest0::test006 ,376,391,371,376,376,376,376,330,386,381,386,358,350,352,350,366,366,363,363,252,192,132,293,271,0,241,296,202,291,355,351,240,268,388,258,123,121,225,229,270,145,283,228,162,269,283,185,276,222,221,208,274,237,171,324,337,285,296,133,108,285,123,211,285,190,265,173,398,83,121,282,188,231,337,240,181,171,298,202,189,229,285,343,314,250,369,396,355,9,222,337,120,10,170,433,244,310,105,285,176,101,184,343,632,241,206,345,315,208,172,208,207,117,289,375,116,226,194,187,265,349,146,172,250,241,213,201,221,241,270,375,168,102,6,253,210,317,284,133,351,200,329,286,298,367,358,651,197,179,169,325,183,302,127,174,199,198,190,247,279,289,233,134,272,212,185,248,7,227,169,207,234,258,348,134,144,106,318,283,296,200,123,197,251,314,399,269,210,228,324,216,214,
RegressionTest0::test007 ,551,568,541,551,551,551,551,478,563,556,563,533,523,525,523,540,540,538,538,427,187,240,470,446,241,0,474,188,468,268,220,413,137,306,128,298,290,396,403,134,320,125,403,204,444,126,227,452,399,178,213,450,403,184,258,236,264,165,312,264,292,209,297,464,359,208,155,286,254,295,462,329,405,320,407,220,184,475,349,203,392,464,256,205,423,230,311,279,240,397,297,282,244,259,348,419,189,261,464,313,247,278,199,597,240,343,262,487,362,185,219,342,274,466,551,211,390,364,345,292,264,286,282,425,89,311,366,389,408,270,551,255,258,239,427,377,230,298,308,218,178,255,463,277,317,218,616,323,252,324,252,306,479,270,294,221,291,288,201,459,236,407,315,152,367,352,295,245,405,275,186,178,437,523,290,236,262,317,126,177,143,261,296,421,188,325,425,221,314,317,334,377,
RegressionTest0::test008 ,86,98,90,86,86,86,86,157,93,88,95,80,80,78,80,84,84,82,82,61,405,284,7,37,296,474,0,437,11,592,584,76,509,624,496,218,233,125,113,508,215,516,112,387,39,516,416,34,94,457,413,39,91,405,563,575,510,534,207,250,430,347,320,17,155,500,398,637,311,223,24,187,93,566,89,410,405,4,160,390,106,18,562,553,67,607,630,595,305,98,628,248,304,333,668,74,535,255,17,236,392,323,585,841,474,183,586,35,144,405,445,194,261,11,81,351,107,139,175,404,585,260,303,67,476,506,135,120,88,428,81,399,261,302,61,130,555,493,216,590,411,567,23,473,592,594,868,250,412,216,560,237,10,262,301,385,320,483,482,29,524,87,202,505,138,155,454,293,93,307,426,447,51,56,256,308,255,568,516,532,437,279,287,100,553,638,138,447,296,503,226,116,
RegressionTest0::test009 ,515,531,507,515,515,515,515,459,526,519,526,498,490,491,490,505,505,502,502,389,177,237,433,407,202,188,437,0,431,244,291,375,235,299,226,258,250,362,366,181,282,197,366,248,405,198,195,412,356,177,227,411,373,190,247,260,255,283,276,238,315,173,313,426,315,166,193,296,204,257,424,308,366,297,377,146,190,439,329,222,365,426,277,302,386,284,325,273,200,358,308,251,203,258,352,380,270,235,426,270,211,234,279,566,167,338,248,452,337,190,180,335,250,429,515,179,360,325,301,322,313,262,233,386,223,293,337,355,378,288,515,201,232,201,389,346,244,290,272,313,207,253,426,240,303,294,584,326,200,284,256,310,442,253,231,240,288,271,233,421,235,370,278,221,340,321,226,207,365,231,213,182,401,486,265,242,237,279,198,248,192,244,324,386,279,326,402,181,309,282,331,351,
RegressionTest0::test010 ,93,105,95,93,93,93,93,156,99,95,100,84,87,84,87,90,90,87,87,57,401,278,4,36,291,468,11,431,0,586,580,71,504,618,491,214,228,120,108,502,211,512,108,382,39,512,410,32,90,451,408,35,88,399,557,569,505,528,202,245,425,342,315,12,154,496,392,631,307,218,21,183,88,560,88,404,399,12,155,385,102,13,557,547,64,601,624,589,300,95,624,243,299,326,662,74,530,250,12,233,388,317,579,837,470,178,580,39,138,399,439,187,256,3,88,344,102,139,172,399,579,255,298,67,470,502,134,114,87,423,88,394,256,297,55,128,549,488,211,585,406,561,20,467,588,590,864,245,407,213,554,231,17,257,297,380,315,479,476,25,518,85,197,499,134,152,449,288,91,303,420,440,50,62,251,303,250,561,512,527,431,274,282,97,548,633,136,441,289,497,219,114,
RegressionTest0::test011 ,667,685,659,667,667,667,667,589,680,673,680,650,643,644,643,659,659,656,656,547,346,368,588,561,355,268,592,244,586,0,308,530,292,297,285,414,407,514,522,290,439,301,522,344,559,301,288,568,515,270,352,565,516,328,302,239,334,306,424,382,408,339,393,580,470,281,305,218,361,413,578,447,522,255,520,287,328,593,464,332,507,580,319,306,540,338,337,239,354,513,286,402,355,398,328,535,268,379,580,421,349,349,289,512,228,455,185,604,480,328,276,453,400,584,667,331,505,477,453,376,356,413,359,541,300,371,477,506,521,308,667,309,377,355,544,489,230,299,423,322,306,309,578,333,216,311,532,436,309,433,309,427,596,405,367,374,371,377,340,575,296,524,430,268,484,463,309,359,517,353,340,287,554,641,418,381,380,360,301,275,305,395,406,532,325,337,537,277,381,350,431,494,
RegressionTest0::test012 ,654,672,645,654,654,654,654,580,666,660,666,641,631,631,631,645,645,643,643,538,277,367,582,559,351,220,584,291,580,308,0,525,205,274,211,409,400,501,508,204,422,180,508,285,557,180,338,564,510,284,303,562,528,293,261,263,301,233,420,392,343,321,384,575,473,263,278,299,347,408,573,437,521,363,529,322,293,586,459,293,516,575,285,236,536,236,306,253,349,507,266,391,349,363,313,533,271,389,575,421,313,364,204,570,319,445,262,602,490,293,280,443,383,578,654,322,515,477,459,371,232,392,383,538,253,345,490,499,530,348,654,343,386,349,541,501,228,342,418,244,295,242,574,347,300,209,588,410,340,435,247,412,590,385,380,301,386,326,261,570,247,521,425,212,494,477,346,355,518,371,295,274,548,627,405,342,389,317,180,214,259,370,393,531,196,322,525,282,421,344,440,504,
RegressionTest0::test013 ,153,169,149,153,153,153,153,153,163,158,164,143,139,139,139,149,148,145,145,54,346,224,72,47,240,413,76,375,71,530,525,0,445,567,434,158,171,81,65,444,163,457,65,330,46,457,359,48,42,396,347,51,79,351,498,514,453,476,156,192,372,290,260,69,120,441,342,576,255,162,70,124,74,511,75,355,351,77,97,327,87,69,502,494,54,545,569,534,249,48,569,187,248,277,611,52,474,197,69,198,337,283,525,786,418,146,527,90,119,351,385,157,200,71,152,295,91,106,142,345,527,209,263,52,415,451,107,89,76,373,152,343,201,246,59,104,496,437,165,528,351,510,73,429,538,536,814,194,356,188,503,170,80,208,259,328,257,428,425,67,467,69,152,444,113,124,400,238,69,269,361,386,60,125,203,247,197,511,457,471,381,218,229,90,494,573,135,387,256,457,189,93,
RegressionTest0::test014 ,588,604,577,588,588,588,588,514,599,592,599,569,559,561,559,576,576,574,574,462,246,284,506,478,268,137,509,235,504,292,205,445,0,301,22,324,313,430,438,146,349,154,437,214,476,154,291,484,428,239,218,481,444,198,289,248,295,166,319,309,276,268,308,499,387,229,195,302,269,322,496,354,439,328,448,255,198,511,380,210,433,499,230,156,457,204,310,294,266,428,291,308,267,268,341,450,213,306,499,345,267,314,193,599,249,370,242,524,404,199,234,369,300,502,587,243,431,395,372,304,254,293,316,457,161,306,407,421,449,316,587,278,301,267,460,418,209,312,314,91,196,272,497,324,305,205,621,348,273,359,270,331,515,313,311,262,295,285,203,494,271,441,324,186,409,393,288,273,435,296,208,215,473,559,335,260,307,288,154,189,168,290,324,456,174,333,456,230,339,331,367,422,
RegressionTest0::test015 ,703,720,695,703,703,703,703,636,716,709,716,685,675,677,675,693,694,691,691,579,321,414,620,598,388,306,624,299,618,297,274,567,301,0,304,438,428,552,556,277,462,288,556,384,597,289,372,605,550,308,351,601,565,311,244,223,280,306,454,427,411,368,446,612,505,305,306,240,395,436,607,484,558,364,566,316,311,627,500,381,550,612,307,311,576,299,300,252,382,546,190,419,381,396,114,571,327,423,612,448,326,376,280,496,309,489,246,641,521,312,313,486,410,617,703,285,550,513,488,436,298,416,398,576,332,305,524,536,567,368,703,373,423,384,580,535,256,371,448,329,345,161,609,322,337,297,514,465,372,443,155,457,631,432,398,387,440,293,289,604,139,558,457,281,525,510,371,389,553,382,348,314,586,675,452,371,424,298,288,292,297,398,459,570,277,283,573,315,444,324,476,538,
RegressionTest0::test016 ,574,590,564,574,574,574,574,502,586,579,586,555,545,547,545,563,563,561,561,449,235,273,493,466,258,128,496,226,491,285,211,434,22,304,0,310,306,418,427,139,338,147,426,203,463,148,282,471,418,234,210,467,434,189,287,245,285,165,308,295,271,256,297,486,374,218,181,300,257,308,482,343,425,331,434,245,189,498,366,191,419,486,233,154,444,205,305,294,256,414,290,293,253,259,345,440,204,292,486,332,257,304,186,597,238,360,241,510,391,190,227,355,285,489,573,235,419,381,359,296,244,279,303,443,152,297,394,409,435,302,573,266,292,257,449,404,207,307,303,97,192,265,483,315,313,202,622,337,260,346,262,321,501,302,297,257,286,276,201,480,259,428,310,184,396,379,276,260,421,284,206,211,459,545,322,245,293,282,148,184,154,276,311,442,173,329,443,224,326,318,355,408,
RegressionTest0::test017 ,295,310,290,295,295,295,295,259,306,301,306,278,271,273,271,286,286,283,283,174,239,113,216,189,123,298,218,258,214,414,409,158,324,438,310,0,17,146,148,293,40,340,148,215,187,341,243,192,142,280,203,189,158,230,378,397,339,352,71,74,303,173,206,212,124,324,221,459,139,6,208,126,148,394,159,239,230,220,128,207,146,212,386,372,166,392,453,416,131,138,452,31,128,171,482,163,357,79,212,125,216,201,407,676,300,156,406,231,125,230,266,154,44,212,294,168,145,123,127,284,408,109,187,166,295,330,135,155,159,278,294,224,87,128,172,135,375,322,73,403,236,382,210,331,421,418,701,155,237,120,374,131,222,94,178,228,202,307,306,205,338,151,69,328,136,128,281,118,144,185,244,273,180,267,102,91,78,392,340,354,256,62,185,176,379,443,196,268,212,362,170,136,
RegressionTest0::test018 ,312,327,307,312,312,312,312,275,322,316,322,295,288,290,288,302,302,299,299,188,235,109,230,201,121,290,233,250,228,407,400,171,313,428,306,17,0,160,163,281,55,333,162,209,200,334,235,207,152,269,193,206,171,223,368,388,333,346,76,80,298,171,202,226,139,315,219,449,135,20,225,131,165,387,176,238,223,235,143,202,163,225,376,366,182,382,444,407,124,155,441,22,127,162,474,175,349,84,226,134,213,202,400,668,295,165,403,248,141,223,259,168,35,226,311,159,159,137,140,281,399,106,189,182,290,327,149,165,176,283,311,220,83,122,184,152,368,314,80,398,228,373,227,329,412,411,693,160,233,131,367,134,239,85,180,219,199,304,297,222,332,167,80,318,151,145,275,119,161,187,234,264,197,283,95,81,84,388,334,345,254,52,188,192,369,432,211,261,211,364,182,153,
RegressionTest0::test019 ,192,207,187,192,192,192,192,176,202,195,203,186,180,179,180,183,182,182,182,84,309,210,122,100,225,396,125,362,120,514,501,81,430,552,418,146,160,0,46,431,134,430,45,302,99,430,331,106,53,379,337,106,116,334,487,496,427,459,139,177,344,269,234,120,142,425,324,558,231,151,119,126,108,483,116,339,334,126,100,313,115,120,486,478,100,530,553,517,234,57,552,171,232,257,595,97,457,182,120,213,319,284,507,760,402,144,513,141,132,335,368,152,184,119,191,280,117,127,161,319,510,190,268,97,398,434,126,85,115,344,191,317,186,231,107,128,481,406,148,512,335,494,120,428,509,510,787,158,330,192,488,175,130,176,266,303,256,411,408,117,453,109,133,428,130,143,371,222,105,269,346,370,104,165,164,231,182,496,431,454,363,202,209,115,467,561,125,370,249,459,184,121,
RegressionTest0::test020 ,181,195,175,181,181,181,181,167,190,185,191,171,167,166,167,169,169,170,170,72,328,214,110,87,229,403,113,366,108,522,508,65,438,556,427,148,163,46,0,437,126,425,2,283,87,424,340,94,42,388,344,93,103,340,493,503,434,466,142,181,352,261,214,109,140,432,331,566,224,153,108,128,90,489,102,343,340,114,103,321,107,109,493,485,82,537,561,526,238,45,560,177,236,266,601,84,466,186,109,208,323,287,516,765,408,147,519,128,127,339,375,156,190,108,180,284,107,126,161,299,517,193,271,85,405,437,123,87,103,341,180,322,191,235,87,123,488,416,151,521,343,498,109,433,516,506,792,154,335,195,491,169,118,170,269,313,261,414,415,105,457,94,137,434,129,141,377,225,94,270,351,379,94,152,178,237,185,500,424,462,370,208,187,110,476,567,122,377,253,460,188,114,
RegressionTest0::test021 ,586,603,577,586,586,586,586,513,598,591,598,568,558,560,558,575,575,573,573,461,193,283,504,476,270,134,508,181,502,290,204,444,146,277,139,293,281,431,437,0,328,83,436,220,474,83,277,483,427,240,194,480,443,207,272,242,267,178,340,307,314,262,315,497,387,185,192,283,281,290,494,355,436,320,446,249,207,510,377,225,431,497,272,194,456,115,313,277,268,424,280,274,273,274,324,450,184,304,497,337,266,318,217,581,253,372,253,522,404,208,241,372,265,500,586,226,429,394,373,315,257,310,320,456,177,312,406,420,447,297,586,284,301,269,459,416,225,305,337,224,214,232,495,302,315,232,604,350,279,345,229,330,514,313,314,261,308,292,228,492,221,440,345,164,411,391,288,275,434,306,225,197,472,558,335,221,306,321,83,179,171,251,327,456,163,315,454,241,339,326,364,420,
RegressionTest0::test022 ,286,301,281,286,286,286,286,250,296,291,296,271,265,263,265,276,275,271,271,172,246,145,211,189,145,320,215,282,211,439,422,163,349,462,338,40,55,134,126,328,0,340,127,211,187,340,253,194,141,308,233,192,164,254,408,419,349,375,67,110,299,170,190,208,143,348,244,482,136,45,207,134,155,404,167,261,254,216,138,241,157,208,416,396,168,429,480,441,153,140,474,70,152,182,507,167,387,115,208,151,239,230,432,682,323,155,430,232,145,253,295,154,83,209,285,190,154,140,145,273,432,120,211,173,322,353,150,152,167,284,285,237,121,150,172,157,399,334,76,431,266,403,207,364,435,420,708,138,250,139,399,142,220,92,205,245,222,330,330,204,364,159,70,351,153,151,298,142,160,214,277,303,180,257,101,130,114,414,339,379,280,101,179,175,392,475,191,297,221,394,173,153,
RegressionTest0::test023 ,589,606,579,589,589,589,589,517,601,594,601,573,563,561,563,579,579,574,574,472,149,299,514,490,283,125,516,197,512,301,180,457,154,288,147,340,333,430,425,83,340,0,425,200,488,3,277,496,442,249,238,494,458,224,265,244,264,183,352,324,308,223,299,507,405,210,211,294,267,338,504,369,451,320,461,263,224,517,390,234,448,507,279,194,468,171,323,279,281,440,287,326,281,298,332,463,207,321,507,359,267,324,218,590,262,379,265,533,423,225,238,376,318,510,589,259,445,411,391,304,262,326,333,469,160,309,423,430,462,268,589,289,317,282,472,435,228,301,350,231,235,246,505,304,320,200,612,328,286,370,244,347,521,266,331,266,318,290,246,502,240,454,357,171,428,410,294,287,451,315,221,204,481,561,305,277,323,325,2,183,192,306,313,465,155,338,458,239,354,333,371,435,
RegressionTest0::test024 ,181,195,175,181,181,181,181,167,190,185,191,171,167,166,167,169,169,170,170,72,327,213,109,87,228,403,112,366,108,522,508,65,437,556,426,148,162,45,2,436,127,425,0,284,86,425,339,94,41,387,343,93,103,339,492,504,434,466,141,181,352,262,214,108,140,432,331,566,225,152,108,127,90,489,102,342,339,113,101,320,107,108,493,484,82,536,560,525,237,45,560,176,235,265,600,84,465,186,108,208,324,287,514,764,406,147,519,128,127,340,375,156,189,108,180,283,107,126,161,299,517,194,271,85,405,438,123,86,103,340,180,322,190,234,87,123,487,415,150,520,343,498,109,433,516,506,792,153,335,195,491,168,118,169,268,312,260,415,415,105,456,94,136,435,129,141,376,224,94,269,351,378,94,152,178,237,186,501,425,462,370,207,186,110,475,566,121,377,253,460,187,114,
RegressionTest0::test025 ,458,475,448,458,458,458,458,389,470,463,470,442,434,432,434,448,448,444,444,342,229,166,384,362,162,204,387,248,382,344,285,330,214,384,203,215,209,302,283,220,211,200,284,0,360,200,239,367,313,259,209,365,332,201,330,334,293,245,225,215,230,179,165,378,286,265,215,384,178,213,376,242,327,339,336,250,201,389,264,110,324,378,332,262,341,311,381,353,162,313,373,201,161,187,431,338,258,213,378,274,208,267,294,637,232,265,335,404,305,202,256,259,196,380,459,205,321,287,282,193,333,244,252,344,185,307,303,303,337,243,459,215,213,162,345,313,301,294,224,294,199,335,378,343,358,281,658,209,218,272,327,223,392,174,267,218,198,282,256,373,305,328,230,247,315,288,245,162,325,254,219,236,352,430,208,187,214,371,199,257,206,195,176,336,257,402,332,259,222,365,266,310,
RegressionTest0::test026 ,117,132,121,117,117,117,117,157,127,122,128,106,109,107,109,113,113,110,110,68,377,254,38,4,269,444,39,405,39,559,557,46,476,597,463,187,200,99,87,474,187,488,86,360,0,488,388,13,61,427,380,10,66,380,527,545,482,506,182,221,403,319,293,41,127,470,372,607,284,191,46,156,65,540,67,384,380,40,128,357,82,42,532,525,40,574,601,565,278,68,599,216,277,307,641,44,505,226,41,200,366,293,556,814,448,174,558,54,114,380,415,184,229,40,115,324,81,111,147,378,558,235,274,40,446,480,110,114,66,401,115,373,232,275,30,104,527,465,191,558,382,540,45,443,565,567,842,224,386,192,533,202,46,235,271,357,288,457,456,44,497,61,177,475,110,128,428,267,64,280,393,417,35,88,227,275,225,541,488,503,411,247,260,77,526,603,137,417,285,472,203,91,
