:,AbstractLeastSquaresOptimizerAbstractTest::testCircleFitting,AbstractLeastSquaresOptimizerAbstractTest::testCircleFittingBadInit,AbstractLeastSquaresOptimizerAbstractTest::testCircleFittingGoodInit,AbstractLeastSquaresOptimizerAbstractTest::testHahn1,AbstractLeastSquaresOptimizerAbstractTest::testIllConditioned,AbstractLeastSquaresOptimizerAbstractTest::testInconsistentEquations,AbstractLeastSquaresOptimizerAbstractTest::testInconsistentSizes1,AbstractLeastSquaresOptimizerAbstractTest::testInconsistentSizes2,AbstractLeastSquaresOptimizerAbstractTest::testKirby2,AbstractLeastSquaresOptimizerAbstractTest::testMoreEstimatedParametersSimple,AbstractLeastSquaresOptimizerAbstractTest::testMoreEstimatedParametersUnsorted,AbstractLeastSquaresOptimizerAbstractTest::testNoDependency,AbstractLeastSquaresOptimizerAbstractTest::testNonInvertible,AbstractLeastSquaresOptimizerAbstractTest::testOneSet,AbstractLeastSquaresOptimizerAbstractTest::testQRColumnsPermutation,AbstractLeastSquaresOptimizerAbstractTest::testRedundantEquations,AbstractLeastSquaresOptimizerAbstractTest::testTrivial,AbstractLeastSquaresOptimizerAbstractTest::testTwoSets,AbstractLeastSquaresOptimizerTest::testComputeSigma,AbstractLeastSquaresOptimizerTest::testGetChiSquare,AbstractLeastSquaresOptimizerTest::testGetRMS,AbstractLeastSquaresOptimizerTestValidation::testParametersErrorMonteCarloObservations,AbstractLeastSquaresOptimizerTestValidation::testParametersErrorMonteCarloParameters,AbstractLeastSquaresOptimizer_ESTest::test0,AbstractLeastSquaresOptimizer_ESTest::test1,AbstractLeastSquaresOptimizer_ESTest::test2,AbstractLeastSquaresOptimizer_ESTest::test3,AbstractLeastSquaresOptimizer_ESTest::test4,AbstractLeastSquaresOptimizer_ESTest::test5,AbstractLeastSquaresOptimizer_ESTest::test6,AbstractLeastSquaresOptimizer_ESTest::test7,PolynomialFitterTest::testFit,PolynomialFitterTest::testLargeSample,PolynomialFitterTest::testMath798,PolynomialFitterTest::testMath798WithToleranceTooLow,PolynomialFitterTest::testMath798WithToleranceTooLowButNoException,PolynomialFitterTest::testNoError,PolynomialFitterTest::testRedundantSolvable,PolynomialFitterTest::testRedundantUnsolvable,PolynomialFitterTest::testSmallError,RegressionTest0::test001,RegressionTest0::test002,RegressionTest0::test003,RegressionTest0::test004,RegressionTest0::test005,RegressionTest0::test006,RegressionTest0::test007,RegressionTest0::test008,RegressionTest0::test009,RegressionTest0::test010,RegressionTest0::test011,RegressionTest0::test012,RegressionTest0::test013,RegressionTest0::test014,RegressionTest0::test015,RegressionTest0::test016,RegressionTest0::test017,RegressionTest0::test018,RegressionTest0::test019,RegressionTest0::test020,RegressionTest0::test021,RegressionTest0::test022,RegressionTest0::test023,RegressionTest0::test024,RegressionTest0::test025,RegressionTest0::test026,RegressionTest0::test027,RegressionTest0::test028,RegressionTest0::test029,RegressionTest0::test030,RegressionTest0::test031,RegressionTest0::test032,RegressionTest0::test033,RegressionTest0::test034,RegressionTest0::test035,RegressionTest0::test036,RegressionTest0::test037,RegressionTest0::test038,RegressionTest0::test039,RegressionTest0::test040,RegressionTest0::test041,RegressionTest0::test042,RegressionTest0::test043,RegressionTest0::test044,RegressionTest0::test045,RegressionTest0::test046,RegressionTest0::test047,RegressionTest0::test048,RegressionTest0::test049,RegressionTest0::test050,RegressionTest0::test051,RegressionTest0::test052,RegressionTest0::test053,RegressionTest0::test054,RegressionTest0::test055,RegressionTest0::test056,RegressionTest0::test057,RegressionTest0::test058,RegressionTest0::test059,RegressionTest0::test060,RegressionTest0::test061,RegressionTest0::test062,RegressionTest0::test063,RegressionTest0::test064,RegressionTest0::test065,RegressionTest0::test066,RegressionTest0::test067,RegressionTest0::test068,RegressionTest0::test069,RegressionTest0::test070,RegressionTest0::test071,RegressionTest0::test072,RegressionTest0::test073,RegressionTest0::test074,RegressionTest0::test075,RegressionTest0::test076,RegressionTest0::test077,RegressionTest0::test078,RegressionTest0::test079,RegressionTest0::test080,RegressionTest0::test081,RegressionTest0::test082,RegressionTest0::test083,RegressionTest0::test084,RegressionTest0::test085,RegressionTest0::test086,RegressionTest0::test087,RegressionTest0::test088,RegressionTest0::test089,RegressionTest0::test090,RegressionTest0::test091,RegressionTest0::test092,RegressionTest0::test093,RegressionTest0::test094,RegressionTest0::test095,RegressionTest0::test096,RegressionTest0::test097,RegressionTest0::test098,RegressionTest0::test099,RegressionTest0::test100,RegressionTest0::test101,RegressionTest0::test102,RegressionTest0::test103,RegressionTest0::test104,RegressionTest0::test105,RegressionTest0::test106,RegressionTest0::test107,RegressionTest0::test108,RegressionTest0::test109,RegressionTest0::test110,RegressionTest0::test111,RegressionTest0::test112,RegressionTest0::test113,RegressionTest0::test114,RegressionTest0::test115,RegressionTest0::test116,RegressionTest0::test117,RegressionTest0::test118,RegressionTest0::test119,RegressionTest0::test120,RegressionTest0::test121,RegressionTest0::test122,RegressionTest0::test123,RegressionTest0::test124,RegressionTest0::test125,RegressionTest0::test126,RegressionTest0::test127,RegressionTest0::test128,RegressionTest0::test129,RegressionTest0::test130,RegressionTest0::test131,RegressionTest0::test132,RegressionTest0::test133,RegressionTest0::test134,RegressionTest0::test135,RegressionTest0::test136,Weight_ESTest::test0,Weight_ESTest::test1,Weight_ESTest::test2,
AbstractLeastSquaresOptimizerAbstractTest::testCircleFitting ,83,317,315,421,339,330,307,308,421,313,305,324,330,316,312,321,340,335,335,349,348,351,394,412,403,405,410,410,409,380,393,358,363,377,397,378,372,420,414,362,396,394,333,396,352,352,323,345,333,487,382,350,403,336,382,347,413,489,354,456,341,392,405,385,334,346,347,383,407,402,382,453,385,386,344,326,351,357,404,470,390,382,375,372,368,393,329,337,377,355,372,391,354,350,370,391,397,568,364,325,398,338,377,396,370,413,371,466,391,376,378,333,374,345,339,389,403,376,403,417,367,331,399,498,339,394,413,374,391,365,469,411,369,334,356,362,377,380,370,335,488,383,368,381,376,381,386,397,366,325,375,348,406,367,342,355,528,339,375,386,368,369,357,383,376,336,396,366,411,417,356,371,366,407,369,354,407,409,400,
AbstractLeastSquaresOptimizerAbstractTest::testCircleFittingBadInit ,317,47,36,173,373,123,140,148,173,139,239,288,133,122,113,115,108,304,127,106,104,270,382,166,158,160,166,166,165,137,151,138,155,145,157,146,135,172,167,155,155,153,152,155,140,294,164,145,151,509,145,147,160,207,144,309,165,513,140,483,284,151,161,153,251,148,148,150,163,160,365,486,392,152,227,160,146,142,160,490,151,144,147,147,143,147,252,154,149,347,136,152,143,303,140,156,156,626,141,231,399,259,149,149,143,165,145,488,152,147,146,151,148,244,200,154,160,357,160,413,330,258,154,528,282,387,165,146,152,138,517,164,145,142,296,339,148,148,143,145,535,150,136,144,148,148,152,156,140,205,148,316,161,344,283,290,557,298,138,146,143,139,142,147,144,263,156,352,165,438,147,143,136,163,143,140,162,162,158,
AbstractLeastSquaresOptimizerAbstractTest::testCircleFittingGoodInit ,315,36,37,144,377,99,138,145,144,120,238,280,109,103,106,91,81,306,129,85,87,277,386,137,129,131,137,137,136,114,122,112,137,117,129,119,113,143,139,136,128,128,150,128,127,303,167,140,150,526,125,131,132,214,120,318,138,527,124,498,294,127,135,126,261,143,142,123,135,133,377,501,408,126,236,158,126,125,133,505,129,120,123,121,120,122,266,149,123,361,120,126,123,311,116,131,128,644,121,242,411,269,123,123,116,138,122,502,129,122,121,150,123,251,208,128,132,371,133,424,344,269,130,543,294,403,138,120,129,116,534,136,122,135,307,351,122,122,120,140,546,123,119,120,122,122,126,132,114,213,123,326,134,354,297,301,574,312,118,122,120,116,125,122,119,275,130,364,137,455,128,117,117,135,119,125,134,134,128,
AbstractLeastSquaresOptimizerAbstractTest::testHahn1 ,421,173,144,0,471,147,198,205,0,173,319,357,153,181,181,157,105,393,160,103,109,357,444,13,23,21,15,15,17,56,40,97,152,72,39,77,116,5,9,147,37,43,181,37,124,360,203,176,180,594,67,134,29,264,66,381,17,594,115,562,350,45,25,61,314,176,175,58,24,30,442,578,481,54,291,194,130,114,29,581,48,66,77,81,95,46,321,181,68,427,82,47,122,370,88,49,37,725,105,299,470,322,68,41,87,17,87,574,41,70,66,180,73,313,257,52,29,432,30,494,402,328,33,617,348,467,17,78,41,91,610,19,95,150,364,412,76,67,86,165,626,58,92,65,70,65,57,33,88,263,76,387,24,417,356,358,640,372,78,55,95,94,114,57,70,332,40,425,19,527,130,78,82,24,89,128,21,19,28,
AbstractLeastSquaresOptimizerAbstractTest::testIllConditioned ,339,373,377,471,70,342,291,293,471,310,252,262,334,309,306,326,369,258,399,410,408,395,414,463,456,457,461,461,460,435,445,408,427,431,446,432,427,470,464,427,450,444,382,450,409,398,382,405,382,495,431,412,455,390,433,376,462,510,411,458,387,442,456,437,388,408,408,432,458,454,411,444,398,440,393,381,410,410,455,469,439,433,423,427,422,439,354,388,427,380,425,441,408,404,421,440,450,534,412,365,429,389,427,443,424,462,422,482,442,425,426,382,425,394,385,438,455,403,454,428,398,354,447,510,379,414,462,428,442,414,472,460,424,392,403,403,425,434,419,382,494,432,424,428,426,430,439,449,422,370,425,398,457,407,375,402,542,376,425,436,422,416,410,430,431,362,445,406,460,410,406,421,419,458,423,405,457,458,451,
AbstractLeastSquaresOptimizerAbstractTest::testInconsistentEquations ,330,123,99,147,342,35,109,115,147,50,191,226,36,53,47,18,73,270,140,105,108,288,379,137,135,135,139,139,138,125,131,107,137,121,128,120,130,143,140,134,130,129,131,130,124,308,156,150,130,520,121,118,134,214,118,308,138,534,123,482,290,128,131,121,263,153,152,119,135,133,383,481,395,125,243,148,121,128,134,496,121,118,116,122,120,128,240,143,115,344,120,123,130,319,123,121,130,618,125,235,415,271,115,129,121,138,115,506,123,114,118,130,115,258,212,121,134,375,133,427,346,246,129,545,282,405,138,120,123,115,524,138,121,125,318,358,119,118,118,124,536,119,127,119,114,116,124,126,119,204,117,330,137,365,294,312,575,307,119,125,120,121,128,118,124,265,125,371,138,432,126,117,117,135,121,127,136,135,133,
AbstractLeastSquaresOptimizerAbstractTest::testInconsistentSizes1 ,307,140,138,198,291,109,70,10,198,115,203,231,102,106,83,92,100,271,146,146,144,275,374,190,185,186,191,191,190,171,181,162,177,169,176,167,174,197,191,176,180,179,161,180,166,306,172,169,161,508,170,165,184,212,171,306,190,521,166,471,285,178,186,173,255,172,171,168,187,183,377,482,401,174,240,164,166,156,184,487,176,171,163,164,165,175,241,173,166,342,167,173,156,314,165,175,180,618,159,239,404,262,166,177,164,190,162,490,175,165,164,160,164,254,218,172,184,364,183,416,334,247,182,532,281,388,190,167,175,160,515,189,164,161,311,351,164,171,157,154,529,168,167,166,165,166,173,180,167,213,164,322,187,357,288,307,557,301,163,172,165,159,156,169,169,265,177,363,189,435,166,160,162,187,162,155,185,187,183,
AbstractLeastSquaresOptimizerAbstractTest::testInconsistentSizes2 ,308,148,145,205,293,115,10,72,205,121,204,231,108,113,90,99,107,270,151,154,151,276,374,197,192,193,198,198,197,178,188,167,182,176,183,174,181,204,198,181,187,186,165,187,172,307,177,177,165,509,178,171,191,215,178,307,197,521,172,471,287,185,194,180,255,180,179,174,194,190,378,483,402,180,243,170,173,162,191,489,183,178,170,172,172,182,242,175,173,343,174,179,161,315,172,182,187,612,164,240,404,262,173,184,171,197,169,490,182,172,171,164,172,254,219,179,191,365,190,418,335,248,189,532,282,389,197,175,182,167,515,196,172,167,312,351,172,177,165,161,529,174,174,172,172,173,180,187,173,215,171,324,194,357,289,307,556,303,170,179,172,166,162,176,176,266,184,363,196,434,171,167,169,194,170,159,192,194,190,
AbstractLeastSquaresOptimizerAbstractTest::testKirby2 ,421,173,144,0,471,147,198,205,0,173,319,357,153,181,181,157,105,393,160,103,109,357,444,13,23,21,15,15,17,56,40,97,152,72,39,77,116,5,9,147,37,43,181,37,124,360,203,176,180,594,67,134,29,264,66,381,17,594,115,562,350,45,25,61,314,176,175,58,24,30,442,578,481,54,291,194,130,114,29,581,48,66,77,81,95,46,321,181,68,427,82,47,122,370,88,49,37,725,105,299,470,322,68,41,87,17,87,574,41,70,66,180,73,313,257,52,29,432,30,494,402,328,33,617,348,467,17,78,41,91,610,19,95,150,364,412,76,67,86,165,626,58,92,65,70,65,57,33,88,263,76,387,24,417,356,358,640,372,78,55,95,94,114,57,70,332,40,425,19,527,130,78,82,24,89,128,21,19,28,
AbstractLeastSquaresOptimizerAbstractTest::testMoreEstimatedParametersSimple ,313,139,120,173,310,50,115,121,173,35,159,196,36,57,78,57,98,239,155,132,135,285,382,165,163,163,165,165,164,151,157,127,158,147,153,146,152,171,168,157,158,156,139,158,144,305,150,158,139,518,151,140,162,221,147,306,165,531,143,478,289,156,158,152,262,160,159,146,163,161,382,470,387,154,245,146,143,152,162,489,149,147,144,151,148,155,239,146,144,338,147,152,153,316,148,152,158,607,150,222,413,270,144,156,148,165,142,498,151,143,145,139,144,259,210,151,162,375,161,427,342,244,155,538,276,403,165,150,151,141,511,164,148,139,312,355,147,147,146,134,522,146,150,146,143,144,154,154,145,194,145,325,160,361,286,307,569,298,143,150,148,145,152,144,151,249,155,368,164,422,151,143,142,163,149,152,163,164,160,
AbstractLeastSquaresOptimizerAbstractTest::testMoreEstimatedParametersUnsorted ,305,239,238,319,252,191,203,204,319,159,35,91,181,150,166,175,218,113,271,266,265,314,381,312,306,306,311,311,310,290,300,268,286,284,297,282,288,318,314,285,300,299,247,300,273,318,246,272,247,507,291,274,304,272,287,305,311,519,274,463,300,297,305,291,289,274,275,285,308,303,374,432,364,294,278,245,273,278,304,472,291,287,284,292,284,295,234,257,282,313,285,292,276,330,283,293,300,557,283,247,409,293,282,297,287,311,281,482,293,283,282,247,281,284,262,291,304,370,303,416,345,237,298,517,288,393,311,291,293,277,482,309,284,258,323,359,287,288,284,247,490,285,286,284,283,285,293,297,282,245,285,335,306,366,294,319,554,299,279,288,284,281,278,283,288,252,296,369,310,394,281,280,278,308,288,276,306,309,304,
AbstractLeastSquaresOptimizerAbstractTest::testNoDependency ,324,288,280,357,262,226,231,231,357,196,91,36,214,199,223,216,262,78,305,307,307,324,388,347,344,345,349,349,348,329,338,306,321,315,332,313,323,355,352,321,337,338,286,337,315,332,286,311,286,517,330,312,342,305,325,319,349,527,315,472,324,336,342,331,317,312,313,325,345,341,384,441,375,333,312,286,311,318,341,482,329,325,323,331,326,334,255,295,323,321,323,332,318,344,323,333,337,566,324,275,419,320,323,335,327,349,321,491,330,323,323,286,322,314,300,331,342,379,341,427,355,259,337,529,309,406,349,330,330,317,493,347,325,299,340,370,326,326,325,287,500,325,327,324,323,324,334,334,322,278,325,345,346,375,313,336,556,320,323,328,326,322,318,325,329,281,336,381,347,410,321,321,317,345,328,318,343,346,339,
AbstractLeastSquaresOptimizerAbstractTest::testNonInvertible ,330,133,109,153,334,36,102,108,153,36,181,214,35,38,69,48,89,253,145,113,117,295,380,145,143,143,147,147,147,132,138,113,148,126,131,127,135,149,146,146,138,137,130,138,127,313,153,152,129,524,131,126,140,220,128,310,144,537,127,481,295,135,138,131,267,154,152,128,143,139,388,480,394,136,247,145,130,136,140,493,131,128,129,131,130,134,241,145,126,344,130,133,138,322,129,132,138,615,137,229,420,275,126,135,131,144,130,509,131,125,125,129,127,264,216,131,140,380,139,433,349,247,137,548,282,411,144,131,131,128,519,144,129,127,320,360,130,130,130,120,531,128,133,125,125,128,133,134,130,198,130,334,143,370,292,315,577,306,127,134,130,131,136,126,130,259,135,373,143,429,138,126,123,143,133,139,143,143,142,
AbstractLeastSquaresOptimizerAbstractTest::testOneSet ,316,122,103,181,309,53,106,113,181,57,150,199,38,35,43,38,81,228,156,129,131,284,380,173,168,168,174,174,173,156,164,136,161,150,163,151,158,180,177,162,162,162,139,162,147,304,154,161,138,510,155,145,166,217,152,294,175,526,147,467,286,161,170,157,259,163,162,151,170,165,378,457,373,156,243,147,149,150,166,478,157,152,151,156,152,158,224,147,149,322,154,155,152,316,149,160,162,591,152,218,412,267,149,160,152,175,148,495,157,149,148,138,149,256,208,157,166,368,165,422,341,230,163,535,276,396,175,155,157,142,505,173,154,143,312,347,150,154,148,134,512,151,153,148,149,152,157,162,149,190,153,324,170,360,284,306,566,299,148,151,152,146,150,151,151,246,160,360,174,409,154,147,145,170,151,157,168,172,165,
AbstractLeastSquaresOptimizerAbstractTest::testQRColumnsPermutation ,312,113,106,181,306,47,83,90,181,78,166,223,69,43,35,31,79,232,146,130,128,280,376,173,167,168,174,174,173,155,162,140,157,149,163,146,158,180,177,157,161,160,143,161,144,302,155,159,142,504,153,144,166,209,152,295,174,520,144,465,276,158,167,153,255,161,160,146,170,165,375,460,379,154,237,150,148,143,166,478,154,152,145,154,149,156,222,148,144,325,151,153,143,312,145,154,161,595,145,223,404,263,144,159,149,174,143,488,154,144,140,142,144,249,209,152,166,357,165,415,332,228,160,523,269,387,174,152,154,137,503,173,151,141,304,346,148,150,145,136,516,146,147,146,144,145,155,159,144,195,146,319,170,357,279,300,555,297,143,150,149,143,143,144,146,249,158,359,174,413,148,141,139,170,149,144,168,172,164,
AbstractLeastSquaresOptimizerAbstractTest::testRedundantEquations ,321,115,91,157,326,18,92,99,157,57,175,216,48,38,31,35,58,256,143,111,113,285,378,150,145,145,150,150,149,134,141,117,147,129,140,128,139,156,153,145,141,140,135,141,132,306,155,153,134,515,133,128,143,214,129,302,151,529,131,477,287,139,144,133,260,153,153,127,147,142,380,472,391,134,242,147,131,131,143,489,132,129,126,134,130,138,232,143,124,335,132,133,136,319,130,135,141,606,132,228,414,268,124,139,131,151,123,500,131,124,126,134,124,257,207,133,143,370,142,423,341,239,139,537,279,399,151,132,131,122,519,151,132,132,314,353,129,129,128,128,529,127,133,128,124,127,136,136,127,198,128,326,148,363,290,308,569,304,127,130,130,127,131,126,132,258,138,366,151,424,135,126,125,147,131,136,144,148,141,
AbstractLeastSquaresOptimizerAbstractTest::testTrivial ,340,108,81,105,369,73,100,107,105,98,218,262,89,81,79,58,44,302,112,69,72,292,400,97,92,93,98,98,97,85,89,91,131,86,91,87,105,104,101,128,89,88,138,89,102,309,161,140,137,529,84,113,91,213,82,318,99,541,98,500,295,88,94,87,259,141,140,78,95,90,387,504,417,83,244,154,109,92,91,515,82,82,79,85,85,85,257,141,75,363,86,82,96,320,82,85,89,646,88,243,418,267,75,86,85,99,79,507,82,75,76,137,75,255,207,83,91,372,90,430,341,264,88,549,288,396,99,85,82,77,542,98,87,112,313,356,80,85,79,123,557,78,86,76,75,78,85,86,82,213,80,331,95,364,293,307,572,310,77,79,85,79,92,76,81,269,87,369,98,455,105,78,76,95,85,100,93,96,91,
AbstractLeastSquaresOptimizerAbstractTest::testTwoSets ,335,304,306,393,258,270,271,270,393,239,113,78,253,228,232,256,302,35,337,338,335,347,383,386,382,385,388,388,388,363,370,340,350,351,365,351,356,392,389,352,375,371,313,375,336,349,310,337,313,505,361,339,381,330,361,334,386,518,339,467,339,370,382,364,337,340,342,363,384,380,382,433,370,369,331,309,344,354,381,476,368,361,358,358,355,367,276,321,361,318,355,370,350,355,355,370,376,551,355,298,417,339,361,371,359,386,359,482,370,360,360,313,359,333,324,367,381,383,380,421,364,279,375,516,329,402,386,359,370,351,481,384,355,325,355,371,361,360,358,313,487,363,354,361,360,361,367,376,354,301,358,353,383,379,323,351,555,326,349,363,355,354,354,356,360,296,374,381,384,394,348,357,344,384,358,353,383,385,377,
AbstractLeastSquaresOptimizerTest::testComputeSigma ,335,127,129,160,399,140,146,151,160,155,271,305,145,156,146,143,112,337,63,68,66,269,397,153,149,150,153,153,153,133,140,134,144,124,146,127,136,159,155,142,143,140,147,143,132,293,161,145,147,518,131,121,147,209,139,312,153,514,133,483,285,138,148,138,251,145,144,134,150,146,367,495,403,136,225,157,130,129,147,500,139,139,131,131,131,138,257,148,133,353,127,136,130,302,131,141,142,639,130,236,399,259,133,140,127,153,130,494,138,131,134,147,131,249,208,138,147,362,146,420,331,264,143,533,286,395,153,131,138,129,523,153,132,129,297,338,132,133,130,139,540,134,129,135,131,131,137,142,131,206,130,319,151,354,293,291,558,298,128,137,131,130,129,136,133,269,140,351,153,446,134,131,127,150,128,128,148,151,145,
AbstractLeastSquaresOptimizerTest::testGetChiSquare ,349,106,85,103,410,105,146,154,103,132,266,307,113,129,130,111,69,338,68,47,6,295,399,95,93,94,95,95,96,76,86,93,127,84,89,86,101,100,96,125,90,89,146,90,104,310,166,138,145,538,82,110,92,221,82,327,96,538,98,505,300,87,91,85,268,139,137,85,94,91,385,515,419,85,237,159,110,100,92,522,88,82,85,81,87,84,270,141,81,367,82,86,100,318,84,88,89,661,95,249,419,276,81,85,84,96,87,515,88,81,84,145,81,263,214,86,92,380,90,439,349,277,89,559,299,414,96,86,88,83,543,96,87,121,312,357,84,85,85,133,562,85,85,83,81,81,84,89,84,215,87,337,95,369,306,307,580,317,78,83,87,89,100,83,82,279,88,370,96,464,112,83,81,94,87,104,94,93,91,
AbstractLeastSquaresOptimizerTest::testGetRMS ,348,104,87,109,408,108,144,151,109,135,265,307,117,131,128,113,72,335,66,6,47,292,399,100,98,100,101,101,102,82,91,97,126,88,95,91,103,106,102,124,95,95,143,95,103,308,164,137,142,536,87,108,98,219,88,325,102,535,100,504,299,93,96,90,266,138,136,90,100,97,384,513,416,90,236,157,111,101,98,519,94,88,90,86,91,89,268,140,86,365,86,91,101,316,89,93,95,659,96,247,417,274,86,91,89,102,92,513,93,86,89,142,86,261,212,91,98,377,96,437,347,274,94,557,296,412,102,91,93,88,539,102,91,120,309,354,89,90,90,130,559,90,88,87,86,86,89,94,89,214,92,334,100,367,304,304,578,315,83,88,91,94,101,88,87,277,93,366,102,462,112,88,83,100,92,104,100,99,96,
AbstractLeastSquaresOptimizerTestValidation::testParametersErrorMonteCarloObservations ,351,270,277,357,395,288,275,276,357,285,314,324,295,284,280,285,292,347,269,295,292,37,317,349,342,342,348,348,347,322,331,299,305,310,329,310,308,356,350,309,334,330,289,334,296,309,286,283,289,485,319,294,340,283,322,321,346,480,300,456,306,331,342,322,292,285,285,320,345,339,359,463,386,323,281,285,299,298,341,464,327,322,310,312,306,329,302,280,315,348,312,325,297,315,308,328,335,600,299,287,378,294,315,332,307,346,309,466,330,315,316,289,313,291,279,325,340,350,340,400,331,305,336,502,305,377,346,310,330,304,486,344,307,286,306,329,313,319,307,291,508,320,308,318,315,317,323,336,310,281,311,313,343,341,304,304,522,306,315,325,306,305,298,320,316,300,330,338,345,425,296,311,311,345,307,294,342,346,337,
AbstractLeastSquaresOptimizerTestValidation::testParametersErrorMonteCarloParameters ,394,382,386,444,414,379,374,374,444,382,381,388,380,380,376,378,400,383,397,399,399,317,0,437,429,430,435,434,434,410,415,388,390,405,418,406,394,443,439,391,426,420,376,426,393,376,373,381,376,501,410,386,431,377,409,371,434,502,393,473,371,419,433,414,374,382,381,414,434,430,396,470,404,418,369,376,388,393,431,484,417,409,408,407,401,417,368,375,411,391,409,418,395,370,403,420,426,601,398,369,407,376,411,421,402,434,404,487,421,409,409,376,409,371,370,417,431,394,430,428,377,369,427,521,380,412,434,408,421,404,502,434,402,374,375,377,407,410,402,376,522,414,402,409,409,412,416,427,406,369,408,378,432,385,384,374,537,383,404,413,401,401,393,412,409,368,424,382,434,443,394,406,400,434,403,389,432,434,427,
AbstractLeastSquaresOptimizer_ESTest::test0 ,412,166,137,13,463,137,190,197,13,165,312,347,145,173,173,150,97,386,153,95,100,349,437,0,15,14,9,9,10,47,32,89,144,66,34,72,109,14,15,139,30,36,175,30,119,353,197,167,174,587,61,127,23,257,58,374,18,585,110,553,343,38,21,55,307,167,166,50,21,24,433,571,472,49,283,189,124,106,23,572,38,58,69,76,89,41,313,172,60,420,74,40,114,361,83,41,30,718,97,291,463,315,60,37,82,18,79,565,32,62,58,174,64,304,248,44,23,425,24,485,393,320,27,608,340,460,18,73,32,83,601,20,89,141,354,403,68,61,78,159,617,50,87,57,62,57,52,25,81,255,69,378,21,408,349,349,631,363,70,49,89,86,106,48,65,324,33,416,20,520,121,70,76,21,84,120,15,15,23,
AbstractLeastSquaresOptimizer_ESTest::test1 ,403,158,129,23,456,135,185,192,23,163,306,344,143,168,167,145,92,382,149,93,98,342,429,15,0,4,11,10,11,38,23,84,139,62,32,69,105,25,23,135,26,30,166,26,110,346,187,163,165,578,58,119,25,249,57,365,23,578,101,546,334,32,26,50,299,161,160,47,24,26,427,562,466,43,276,179,116,100,25,564,33,57,64,71,86,37,307,165,56,412,72,36,108,354,76,40,26,709,91,283,456,307,56,33,77,23,74,557,31,58,55,165,60,297,242,42,25,417,26,478,388,312,31,600,331,451,23,68,31,78,593,24,86,135,348,395,63,55,73,149,609,47,79,54,58,54,46,28,78,247,64,370,25,401,340,342,625,356,65,42,86,81,100,45,58,317,33,408,24,511,117,66,70,24,76,114,17,20,18,
AbstractLeastSquaresOptimizer_ESTest::test2 ,405,160,131,21,457,135,186,193,21,163,306,345,143,168,168,145,93,385,150,94,100,342,430,14,4,0,9,8,9,37,24,85,140,62,34,68,105,23,22,135,25,30,166,25,111,346,190,163,166,580,58,120,24,250,56,367,20,578,102,548,336,32,24,49,300,162,161,47,24,25,427,565,467,42,275,181,117,100,24,565,33,56,64,71,87,37,308,166,56,414,71,36,108,355,75,40,25,712,91,285,455,308,56,33,77,20,74,559,30,58,55,166,61,297,242,42,24,417,25,478,388,314,31,602,334,453,20,68,30,79,595,21,87,135,349,396,63,55,73,150,610,47,79,54,58,54,45,27,78,249,64,372,24,401,341,343,625,358,64,42,87,81,100,45,58,320,33,409,21,513,117,66,71,24,76,114,16,19,18,
AbstractLeastSquaresOptimizer_ESTest::test3 ,410,166,137,15,461,139,191,198,15,165,311,349,147,174,174,150,98,388,153,95,101,348,435,9,11,9,0,1,2,44,28,88,143,67,35,72,108,17,17,137,29,34,172,29,116,352,195,167,171,586,62,125,25,256,59,373,19,584,107,553,342,36,20,54,306,165,164,50,21,26,432,570,470,47,280,186,121,106,25,570,36,59,70,75,90,41,313,170,60,419,75,41,113,359,80,40,29,717,97,288,462,314,60,37,81,19,80,563,32,62,58,171,65,302,247,45,25,424,26,483,393,319,28,606,339,459,19,73,32,82,599,20,90,138,353,402,69,60,77,156,615,50,84,57,62,58,50,24,82,252,68,376,22,407,348,347,630,363,68,45,90,85,106,48,62,324,32,415,20,519,122,70,74,21,81,120,15,15,18,
AbstractLeastSquaresOptimizer_ESTest::test4 ,410,166,137,15,461,139,191,198,15,165,311,349,147,174,174,150,98,388,153,95,101,348,434,9,10,8,1,0,3,43,27,88,143,67,35,72,108,17,17,137,29,34,172,29,116,352,195,167,171,586,62,125,25,256,59,373,18,584,107,553,342,36,20,54,306,165,164,50,21,26,432,570,470,47,280,186,121,106,25,570,36,59,70,75,90,41,313,170,60,419,75,41,113,359,80,40,29,717,97,288,462,314,60,37,81,18,80,563,32,62,58,171,65,302,247,45,25,424,26,483,393,319,28,606,339,459,18,73,32,82,599,19,90,138,353,402,69,60,77,156,615,50,84,57,62,58,50,24,82,252,68,376,22,407,348,347,630,363,68,45,90,85,106,48,62,324,32,415,19,519,122,70,74,21,81,120,15,15,18,
AbstractLeastSquaresOptimizer_ESTest::test5 ,409,165,136,17,460,138,190,197,17,164,310,348,147,173,173,149,97,388,153,96,102,347,434,10,11,9,2,3,0,44,28,87,142,67,35,72,108,19,19,136,29,34,172,29,116,352,195,166,171,586,62,125,26,256,59,373,19,583,107,553,342,36,22,54,306,164,163,50,22,26,432,570,469,47,279,186,121,105,26,569,35,59,69,75,90,41,313,169,60,419,75,41,112,358,80,40,29,717,96,287,462,313,60,37,81,19,79,561,32,62,57,171,64,301,246,45,26,423,26,482,392,319,29,604,339,458,19,73,32,81,598,20,90,137,352,401,68,60,77,156,614,50,84,56,62,57,50,26,82,251,68,374,23,406,348,346,629,362,68,45,90,85,105,47,62,324,33,414,20,519,121,69,74,22,81,119,16,17,19,
AbstractLeastSquaresOptimizer_ESTest::test6 ,380,137,114,56,435,125,171,178,56,151,290,329,132,156,155,134,85,363,133,76,82,322,410,47,38,37,44,43,44,0,28,73,128,56,48,62,86,54,52,124,40,40,149,40,97,323,170,144,149,558,53,105,43,231,48,341,51,560,89,530,315,42,46,53,280,143,142,53,45,44,407,538,440,50,254,162,103,96,43,540,41,48,69,69,74,40,286,146,57,385,58,49,102,335,68,49,40,684,92,261,436,287,57,43,73,51,74,536,42,57,57,149,58,275,220,49,43,396,44,455,368,292,43,578,312,431,51,65,42,65,569,51,75,117,329,376,67,57,73,134,581,53,71,55,57,54,49,43,69,225,67,354,49,383,319,323,605,335,52,45,74,78,96,45,57,294,46,389,51,487,109,60,53,45,75,107,44,44,37,
AbstractLeastSquaresOptimizer_ESTest::test7 ,393,151,122,40,445,131,181,188,40,157,300,338,138,164,162,141,89,370,140,86,91,331,415,32,23,24,28,27,28,28,0,70,132,58,36,66,97,39,39,127,32,31,158,32,103,338,178,154,157,567,50,110,35,242,51,355,37,570,94,538,328,33,35,53,292,153,152,50,35,35,420,550,452,46,265,170,105,101,35,553,32,51,66,68,76,33,295,155,56,399,67,43,106,345,69,45,32,696,90,271,448,300,56,37,75,37,75,547,34,57,54,157,60,287,229,46,35,408,35,468,378,301,37,589,323,442,37,61,34,75,582,38,76,123,341,385,65,55,73,142,595,50,72,54,57,55,50,35,72,237,63,363,37,393,330,335,614,346,54,41,76,80,101,43,57,307,39,398,38,498,109,63,65,35,76,112,31,33,25,
PolynomialFitterTest::testFit ,358,138,112,97,408,107,162,167,97,127,268,306,113,136,140,117,91,340,134,93,97,299,388,89,84,85,88,88,87,73,70,0,121,76,76,81,93,95,92,118,81,80,134,81,94,314,154,138,133,538,78,95,86,222,80,322,91,544,88,508,301,81,85,80,266,138,137,81,89,86,393,507,412,78,244,144,91,98,86,518,80,80,82,81,78,77,260,129,80,366,71,82,103,321,77,82,81,654,90,241,424,274,80,80,79,91,85,517,81,80,81,133,81,268,208,78,86,385,86,441,352,267,82,558,300,411,91,78,81,85,545,91,79,102,314,359,81,77,81,119,558,81,81,82,80,79,81,84,78,205,80,334,88,367,306,308,585,317,76,80,78,80,98,79,79,275,84,371,91,462,105,81,77,89,81,104,87,88,81,
PolynomialFitterTest::testLargeSample ,363,155,137,152,427,137,177,182,152,158,286,321,148,161,157,147,131,350,144,127,126,305,390,144,139,140,143,143,142,128,132,121,0,131,140,135,74,150,147,21,135,136,157,135,131,307,171,149,156,530,124,123,139,219,132,328,146,527,128,498,299,134,143,129,265,151,150,132,140,139,381,509,420,132,242,165,124,131,139,516,134,132,129,128,119,135,272,155,129,373,124,135,133,311,131,131,134,652,131,250,409,273,129,138,131,146,129,507,135,127,132,156,128,260,211,132,139,374,138,431,345,279,139,550,293,406,146,127,135,130,542,146,120,131,310,348,131,130,130,145,559,132,129,132,127,127,129,139,127,220,130,331,143,357,306,304,574,314,129,133,119,131,131,131,131,279,135,361,146,462,124,127,128,140,129,134,143,144,137,
PolynomialFitterTest::testMath798 ,377,145,117,72,431,121,169,176,72,147,284,315,126,150,149,129,86,351,124,84,88,310,405,66,62,62,67,67,67,56,58,76,131,0,39,27,95,68,65,129,59,61,143,59,96,325,166,148,142,552,66,105,61,226,61,340,66,560,90,522,309,60,64,67,275,149,148,64,63,61,407,528,435,63,256,158,103,97,62,536,62,61,71,76,84,59,278,147,65,382,70,63,105,335,76,65,60,676,89,255,433,283,65,59,78,66,78,532,60,65,66,142,67,278,223,63,61,394,62,453,367,284,60,573,310,424,66,72,60,77,563,66,84,116,330,378,72,67,77,129,578,64,80,65,65,65,66,61,70,220,71,349,66,381,313,324,604,327,64,58,84,84,97,60,66,291,64,391,66,481,109,68,63,63,78,103,61,61,58,
PolynomialFitterTest::testMath798WithToleranceTooLow ,397,157,129,39,446,128,176,183,39,153,297,332,131,163,163,140,91,365,146,89,95,329,418,34,32,34,35,35,35,48,36,76,140,39,0,55,106,34,34,136,37,41,157,37,105,339,181,159,156,570,57,114,35,241,53,355,34,574,96,538,326,41,36,54,292,159,159,52,32,35,424,549,454,47,273,171,111,100,35,555,42,53,68,73,83,41,294,158,58,400,70,45,108,350,74,45,37,697,95,271,449,300,58,38,76,34,75,550,39,60,55,156,62,292,235,47,35,411,35,472,383,299,36,591,325,441,34,70,39,79,583,34,83,128,344,391,68,55,75,141,599,52,80,59,60,56,52,36,73,237,67,362,33,397,331,338,618,346,66,49,83,85,100,47,61,305,41,404,34,499,116,68,67,32,79,113,33,33,33,
PolynomialFitterTest::testMath798WithToleranceTooLowButNoException ,378,146,119,77,432,120,167,174,77,146,282,313,127,151,146,128,87,351,127,86,91,310,406,72,69,68,72,72,72,62,66,81,135,27,55,0,97,74,70,131,65,65,147,65,102,323,171,147,146,551,67,108,66,228,63,338,71,559,96,521,308,64,68,67,277,149,148,62,69,66,406,534,439,64,257,162,108,101,67,535,63,63,71,77,84,60,279,152,67,384,71,65,108,334,76,66,65,679,92,260,430,285,67,61,78,71,81,533,63,68,64,146,69,273,223,62,66,392,67,452,363,286,64,574,308,426,71,72,63,78,565,71,84,123,328,378,74,65,78,132,581,62,81,67,68,64,66,64,71,227,71,348,71,380,317,322,600,333,68,60,84,82,101,60,67,293,67,391,71,486,112,70,67,69,79,108,66,65,63,
PolynomialFitterTest::testNoError ,372,135,113,116,427,130,174,181,116,152,288,323,135,158,158,139,105,356,136,101,103,308,394,109,105,105,108,108,108,86,97,93,74,95,106,97,0,114,112,75,103,101,151,103,108,317,171,149,150,543,95,113,104,225,95,334,111,545,106,514,308,100,109,98,272,149,147,101,106,103,396,520,430,97,253,161,110,107,104,531,101,95,102,98,94,98,279,150,100,378,92,101,112,325,99,102,103,665,105,254,422,280,100,99,100,111,102,524,103,100,100,150,100,272,220,100,104,387,103,448,357,285,105,567,304,419,111,98,103,98,555,111,94,122,321,360,101,101,102,139,569,101,100,101,100,100,96,104,97,218,100,344,108,368,314,316,589,325,94,97,94,105,107,98,97,284,103,373,110,472,111,97,97,106,99,113,106,107,104,
PolynomialFitterTest::testRedundantSolvable ,420,172,143,5,470,143,197,204,5,171,318,355,149,180,180,156,104,392,159,100,106,356,443,14,25,23,17,17,19,54,39,95,150,68,34,74,114,0,7,145,36,42,179,36,123,359,202,175,178,593,65,133,29,263,65,380,17,593,114,561,349,44,25,61,313,175,174,58,24,30,441,577,480,54,290,193,129,113,29,580,47,65,76,80,94,45,319,180,67,426,80,47,121,369,87,48,36,724,104,298,469,321,67,40,86,17,86,573,40,69,66,178,72,312,256,51,29,431,30,493,401,326,33,616,347,466,17,77,40,90,609,19,94,148,363,411,75,67,85,163,625,58,92,65,69,65,57,33,88,262,75,386,24,416,355,357,639,371,76,52,94,93,113,56,70,331,39,424,19,526,129,78,81,24,88,127,20,16,26,
PolynomialFitterTest::testRedundantUnsolvable ,414,167,139,9,464,140,191,198,9,168,314,352,146,177,177,153,101,389,155,96,102,350,439,15,23,22,17,17,19,52,39,92,147,65,34,70,112,7,0,142,35,40,176,35,120,353,198,170,175,587,61,129,27,257,61,374,14,587,111,555,343,43,22,58,308,170,169,55,23,28,436,571,474,51,285,189,125,109,27,574,44,61,73,77,89,41,314,176,64,420,75,45,117,363,84,45,35,718,100,293,463,316,64,36,83,14,83,567,37,66,63,175,69,307,250,47,27,425,28,487,395,321,30,610,341,460,14,73,37,85,603,16,89,145,357,405,72,64,82,160,619,55,89,63,66,61,54,29,83,256,71,380,21,410,349,351,633,365,74,50,89,90,109,53,67,326,37,418,16,520,124,74,78,23,85,123,19,15,25,
PolynomialFitterTest::testSmallError ,362,155,136,147,427,134,176,181,147,157,285,321,146,162,157,145,128,352,142,125,124,309,391,139,135,135,137,137,136,124,127,118,21,129,136,131,75,145,142,0,131,131,155,131,126,307,171,149,154,529,121,120,135,218,128,329,142,528,123,498,299,130,139,124,264,151,150,128,136,135,383,508,422,126,242,162,120,126,135,518,130,128,125,123,116,132,272,153,125,374,119,130,130,311,128,127,130,651,127,249,410,272,125,134,125,142,125,506,131,123,128,154,124,260,208,126,135,375,134,430,344,279,134,548,294,405,142,122,131,126,542,142,117,128,312,349,126,125,126,143,560,128,123,128,123,123,124,135,123,219,126,331,139,357,307,306,572,315,124,128,116,126,126,127,125,280,130,362,142,462,122,123,124,136,123,130,138,139,132,
RegressionTest0::test001 ,396,155,128,37,450,130,180,187,37,158,300,337,138,162,161,141,89,375,143,90,95,334,426,30,26,25,29,29,29,40,32,81,135,59,37,65,103,36,35,131,0,8,148,0,91,327,170,148,147,560,38,103,8,230,42,349,24,564,83,529,316,9,19,30,280,146,145,36,14,9,407,544,449,21,260,161,99,90,9,550,21,42,55,50,66,19,288,152,43,393,55,26,97,339,55,30,1,691,82,268,436,288,43,15,55,24,63,542,17,45,42,147,48,283,227,27,8,399,10,463,372,294,19,585,318,433,24,48,17,65,579,24,66,119,334,381,54,34,63,132,595,36,59,42,45,40,25,16,59,232,50,355,20,384,322,328,609,341,45,28,66,70,90,30,37,303,23,394,24,493,100,53,56,14,55,102,24,28,22,
RegressionTest0::test002 ,394,153,128,43,444,129,179,186,43,156,299,338,137,162,160,140,88,371,140,89,95,330,420,36,30,30,34,34,34,40,31,80,136,61,41,65,101,42,40,131,8,0,145,8,86,325,166,145,144,556,33,100,14,226,41,345,29,561,80,526,313,10,25,34,276,144,143,33,20,15,403,540,445,25,258,158,93,86,15,547,15,41,53,47,62,17,284,150,43,388,52,28,93,337,55,31,9,686,79,264,435,284,43,18,54,29,60,538,23,44,41,144,47,281,222,27,14,397,16,458,369,289,24,581,316,429,29,46,23,61,575,29,62,116,331,377,51,34,58,129,589,33,57,40,44,39,30,21,56,228,50,353,24,383,318,325,606,337,43,25,62,67,86,29,37,300,26,390,29,488,98,51,55,20,55,99,30,34,27,
RegressionTest0::test003 ,333,152,150,181,382,131,161,165,181,139,247,286,130,139,143,135,138,313,147,146,143,289,376,175,166,166,172,172,172,149,158,134,157,143,157,147,151,179,176,155,148,145,0,148,98,260,82,127,2,482,140,101,154,178,141,252,166,486,101,386,252,142,160,148,224,124,126,146,160,155,337,434,342,144,205,73,112,141,155,438,145,141,145,139,136,146,151,107,140,286,128,151,139,274,126,152,149,576,143,166,367,231,140,149,134,166,142,456,148,139,141,2,140,217,175,147,154,327,156,387,291,155,154,497,233,359,166,141,148,130,465,166,136,76,267,314,147,142,140,21,484,146,125,141,139,141,145,154,130,131,145,288,162,323,253,261,523,272,127,139,136,136,141,138,136,196,155,326,166,386,137,136,117,160,136,136,165,167,157,
RegressionTest0::test004 ,396,155,128,37,450,130,180,187,37,158,300,337,138,162,161,141,89,375,143,90,95,334,426,30,26,25,29,29,29,40,32,81,135,59,37,65,103,36,35,131,0,8,148,0,91,327,170,148,147,560,38,103,8,230,42,349,24,564,83,529,316,9,19,30,280,146,145,36,14,9,407,544,449,21,260,161,99,90,9,550,21,42,55,50,66,19,288,152,43,393,55,26,97,339,55,30,1,691,82,268,436,288,43,15,55,24,63,542,17,45,42,147,48,283,227,27,8,399,10,463,372,294,19,585,318,433,24,48,17,65,579,24,66,119,334,381,54,34,63,132,595,36,59,42,45,40,25,16,59,232,50,355,20,384,322,328,609,341,45,28,66,70,90,30,37,303,23,394,24,493,100,53,56,14,55,102,24,28,22,
RegressionTest0::test005 ,352,140,127,124,409,124,166,172,124,144,273,315,127,147,144,132,102,336,132,104,103,296,393,119,110,111,116,116,116,97,103,94,131,96,105,102,108,123,120,126,91,86,98,91,0,276,102,108,97,493,79,86,97,146,91,287,111,508,12,464,245,87,106,82,208,113,113,78,103,98,350,475,387,72,204,91,68,86,97,483,92,91,80,70,77,89,229,99,76,324,75,83,85,290,56,91,92,620,76,198,376,218,76,92,67,111,83,470,96,77,73,97,77,230,163,87,97,341,99,401,320,234,100,513,261,364,111,75,96,72,507,110,78,87,284,330,83,79,72,89,526,78,48,78,77,78,79,100,71,166,81,289,106,331,247,278,552,275,71,87,77,70,86,85,61,248,89,343,110,423,90,75,67,103,62,83,111,115,105,
RegressionTest0::test006 ,352,294,303,360,398,308,306,307,360,305,318,332,313,304,302,306,309,349,293,310,308,309,376,353,346,346,352,352,352,323,338,314,307,325,339,323,317,359,353,307,327,325,260,327,276,0,242,227,261,339,300,265,334,182,315,204,346,343,280,311,196,322,340,306,201,231,231,313,339,335,201,360,263,313,198,245,275,274,335,317,324,315,300,290,280,320,254,253,305,271,294,322,269,187,291,317,327,474,283,234,235,201,305,322,289,346,289,318,326,304,308,261,303,205,226,314,334,221,335,232,180,256,332,360,195,267,346,296,326,291,384,344,278,274,128,202,297,306,295,268,385,313,289,305,305,308,309,333,293,232,300,211,339,226,247,123,383,248,302,317,280,290,274,315,302,250,327,209,344,298,269,300,306,339,289,272,347,350,339,
RegressionTest0::test007 ,323,164,167,203,382,156,172,177,203,150,246,286,153,154,155,155,161,310,161,166,164,286,373,197,187,190,195,195,195,170,178,154,171,166,181,171,171,202,198,171,170,166,82,170,102,242,0,131,82,462,155,119,176,147,164,258,189,466,106,422,208,165,183,158,176,141,140,155,182,177,312,410,321,150,179,39,127,149,176,421,170,164,155,144,147,165,175,108,150,258,144,161,148,262,130,169,171,557,149,134,336,185,150,169,137,189,154,433,173,148,149,82,148,219,164,165,176,306,178,373,288,178,177,474,237,333,189,149,173,139,440,189,148,97,250,300,155,154,147,80,470,155,123,154,148,155,157,177,139,101,153,265,184,301,208,244,513,238,146,159,147,143,149,162,136,186,168,310,189,361,150,147,147,182,136,143,190,193,183,
