: , SimplexTableauTest::testInitialization , SimplexTableauTest::testDropPhase1Objective , SimplexTableauTest::testTableauWithNoArtificialVars , SimplexTableauTest::testSerial , SimplexSolverTest::testMath713NegativeVariable , SimplexSolverTest::testMath434NegativeVariable , SimplexSolverTest::testMath434UnfeasibleSolution , SimplexSolverTest::testMath434PivotRowSelection , SimplexSolverTest::testMath434PivotRowSelection2 , SimplexSolverTest::testMath272 , SimplexSolverTest::testMath286 , SimplexSolverTest::testDegeneracy , SimplexSolverTest::testMath288 , SimplexSolverTest::testMath290GEQ , SimplexSolverTest::testMath290LEQ , SimplexSolverTest::testMath293 , SimplexSolverTest::testSimplexSolver , SimplexSolverTest::testSingleVariableAndConstraint , SimplexSolverTest::testModelWithNoArtificialVars , SimplexSolverTest::testMinimization , SimplexSolverTest::testSolutionWithNegativeDecisionVariable , SimplexSolverTest::testInfeasibleSolution , SimplexSolverTest::testUnboundedSolution , SimplexSolverTest::testRestrictVariablesToNonNegative , SimplexSolverTest::testEpsilon , SimplexSolverTest::testTrivialModel , SimplexSolverTest::testLargeModel , SimplexTableau_ESTest::test00 , SimplexTableau_ESTest::test01 , SimplexTableau_ESTest::test02 , SimplexTableau_ESTest::test03 , SimplexTableau_ESTest::test04 , SimplexTableau_ESTest::test05 , SimplexTableau_ESTest::test06 , SimplexTableau_ESTest::test07 , SimplexTableau_ESTest::test08 , SimplexTableau_ESTest::test09 , SimplexTableau_ESTest::test10 , SimplexTableau_ESTest::test11 , SimplexTableau_ESTest::test12 , SimplexTableau_ESTest::test13 , SimplexTableau_ESTest::test14 , SimplexTableau_ESTest::test15 , SimplexTableau_ESTest::test16 , SimplexTableau_ESTest::test17 , SimplexTableau_ESTest::test18 , SimplexTableau_ESTest::test19 , SimplexTableau_ESTest::test20 , SimplexTableau_ESTest::test21 , SimplexTableau_ESTest::test22 , SimplexTableau_ESTest::test23 , SimplexTableau_ESTest::test24 , SimplexTableau_ESTest::test25 , RegressionTest0::test01 , RegressionTest0::test02 , RegressionTest0::test03 , RegressionTest0::test04 , RegressionTest0::test05 , RegressionTest0::test06 , RegressionTest0::test07 , RegressionTest0::test08 , RegressionTest0::test09 , RegressionTest0::test10 , RegressionTest0::test11 , RegressionTest0::test12 , RegressionTest0::test13 , RegressionTest0::test14 , RegressionTest0::test15 , RegressionTest0::test16 , RegressionTest0::test17 , RegressionTest0::test18 , RegressionTest0::test19 , RegressionTest0::test20 , RegressionTest0::test21 , RegressionTest0::test22 , RegressionTest0::test23 , RegressionTest0::test24 , RegressionTest0::test25 , RegressionTest0::test26 , RegressionTest0::test27 , RegressionTest0::test28 , RegressionTest0::test29 , RegressionTest0::test30 , RegressionTest0::test31 , RegressionTest0::test32 , RegressionTest0::test33 , RegressionTest0::test34 , RegressionTest0::test35 , RegressionTest0::test36 , RegressionTest0::test37 , RegressionTest0::test38 , RegressionTest0::test39 , RegressionTest0::test40 , RegressionTest0::test41 , RegressionTest0::test42 , RegressionTest0::test43 , RegressionTest0::test44 , RegressionTest0::test45 , RegressionTest0::test46 , RegressionTest0::test47 , RegressionTest0::test48 , RegressionTest0::test49 , RegressionTest0::test50 , RegressionTest0::test51 , RegressionTest0::test52 , RegressionTest0::test53 , RegressionTest0::test54 , RegressionTest0::test55 , RegressionTest0::test56 , RegressionTest0::test57 , RegressionTest0::test58 , RegressionTest0::test59 , RegressionTest0::test60 , RegressionTest0::test61 , RegressionTest0::test62 , RegressionTest0::test63 , RegressionTest0::test64 , RegressionTest0::test65 , RegressionTest0::test66 , RegressionTest0::test67 , RegressionTest0::test68 , RegressionTest0::test69 , RegressionTest0::test70 , 
SimplexTableauTest::testInitialization , 0 , 115 , 389 , 256 , 429 , 512 , 417 , 469 , 1390 , 578 , 998 , 439 , 587 , 395 , 371 , 1915 , 505 , 376 , 515 , 500 , 458 , 365 , 373 , 1002 , 561 , 361 , 8810 , 411 , 428 , 431 , 444 , 430 , 425 , 574 , 421 , 505 , 438 , 456 , 613 , 451 , 583 , 497 , 437 , 434 , 475 , 476 , 544 , 655 , 612 , 476 , 478 , 539 , 616 , 1386 , 1413 , 2329 , 1157 , 2559 , 1380 , 10367 , 6992 , 5384 , 9483 , 7065 , 4063 , 4505 , 4415 , 5020 , 4119 , 5182 , 511 , 8136 , 1326 , 5025 , 7265 , 3198 , 5136 , 8213 , 6733 , 7175 , 2557 , 1368 , 7926 , 5095 , 1368 , 5695 , 6672 , 5320 , 5994 , 4181 , 7954 , 1951 , 6061 , 5978 , 7694 , 7967 , 6814 , 2449 , 954 , 5745 , 2977 , 6931 , 5844 , 1478 , 7130 , 7953 , 5531 , 5803 , 4619 , 7784 , 6871 , 4642 , 1961 , 2463 , 3548 , 613 , 939 , 2661 , 7373 , 5136 , 2565 , 5396 , 996 , 
SimplexTableauTest::testDropPhase1Objective , 115 , 0 , 384 , 207 , 423 , 506 , 403 , 462 , 1411 , 578 , 1000 , 429 , 586 , 387 , 325 , 1941 , 501 , 350 , 510 , 505 , 455 , 329 , 323 , 1006 , 562 , 328 , 8850 , 364 , 403 , 412 , 407 , 402 , 401 , 547 , 391 , 483 , 399 , 416 , 589 , 414 , 559 , 461 , 397 , 396 , 436 , 444 , 533 , 650 , 602 , 445 , 444 , 532 , 588 , 1384 , 1412 , 2333 , 1155 , 2565 , 1388 , 10404 , 7014 , 5405 , 9512 , 7099 , 4070 , 4519 , 4428 , 5038 , 4128 , 5194 , 465 , 8159 , 1320 , 5058 , 7291 , 3206 , 5149 , 8244 , 6767 , 7208 , 2563 , 1370 , 7950 , 5108 , 1370 , 5710 , 6695 , 5357 , 6031 , 4196 , 7986 , 1948 , 6085 , 5999 , 7721 , 7992 , 6837 , 2449 , 958 , 5761 , 2992 , 6953 , 5858 , 1481 , 7156 , 7977 , 5554 , 5827 , 4636 , 7813 , 6899 , 4659 , 1970 , 2463 , 3573 , 615 , 940 , 2677 , 7405 , 5148 , 2562 , 5420 , 989 , 
SimplexTableauTest::testTableauWithNoArtificialVars , 389 , 384 , 0 , 493 , 398 , 343 , 382 , 349 , 1162 , 317 , 757 , 292 , 372 , 388 , 425 , 1673 , 268 , 380 , 248 , 278 , 310 , 345 , 415 , 760 , 306 , 394 , 8656 , 519 , 534 , 531 , 538 , 538 , 542 , 528 , 536 , 527 , 528 , 537 , 563 , 539 , 535 , 550 , 528 , 530 , 528 , 529 , 567 , 620 , 583 , 530 , 527 , 575 , 584 , 1250 , 1279 , 2166 , 1097 , 2399 , 1294 , 10165 , 6821 , 5216 , 9273 , 6887 , 3928 , 4346 , 4252 , 4852 , 3958 , 5011 , 744 , 7956 , 1252 , 4874 , 7089 , 3064 , 4965 , 8034 , 6562 , 7003 , 2444 , 1290 , 7749 , 4929 , 1290 , 5520 , 6500 , 5187 , 5839 , 4024 , 7780 , 1846 , 5890 , 5814 , 7515 , 7780 , 6638 , 2328 , 912 , 5571 , 2863 , 6752 , 5682 , 1394 , 6956 , 7775 , 5373 , 5651 , 4457 , 7595 , 6707 , 4481 , 1881 , 2344 , 3435 , 635 , 880 , 2553 , 7200 , 4964 , 2440 , 5236 , 939 , 
SimplexTableauTest::testSerial , 256 , 207 , 493 , 0 , 385 , 493 , 387 , 447 , 1496 , 566 , 1029 , 428 , 618 , 342 , 216 , 2024 , 485 , 291 , 497 , 491 , 427 , 272 , 220 , 1045 , 546 , 257 , 8995 , 310 , 336 , 389 , 356 , 341 , 334 , 556 , 331 , 476 , 333 , 356 , 604 , 377 , 566 , 460 , 351 , 343 , 439 , 434 , 558 , 674 , 625 , 435 , 442 , 555 , 633 , 1406 , 1436 , 2373 , 1180 , 2620 , 1428 , 10529 , 7122 , 5499 , 9636 , 7221 , 4145 , 4611 , 4509 , 5136 , 4212 , 5282 , 297 , 8286 , 1350 , 5177 , 7403 , 3270 , 5236 , 8367 , 6887 , 7331 , 2634 , 1395 , 8074 , 5196 , 1395 , 5818 , 6805 , 5474 , 6150 , 4283 , 8109 , 1990 , 6186 , 6108 , 7845 , 8112 , 6952 , 2489 , 976 , 5871 , 3073 , 7064 , 5961 , 1506 , 7268 , 8101 , 5659 , 5939 , 4735 , 7926 , 7013 , 4750 , 2039 , 2503 , 3662 , 598 , 953 , 2750 , 7512 , 5234 , 2606 , 5523 , 1017 , 
SimplexSolverTest::testMath713NegativeVariable , 429 , 423 , 398 , 385 , 0 , 223 , 313 , 179 , 1201 , 353 , 770 , 322 , 486 , 177 , 262 , 1768 , 298 , 161 , 298 , 299 , 222 , 299 , 261 , 792 , 349 , 192 , 8755 , 417 , 446 , 459 , 441 , 453 , 448 , 515 , 449 , 466 , 448 , 457 , 559 , 437 , 511 , 485 , 445 , 451 , 478 , 481 , 543 , 627 , 586 , 481 , 483 , 542 , 585 , 1267 , 1298 , 2208 , 1099 , 2449 , 1310 , 10256 , 6894 , 5286 , 9378 , 6989 , 3951 , 4410 , 4313 , 4927 , 4019 , 5066 , 604 , 8038 , 1240 , 4965 , 7165 , 3087 , 5024 , 8119 , 6650 , 7098 , 2470 , 1265 , 7833 , 4983 , 1265 , 5597 , 6568 , 5257 , 5940 , 4091 , 7864 , 1854 , 5961 , 5884 , 7601 , 7863 , 6713 , 2329 , 883 , 5647 , 2900 , 6844 , 5743 , 1373 , 7030 , 7859 , 5437 , 5722 , 4535 , 7685 , 6778 , 4538 , 1909 , 2342 , 3484 , 564 , 890 , 2586 , 7274 , 5021 , 2431 , 5308 , 937 , 
SimplexSolverTest::testMath434NegativeVariable , 512 , 506 , 343 , 493 , 223 , 0 , 309 , 170 , 1059 , 192 , 640 , 281 , 392 , 225 , 380 , 1636 , 179 , 259 , 178 , 176 , 131 , 311 , 383 , 653 , 191 , 307 , 8657 , 505 , 536 , 508 , 528 , 551 , 546 , 533 , 536 , 521 , 525 , 533 , 573 , 518 , 533 , 551 , 528 , 530 , 541 , 544 , 575 , 639 , 605 , 544 , 543 , 584 , 599 , 1237 , 1268 , 2144 , 1085 , 2386 , 1289 , 10150 , 6793 , 5191 , 9269 , 6888 , 3873 , 4321 , 4216 , 4831 , 3927 , 4965 , 732 , 7935 , 1201 , 4877 , 7064 , 3014 , 4923 , 8017 , 6556 , 6992 , 2415 , 1269 , 7728 , 4885 , 1269 , 5495 , 6471 , 5171 , 5841 , 3997 , 7762 , 1810 , 5871 , 5792 , 7498 , 7757 , 6619 , 2269 , 874 , 5548 , 2836 , 6741 , 5647 , 1368 , 6935 , 7755 , 5349 , 5630 , 4438 , 7577 , 6680 , 4455 , 1852 , 2286 , 3416 , 598 , 856 , 2527 , 7182 , 4921 , 2380 , 5216 , 906 , 
SimplexSolverTest::testMath434UnfeasibleSolution , 417 , 403 , 382 , 387 , 313 , 309 , 0 , 275 , 1285 , 417 , 863 , 267 , 433 , 318 , 226 , 1823 , 344 , 289 , 342 , 343 , 275 , 153 , 228 , 871 , 399 , 261 , 8758 , 390 , 420 , 460 , 431 , 421 , 419 , 466 , 417 , 462 , 425 , 425 , 566 , 408 , 471 , 441 , 419 , 426 , 435 , 434 , 517 , 586 , 545 , 434 , 438 , 514 , 548 , 1278 , 1308 , 2227 , 1108 , 2468 , 1329 , 10298 , 6919 , 5310 , 9408 , 7022 , 3984 , 4446 , 4341 , 4956 , 4049 , 5098 , 577 , 8076 , 1273 , 5001 , 7199 , 3123 , 5056 , 8156 , 6685 , 7132 , 2507 , 1310 , 7866 , 5018 , 1310 , 5630 , 6608 , 5296 , 5975 , 4121 , 7900 , 1884 , 5997 , 5915 , 7638 , 7901 , 6749 , 2364 , 910 , 5682 , 2943 , 6869 , 5780 , 1418 , 7067 , 7894 , 5472 , 5758 , 4565 , 7717 , 6817 , 4574 , 1932 , 2378 , 3517 , 588 , 917 , 2624 , 7310 , 5054 , 2474 , 5340 , 974 , 
SimplexSolverTest::testMath434PivotRowSelection , 469 , 462 , 349 , 447 , 179 , 170 , 275 , 0 , 1123 , 287 , 724 , 259 , 420 , 243 , 320 , 1714 , 233 , 203 , 232 , 228 , 170 , 245 , 321 , 734 , 279 , 246 , 8704 , 465 , 491 , 477 , 484 , 499 , 496 , 505 , 491 , 472 , 482 , 490 , 537 , 480 , 510 , 512 , 483 , 487 , 495 , 501 , 549 , 614 , 587 , 500 , 499 , 554 , 591 , 1242 , 1274 , 2171 , 1094 , 2410 , 1300 , 10209 , 6843 , 5241 , 9330 , 6944 , 3925 , 4373 , 4275 , 4891 , 3979 , 5031 , 671 , 7996 , 1223 , 4928 , 7130 , 3065 , 4987 , 8077 , 6604 , 7052 , 2459 , 1273 , 7790 , 4947 , 1273 , 5560 , 6532 , 5221 , 5893 , 4057 , 7822 , 1841 , 5925 , 5846 , 7562 , 7827 , 6678 , 2309 , 881 , 5613 , 2881 , 6795 , 5705 , 1377 , 6996 , 7815 , 5400 , 5683 , 4496 , 7641 , 6740 , 4503 , 1893 , 2323 , 3463 , 573 , 875 , 2568 , 7225 , 4985 , 2416 , 5265 , 932 , 
SimplexSolverTest::testMath434PivotRowSelection2 , 1390 , 1411 , 1162 , 1496 , 1201 , 1059 , 1285 , 1123 , 0 , 1010 , 859 , 1155 , 959 , 1242 , 1397 , 1331 , 1069 , 1282 , 1067 , 1064 , 1155 , 1325 , 1397 , 885 , 1006 , 1325 , 8120 , 1448 , 1464 , 1403 , 1441 , 1468 , 1468 , 1321 , 1466 , 1347 , 1451 , 1447 , 1302 , 1419 , 1303 , 1402 , 1451 , 1450 , 1416 , 1419 , 1381 , 1320 , 1325 , 1418 , 1411 , 1387 , 1319 , 1410 , 1434 , 2026 , 1402 , 2232 , 1458 , 9680 , 6379 , 4849 , 8747 , 6485 , 3601 , 4008 , 3917 , 4482 , 3634 , 4627 , 1749 , 7439 , 1420 , 4521 , 6617 , 2794 , 4583 , 7528 , 6171 , 6569 , 2253 , 1466 , 7235 , 4540 , 1466 , 5106 , 6049 , 4786 , 5450 , 3699 , 7277 , 1756 , 5458 , 5378 , 7027 , 7293 , 6197 , 2122 , 1372 , 5153 , 2633 , 6339 , 5247 , 1505 , 6498 , 7265 , 4965 , 5244 , 4108 , 7116 , 6241 , 4132 , 1794 , 2136 , 3153 , 1411 , 1388 , 2353 , 6804 , 4582 , 2226 , 4835 , 1381 , 
SimplexSolverTest::testMath272 , 578 , 578 , 317 , 566 , 353 , 192 , 417 , 287 , 1010 , 0 , 511 , 218 , 301 , 258 , 449 , 1505 , 124 , 343 , 131 , 117 , 219 , 390 , 465 , 518 , 62 , 372 , 8588 , 575 , 603 , 546 , 586 , 610 , 601 , 570 , 607 , 566 , 594 , 594 , 599 , 563 , 576 , 602 , 587 , 593 , 598 , 601 , 648 , 676 , 649 , 600 , 601 , 653 , 654 , 1228 , 1258 , 2107 , 1088 , 2347 , 1288 , 10088 , 6730 , 5131 , 9195 , 6821 , 3824 , 4278 , 4166 , 4780 , 3881 , 4910 , 811 , 7867 , 1171 , 4815 , 7010 , 2979 , 4868 , 7954 , 6494 , 6932 , 2379 , 1257 , 7661 , 4833 , 1257 , 5443 , 6415 , 5116 , 5777 , 3946 , 7702 , 1773 , 5820 , 5738 , 7439 , 7700 , 6568 , 2240 , 889 , 5494 , 2806 , 6678 , 5587 , 1352 , 6870 , 7688 , 5304 , 5572 , 4391 , 7513 , 6622 , 4402 , 1819 , 2257 , 3367 , 644 , 863 , 2486 , 7119 , 4866 , 2341 , 5172 , 900 , 
SimplexSolverTest::testMath286 , 998 , 1000 , 757 , 1029 , 770 , 640 , 863 , 724 , 859 , 511 , 0 , 667 , 477 , 726 , 923 , 1112 , 593 , 815 , 599 , 592 , 693 , 863 , 936 , 392 , 540 , 847 , 8335 , 1014 , 1031 , 972 , 1016 , 1035 , 1035 , 930 , 1036 , 946 , 1020 , 1020 , 919 , 987 , 928 , 990 , 1008 , 1016 , 993 , 996 , 988 , 974 , 970 , 996 , 993 , 996 , 977 , 1248 , 1275 , 2016 , 1146 , 2236 , 1295 , 9802 , 6496 , 4911 , 8898 , 6578 , 3663 , 4081 , 3994 , 4562 , 3706 , 4708 , 1286 , 7592 , 1193 , 4633 , 6754 , 2848 , 4665 , 7680 , 6263 , 6689 , 2243 , 1269 , 7391 , 4622 , 1268 , 5204 , 6170 , 4898 , 5564 , 3774 , 7430 , 1713 , 5572 , 5504 , 7180 , 7437 , 6316 , 2133 , 1024 , 5251 , 2658 , 6449 , 5350 , 1349 , 6617 , 7418 , 5080 , 5336 , 4187 , 7261 , 6377 , 4192 , 1729 , 2142 , 3193 , 976 , 1027 , 2353 , 6880 , 4663 , 2230 , 4950 , 1036 , 
SimplexSolverTest::testDegeneracy , 439 , 429 , 292 , 428 , 322 , 281 , 267 , 259 , 1155 , 218 , 667 , 0 , 226 , 274 , 277 , 1677 , 154 , 269 , 161 , 151 , 247 , 209 , 283 , 694 , 215 , 195 , 8689 , 464 , 446 , 458 , 478 , 454 , 446 , 476 , 450 , 451 , 466 , 474 , 526 , 472 , 482 , 500 , 485 , 470 , 496 , 494 , 536 , 597 , 559 , 494 , 496 , 534 , 560 , 1256 , 1290 , 2188 , 1101 , 2437 , 1318 , 10239 , 6861 , 5259 , 9347 , 6962 , 3943 , 4396 , 4290 , 4902 , 3994 , 5042 , 636 , 8015 , 1240 , 4940 , 7146 , 3083 , 4999 , 8093 , 6629 , 7068 , 2477 , 1288 , 7805 , 4958 , 1288 , 5578 , 6555 , 5241 , 5913 , 4072 , 7838 , 1858 , 5942 , 5863 , 7578 , 7846 , 6689 , 2333 , 906 , 5629 , 2898 , 6810 , 5721 , 1392 , 7017 , 7833 , 5420 , 5708 , 4514 , 7664 , 6760 , 4519 , 1910 , 2349 , 3473 , 590 , 885 , 2590 , 7258 , 4999 , 2432 , 5287 , 943 , 
SimplexSolverTest::testMath288 , 587 , 586 , 372 , 618 , 486 , 392 , 433 , 420 , 959 , 301 , 477 , 226 , 0 , 427 , 470 , 1483 , 314 , 459 , 319 , 311 , 391 , 412 , 485 , 516 , 304 , 395 , 8516 , 608 , 614 , 581 , 619 , 613 , 615 , 593 , 617 , 553 , 619 , 627 , 603 , 599 , 588 , 624 , 614 , 624 , 624 , 622 , 633 , 662 , 640 , 622 , 622 , 650 , 637 , 1238 , 1266 , 2121 , 1095 , 2367 , 1293 , 10126 , 6745 , 5149 , 9207 , 6847 , 3858 , 4302 , 4194 , 4804 , 3902 , 4933 , 834 , 7881 , 1210 , 4833 , 7020 , 3005 , 4891 , 7969 , 6528 , 6948 , 2414 , 1268 , 7674 , 4849 , 1268 , 5468 , 6433 , 5130 , 5802 , 3973 , 7715 , 1811 , 5828 , 5748 , 7455 , 7720 , 6573 , 2276 , 917 , 5518 , 2834 , 6699 , 5607 , 1362 , 6892 , 7700 , 5314 , 5596 , 4412 , 7540 , 6633 , 4423 , 1852 , 2290 , 3385 , 682 , 897 , 2525 , 7145 , 4890 , 2373 , 5182 , 941 , 
SimplexSolverTest::testMath290GEQ , 395 , 387 , 388 , 342 , 177 , 225 , 318 , 243 , 1242 , 258 , 726 , 274 , 427 , 0 , 200 , 1735 , 230 , 119 , 238 , 227 , 170 , 261 , 227 , 751 , 279 , 136 , 8764 , 401 , 432 , 438 , 433 , 443 , 433 , 512 , 432 , 460 , 437 , 448 , 553 , 426 , 511 , 484 , 433 , 438 , 468 , 469 , 548 , 634 , 597 , 470 , 472 , 549 , 597 , 1291 , 1322 , 2221 , 1108 , 2462 , 1320 , 10274 , 6898 , 5286 , 9393 , 6992 , 3958 , 4416 , 4316 , 4933 , 4025 , 5069 , 574 , 8051 , 1228 , 4970 , 7178 , 3099 , 5025 , 8132 , 6654 , 7105 , 2478 , 1286 , 7843 , 4988 , 1286 , 5605 , 6581 , 5268 , 5940 , 4093 , 7878 , 1860 , 5977 , 5894 , 7619 , 7882 , 6733 , 2340 , 880 , 5656 , 2909 , 6849 , 5755 , 1384 , 7042 , 7870 , 5457 , 5726 , 4537 , 7691 , 6793 , 4551 , 1903 , 2356 , 3484 , 563 , 863 , 2584 , 7289 , 5023 , 2435 , 5322 , 925 , 
SimplexSolverTest::testMath290LEQ , 371 , 325 , 425 , 216 , 262 , 380 , 226 , 320 , 1397 , 449 , 923 , 277 , 470 , 200 , 0 , 1930 , 375 , 177 , 383 , 372 , 317 , 108 , 33 , 946 , 441 , 106 , 8920 , 324 , 328 , 410 , 358 , 326 , 323 , 514 , 322 , 441 , 346 , 362 , 579 , 376 , 516 , 447 , 366 , 355 , 429 , 428 , 541 , 647 , 603 , 429 , 434 , 538 , 608 , 1357 , 1391 , 2335 , 1162 , 2573 , 1401 , 10461 , 7072 , 5454 , 9572 , 7172 , 4105 , 4570 , 4472 , 5095 , 4175 , 5238 , 376 , 8234 , 1337 , 5134 , 7353 , 3236 , 5193 , 8310 , 6831 , 7281 , 2608 , 1369 , 8023 , 5152 , 1369 , 5770 , 6753 , 5427 , 6108 , 4248 , 8054 , 1968 , 6140 , 6061 , 7792 , 8059 , 6901 , 2463 , 953 , 5824 , 3045 , 7017 , 5917 , 1482 , 7218 , 8051 , 5615 , 5897 , 4692 , 7873 , 6963 , 4704 , 2018 , 2477 , 3623 , 586 , 946 , 2723 , 7460 , 5193 , 2582 , 5479 , 1014 , 
SimplexSolverTest::testMath293 , 1915 , 1941 , 1673 , 2024 , 1768 , 1636 , 1823 , 1714 , 1331 , 1505 , 1112 , 1677 , 1483 , 1735 , 1930 , 0 , 1599 , 1820 , 1606 , 1593 , 1695 , 1871 , 1944 , 1309 , 1526 , 1855 , 7823 , 1966 , 1990 , 1921 , 1960 , 1997 , 1997 , 1855 , 1993 , 1866 , 1975 , 1969 , 1816 , 1942 , 1844 , 1915 , 1965 , 1974 , 1923 , 1926 , 1861 , 1828 , 1834 , 1925 , 1921 , 1877 , 1836 , 1790 , 1794 , 2117 , 1808 , 2263 , 1793 , 9376 , 6230 , 4722 , 8530 , 6289 , 3476 , 3899 , 3810 , 4371 , 3554 , 4489 , 2295 , 7259 , 1807 , 4403 , 6444 , 2784 , 4453 , 7341 , 6006 , 6373 , 2294 , 1792 , 7072 , 4421 , 1793 , 4973 , 5882 , 4680 , 5305 , 3613 , 7102 , 1924 , 5307 , 5226 , 6840 , 7097 , 6021 , 2204 , 1821 , 5027 , 2613 , 6179 , 5129 , 1823 , 6330 , 7098 , 4822 , 5102 , 4010 , 6948 , 6067 , 4006 , 1965 , 2212 , 3089 , 1887 , 1830 , 2376 , 6592 , 4452 , 2271 , 4696 , 1835 , 
SimplexSolverTest::testSimplexSolver , 505 , 501 , 268 , 485 , 298 , 179 , 344 , 233 , 1069 , 124 , 593 , 154 , 314 , 230 , 375 , 1599 , 0 , 252 , 25 , 34 , 124 , 299 , 369 , 599 , 98 , 294 , 8642 , 505 , 526 , 488 , 519 , 537 , 530 , 509 , 526 , 512 , 515 , 522 , 546 , 508 , 512 , 554 , 521 , 516 , 546 , 550 , 585 , 629 , 597 , 549 , 548 , 585 , 597 , 1227 , 1259 , 2130 , 1095 , 2372 , 1294 , 10148 , 6779 , 5179 , 9256 , 6880 , 3868 , 4323 , 4213 , 4828 , 3923 , 4964 , 730 , 7935 , 1198 , 4864 , 7070 , 3020 , 4921 , 8014 , 6534 , 6992 , 2421 , 1264 , 7726 , 4882 , 1264 , 5495 , 6477 , 5167 , 5831 , 3993 , 7760 , 1803 , 5866 , 5795 , 7504 , 7764 , 6613 , 2276 , 879 , 5548 , 2841 , 6733 , 5645 , 1362 , 6936 , 7752 , 5351 , 5631 , 4436 , 7579 , 6684 , 4451 , 1856 , 2290 , 3410 , 608 , 852 , 2527 , 7169 , 4919 , 2378 , 5218 , 913 , 
SimplexSolverTest::testSingleVariableAndConstraint , 376 , 350 , 380 , 291 , 161 , 259 , 289 , 203 , 1282 , 343 , 815 , 269 , 459 , 119 , 177 , 1820 , 252 , 0 , 254 , 255 , 173 , 208 , 170 , 804 , 322 , 97 , 8807 , 342 , 381 , 397 , 381 , 386 , 382 , 477 , 380 , 443 , 378 , 390 , 549 , 382 , 482 , 455 , 380 , 385 , 438 , 437 , 519 , 618 , 575 , 438 , 441 , 526 , 580 , 1286 , 1318 , 2234 , 1109 , 2480 , 1326 , 10321 , 6936 , 5320 , 9436 , 7035 , 3986 , 4446 , 4350 , 4967 , 4054 , 5107 , 522 , 8091 , 1263 , 5004 , 7222 , 3119 , 5063 , 8170 , 6685 , 7148 , 2506 , 1292 , 7882 , 5023 , 1292 , 5641 , 6625 , 5305 , 5974 , 4126 , 7915 , 1881 , 6009 , 5933 , 7658 , 7923 , 6767 , 2362 , 885 , 5694 , 2938 , 6885 , 5788 , 1397 , 7086 , 7909 , 5485 , 5768 , 4572 , 7736 , 6833 , 4576 , 1935 , 2378 , 3515 , 559 , 887 , 2617 , 7322 , 5061 , 2467 , 5352 , 953 , 
SimplexSolverTest::testModelWithNoArtificialVars , 515 , 510 , 248 , 497 , 298 , 178 , 342 , 232 , 1067 , 131 , 599 , 161 , 319 , 238 , 383 , 1606 , 25 , 254 , 0 , 41 , 116 , 305 , 377 , 599 , 108 , 302 , 8638 , 511 , 530 , 501 , 525 , 542 , 534 , 506 , 530 , 525 , 519 , 524 , 546 , 514 , 508 , 552 , 525 , 521 , 547 , 554 , 582 , 627 , 595 , 551 , 551 , 581 , 595 , 1220 , 1252 , 2121 , 1088 , 2365 , 1287 , 10138 , 6770 , 5170 , 9246 , 6871 , 3862 , 4316 , 4206 , 4819 , 3916 , 4957 , 744 , 7925 , 1201 , 4857 , 7064 , 3011 , 4914 , 8004 , 6528 , 6986 , 2418 , 1260 , 7716 , 4876 , 1260 , 5487 , 6472 , 5163 , 5821 , 3987 , 7750 , 1806 , 5857 , 5785 , 7494 , 7755 , 6603 , 2275 , 878 , 5540 , 2835 , 6723 , 5639 , 1358 , 6927 , 7742 , 5341 , 5623 , 4431 , 7570 , 6679 , 4446 , 1858 , 2290 , 3404 , 612 , 855 , 2525 , 7161 , 4912 , 2373 , 5208 , 916 , 
SimplexSolverTest::testMinimization , 500 , 505 , 278 , 491 , 299 , 176 , 343 , 228 , 1064 , 117 , 592 , 151 , 311 , 227 , 372 , 1593 , 34 , 255 , 41 , 0 , 123 , 303 , 377 , 599 , 101 , 298 , 8641 , 507 , 532 , 489 , 519 , 540 , 533 , 511 , 531 , 512 , 521 , 524 , 547 , 510 , 515 , 558 , 524 , 520 , 548 , 553 , 589 , 632 , 599 , 552 , 551 , 590 , 598 , 1226 , 1258 , 2128 , 1092 , 2370 , 1294 , 10153 , 6780 , 5182 , 9255 , 6880 , 3866 , 4327 , 4217 , 4829 , 3929 , 4968 , 733 , 7934 , 1200 , 4866 , 7072 , 3022 , 4924 , 8014 , 6540 , 6992 , 2422 , 1268 , 7726 , 4886 , 1268 , 5498 , 6480 , 5174 , 5835 , 3994 , 7760 , 1806 , 5871 , 5798 , 7504 , 7768 , 6614 , 2278 , 878 , 5551 , 2841 , 6731 , 5647 , 1366 , 6935 , 7753 , 5354 , 5633 , 4440 , 7581 , 6685 , 4454 , 1857 , 2294 , 3408 , 613 , 855 , 2528 , 7172 , 4922 , 2380 , 5221 , 915 , 
SimplexSolverTest::testSolutionWithNegativeDecisionVariable , 458 , 455 , 310 , 427 , 222 , 131 , 275 , 170 , 1155 , 219 , 693 , 247 , 391 , 170 , 317 , 1695 , 124 , 173 , 116 , 123 , 0 , 236 , 310 , 680 , 197 , 233 , 8691 , 454 , 487 , 474 , 480 , 498 , 492 , 500 , 486 , 481 , 476 , 491 , 549 , 467 , 503 , 504 , 480 , 476 , 487 , 495 , 541 , 617 , 582 , 492 , 491 , 550 , 577 , 1238 , 1269 , 2158 , 1087 , 2400 , 1291 , 10194 , 6821 , 5216 , 9305 , 6922 , 3903 , 4356 , 4250 , 4866 , 3960 , 5003 , 674 , 7974 , 1216 , 4905 , 7109 , 3044 , 4960 , 8057 , 6576 , 7033 , 2439 , 1264 , 7765 , 4922 , 1264 , 5535 , 6515 , 5204 , 5870 , 4029 , 7803 , 1825 , 5902 , 5827 , 7542 , 7803 , 6658 , 2291 , 874 , 5588 , 2859 , 6774 , 5685 , 1361 , 6973 , 7791 , 5383 , 5664 , 4477 , 7620 , 6722 , 4490 , 1878 , 2306 , 3437 , 579 , 864 , 2546 , 7212 , 4958 , 2394 , 5250 , 920 , 
SimplexSolverTest::testInfeasibleSolution , 365 , 329 , 345 , 272 , 299 , 311 , 153 , 245 , 1325 , 390 , 863 , 209 , 412 , 261 , 108 , 1871 , 299 , 208 , 305 , 303 , 236 , 0 , 92 , 864 , 370 , 176 , 8857 , 331 , 359 , 412 , 370 , 366 , 357 , 488 , 358 , 426 , 362 , 374 , 565 , 382 , 493 , 445 , 371 , 368 , 431 , 428 , 521 , 605 , 561 , 429 , 434 , 520 , 566 , 1314 , 1348 , 2286 , 1124 , 2518 , 1356 , 10394 , 7004 , 5390 , 9495 , 7102 , 4055 , 4514 , 4418 , 5034 , 4121 , 5178 , 455 , 8165 , 1309 , 5074 , 7286 , 3184 , 5134 , 8241 , 6768 , 7215 , 2561 , 1333 , 7955 , 5093 , 1333 , 5707 , 6690 , 5362 , 6046 , 4195 , 7983 , 1933 , 6077 , 5993 , 7723 , 7989 , 6835 , 2417 , 935 , 5762 , 3000 , 6955 , 5854 , 1447 , 7150 , 7982 , 5550 , 5833 , 4637 , 7808 , 6896 , 4645 , 1981 , 2429 , 3572 , 586 , 934 , 2678 , 7394 , 5133 , 2534 , 5413 , 997 , 
SimplexSolverTest::testUnboundedSolution , 373 , 323 , 415 , 220 , 261 , 383 , 228 , 321 , 1397 , 465 , 936 , 283 , 485 , 227 , 33 , 1944 , 369 , 170 , 377 , 377 , 310 , 92 , 0 , 942 , 444 , 105 , 8917 , 319 , 321 , 413 , 355 , 320 , 316 , 512 , 317 , 439 , 341 , 357 , 580 , 375 , 515 , 444 , 361 , 354 , 428 , 425 , 537 , 643 , 599 , 426 , 431 , 537 , 604 , 1350 , 1384 , 2331 , 1150 , 2564 , 1392 , 10456 , 7065 , 5447 , 9562 , 7163 , 4097 , 4562 , 4464 , 5085 , 4167 , 5228 , 381 , 8224 , 1332 , 5127 , 7343 , 3229 , 5186 , 8301 , 6819 , 7273 , 2601 , 1362 , 8013 , 5142 , 1362 , 5762 , 6746 , 5420 , 6103 , 4240 , 8045 , 1962 , 6133 , 6051 , 7781 , 8046 , 6890 , 2454 , 949 , 5816 , 3042 , 7010 , 5907 , 1475 , 7209 , 8040 , 5606 , 5886 , 4683 , 7865 , 6952 , 4696 , 2014 , 2468 , 3615 , 588 , 947 , 2718 , 7453 , 5184 , 2574 , 5469 , 1015 , 
SimplexSolverTest::testRestrictVariablesToNonNegative , 1002 , 1006 , 760 , 1045 , 792 , 653 , 871 , 734 , 885 , 518 , 392 , 694 , 516 , 751 , 946 , 1309 , 599 , 804 , 599 , 599 , 680 , 864 , 942 , 0 , 534 , 857 , 8304 , 1029 , 1047 , 997 , 1031 , 1059 , 1055 , 946 , 1054 , 973 , 1036 , 1036 , 930 , 1006 , 938 , 1017 , 1030 , 1035 , 1018 , 1017 , 1018 , 986 , 990 , 1017 , 1013 , 1023 , 979 , 1280 , 1299 , 2020 , 1169 , 2245 , 1315 , 9832 , 6519 , 4954 , 8912 , 6618 , 3694 , 4120 , 4021 , 4611 , 3739 , 4744 , 1307 , 7634 , 1212 , 4669 , 6782 , 2865 , 4701 , 7716 , 6295 , 6730 , 2283 , 1292 , 7429 , 4662 , 1292 , 5247 , 6203 , 4932 , 5614 , 3803 , 7462 , 1709 , 5612 , 5542 , 7201 , 7470 , 6362 , 2152 , 1047 , 5298 , 2696 , 6468 , 5397 , 1365 , 6649 , 7459 , 5124 , 5379 , 4219 , 7301 , 6413 , 4232 , 1761 , 2168 , 3216 , 1007 , 1047 , 2389 , 6899 , 4699 , 2245 , 4993 , 1068 , 
SimplexSolverTest::testEpsilon , 561 , 562 , 306 , 546 , 349 , 191 , 399 , 279 , 1006 , 62 , 540 , 215 , 304 , 279 , 441 , 1526 , 98 , 322 , 108 , 101 , 197 , 370 , 444 , 534 , 0 , 360 , 8594 , 560 , 590 , 533 , 575 , 596 , 589 , 556 , 590 , 557 , 576 , 574 , 590 , 551 , 559 , 595 , 570 , 577 , 589 , 587 , 636 , 663 , 636 , 587 , 589 , 639 , 643 , 1224 , 1255 , 2111 , 1089 , 2350 , 1290 , 10097 , 6737 , 5141 , 9201 , 6838 , 3830 , 4280 , 4172 , 4784 , 3885 , 4921 , 796 , 7880 , 1173 , 4828 , 7019 , 2985 , 4878 , 7961 , 6498 , 6945 , 2385 , 1256 , 7674 , 4841 , 1256 , 5452 , 6427 , 5126 , 5792 , 3954 , 7707 , 1778 , 5822 , 5746 , 7452 , 7716 , 6574 , 2245 , 887 , 5503 , 2809 , 6684 , 5595 , 1351 , 6884 , 7701 , 5304 , 5580 , 4396 , 7527 , 6634 , 4407 , 1825 , 2261 , 3364 , 632 , 860 , 2491 , 7128 , 4876 , 2350 , 5172 , 902 , 
SimplexSolverTest::testTrivialModel , 361 , 328 , 394 , 257 , 192 , 307 , 261 , 246 , 1325 , 372 , 847 , 195 , 395 , 136 , 106 , 1855 , 294 , 97 , 302 , 298 , 233 , 176 , 105 , 857 , 360 , 0 , 8839 , 333 , 340 , 390 , 371 , 343 , 339 , 486 , 344 , 451 , 360 , 375 , 544 , 366 , 488 , 442 , 372 , 366 , 427 , 424 , 531 , 626 , 585 , 425 , 428 , 529 , 591 , 1315 , 1349 , 2275 , 1133 , 2524 , 1364 , 10378 , 6990 , 5371 , 9494 , 7088 , 4032 , 4495 , 4396 , 5016 , 4100 , 5157 , 458 , 8148 , 1288 , 5053 , 7273 , 3161 , 5113 , 8227 , 6747 , 7199 , 2544 , 1312 , 7938 , 5070 , 1312 , 5692 , 6675 , 5353 , 6027 , 4174 , 7972 , 1915 , 6065 , 5982 , 7713 , 7978 , 6819 , 2400 , 908 , 5743 , 2983 , 6937 , 5836 , 1424 , 7138 , 7966 , 5540 , 5818 , 4621 , 7791 , 6883 , 4628 , 1972 , 2414 , 3564 , 566 , 913 , 2661 , 7380 , 5111 , 2502 , 5404 , 974 , 
SimplexSolverTest::testLargeModel , 8810 , 8850 , 8656 , 8995 , 8755 , 8657 , 8758 , 8704 , 8120 , 8588 , 8335 , 8689 , 8516 , 8764 , 8920 , 7823 , 8642 , 8807 , 8638 , 8641 , 8691 , 8857 , 8917 , 8304 , 8594 , 8839 , 0 , 8847 , 8860 , 8796 , 8825 , 8863 , 8865 , 8669 , 8866 , 8744 , 8836 , 8826 , 8632 , 8793 , 8659 , 8738 , 8810 , 8827 , 8754 , 8756 , 8666 , 8588 , 8623 , 8757 , 8751 , 8669 , 8618 , 8237 , 8227 , 7941 , 8337 , 7893 , 8239 , 9053 , 7712 , 7702 , 8447 , 7779 , 7798 , 7774 , 7758 , 7746 , 7793 , 7724 , 9259 , 7982 , 8319 , 7762 , 7765 , 7884 , 7729 , 7999 , 7682 , 7776 , 7992 , 8325 , 7933 , 7739 , 8325 , 7720 , 7705 , 7747 , 7766 , 7779 , 7938 , 8126 , 7694 , 7667 , 7839 , 7905 , 7752 , 8012 , 8462 , 7725 , 7943 , 7743 , 7709 , 8276 , 7749 , 7946 , 7691 , 7706 , 7758 , 7885 , 7728 , 7717 , 8134 , 8017 , 7838 , 8678 , 8491 , 7970 , 7762 , 7732 , 8008 , 7694 , 8453 , 
SimplexTableau_ESTest::test00 , 411 , 364 , 519 , 310 , 417 , 505 , 390 , 465 , 1448 , 575 , 1014 , 464 , 608 , 401 , 324 , 1966 , 505 , 342 , 511 , 507 , 454 , 331 , 319 , 1029 , 560 , 333 , 8847 , 0 , 147 , 299 , 148 , 152 , 144 , 310 , 144 , 341 , 126 , 111 , 415 , 121 , 322 , 250 , 150 , 138 , 232 , 228 , 347 , 468 , 418 , 229 , 234 , 352 , 426 , 1258 , 1289 , 2217 , 1053 , 2451 , 1278 , 10355 , 6968 , 5353 , 9447 , 7068 , 4018 , 4471 , 4367 , 4990 , 4073 , 5136 , 502 , 8121 , 1259 , 5034 , 7250 , 3150 , 5093 , 8208 , 6714 , 7178 , 2515 , 1316 , 7912 , 5049 , 1316 , 5664 , 6656 , 5342 , 6011 , 4150 , 7951 , 1886 , 6043 , 5963 , 7688 , 7952 , 6801 , 2372 , 917 , 5719 , 2953 , 6911 , 5816 , 1425 , 7119 , 7940 , 5517 , 5795 , 4595 , 7769 , 6861 , 4606 , 1930 , 2386 , 3531 , 549 , 880 , 2636 , 7350 , 5090 , 2489 , 5381 , 940 , 
SimplexTableau_ESTest::test01 , 428 , 403 , 534 , 336 , 446 , 536 , 420 , 491 , 1464 , 603 , 1031 , 446 , 614 , 432 , 328 , 1990 , 526 , 381 , 530 , 532 , 487 , 359 , 321 , 1047 , 590 , 340 , 8860 , 147 , 0 , 345 , 122 , 89 , 32 , 384 , 33 , 324 , 55 , 161 , 455 , 195 , 394 , 218 , 93 , 80 , 180 , 177 , 312 , 434 , 387 , 178 , 174 , 303 , 398 , 1262 , 1295 , 2237 , 1060 , 2474 , 1292 , 10375 , 6981 , 5366 , 9468 , 7081 , 4031 , 4488 , 4392 , 5009 , 4092 , 5152 , 491 , 8140 , 1280 , 5047 , 7264 , 3170 , 5108 , 8223 , 6729 , 7196 , 2545 , 1318 , 7931 , 5065 , 1318 , 5685 , 6670 , 5351 , 6028 , 4171 , 7966 , 1904 , 6057 , 5978 , 7702 , 7969 , 6813 , 2394 , 909 , 5741 , 2975 , 6928 , 5834 , 1428 , 7135 , 7959 , 5532 , 5812 , 4612 , 7788 , 6878 , 4621 , 1956 , 2407 , 3550 , 569 , 900 , 2655 , 7367 , 5106 , 2507 , 5397 , 972 , 
SimplexTableau_ESTest::test02 , 431 , 412 , 531 , 389 , 459 , 508 , 460 , 477 , 1403 , 546 , 972 , 458 , 581 , 438 , 410 , 1921 , 488 , 397 , 501 , 489 , 474 , 412 , 413 , 997 , 533 , 390 , 8796 , 299 , 345 , 0 , 336 , 356 , 347 , 361 , 345 , 326 , 325 , 332 , 301 , 250 , 361 , 369 , 339 , 333 , 362 , 370 , 379 , 535 , 495 , 365 , 364 , 383 , 493 , 1286 , 1319 , 2213 , 1089 , 2456 , 1316 , 10332 , 6920 , 5309 , 9420 , 7025 , 3977 , 4439 , 4330 , 4954 , 4040 , 5100 , 558 , 8073 , 1246 , 4995 , 7208 , 3104 , 5056 , 8165 , 6683 , 7135 , 2488 , 1295 , 7865 , 5016 , 1294 , 5627 , 6616 , 5293 , 5967 , 4113 , 7908 , 1867 , 5999 , 5924 , 7647 , 7915 , 6759 , 2345 , 896 , 5679 , 2928 , 6865 , 5777 , 1402 , 7076 , 7893 , 5483 , 5754 , 4563 , 7723 , 6823 , 4574 , 1914 , 2359 , 3505 , 566 , 887 , 2610 , 7298 , 5052 , 2443 , 5348 , 953 , 
SimplexTableau_ESTest::test03 , 444 , 407 , 538 , 356 , 441 , 528 , 431 , 484 , 1441 , 586 , 1016 , 478 , 619 , 433 , 358 , 1960 , 519 , 381 , 525 , 519 , 480 , 370 , 355 , 1031 , 575 , 371 , 8825 , 148 , 122 , 336 , 0 , 90 , 115 , 374 , 127 , 362 , 115 , 169 , 444 , 194 , 383 , 234 , 138 , 115 , 222 , 216 , 334 , 437 , 403 , 217 , 222 , 333 , 406 , 1245 , 1274 , 2208 , 1034 , 2441 , 1266 , 10337 , 6953 , 5340 , 9433 , 7053 , 4002 , 4448 , 4352 , 4974 , 4059 , 5120 , 539 , 8100 , 1263 , 5015 , 7227 , 3135 , 5077 , 8188 , 6701 , 7156 , 2509 , 1317 , 7891 , 5034 , 1317 , 5646 , 6635 , 5326 , 6000 , 4136 , 7931 , 1878 , 6023 , 5943 , 7666 , 7929 , 6780 , 2368 , 903 , 5702 , 2940 , 6895 , 5800 , 1425 , 7103 , 7920 , 5500 , 5777 , 4584 , 7757 , 6840 , 4591 , 1930 , 2380 , 3513 , 566 , 879 , 2621 , 7337 , 5073 , 2482 , 5363 , 944 , 
SimplexTableau_ESTest::test04 , 430 , 402 , 538 , 341 , 453 , 551 , 421 , 499 , 1468 , 610 , 1035 , 454 , 613 , 443 , 326 , 1997 , 537 , 386 , 542 , 540 , 498 , 366 , 320 , 1059 , 596 , 343 , 8863 , 152 , 89 , 356 , 90 , 0 , 84 , 391 , 89 , 324 , 110 , 166 , 461 , 204 , 402 , 252 , 139 , 123 , 236 , 231 , 357 , 465 , 425 , 232 , 238 , 351 , 431 , 1273 , 1302 , 2244 , 1060 , 2478 , 1295 , 10373 , 6995 , 5380 , 9473 , 7097 , 4040 , 4491 , 4394 , 5019 , 4097 , 5162 , 490 , 8146 , 1282 , 5061 , 7273 , 3179 , 5117 , 8231 , 6734 , 7201 , 2542 , 1336 , 7937 , 5075 , 1336 , 5692 , 6675 , 5354 , 6043 , 4180 , 7973 , 1904 , 6064 , 5987 , 7710 , 7970 , 6824 , 2394 , 915 , 5746 , 2974 , 6935 , 5840 , 1446 , 7145 , 7965 , 5539 , 5819 , 4622 , 7799 , 6885 , 4624 , 1945 , 2409 , 3558 , 575 , 890 , 2654 , 7380 , 5116 , 2514 , 5405 , 964 , 
SimplexTableau_ESTest::test05 , 425 , 401 , 542 , 334 , 448 , 546 , 419 , 496 , 1468 , 601 , 1035 , 446 , 615 , 433 , 323 , 1997 , 530 , 382 , 534 , 533 , 492 , 357 , 316 , 1055 , 589 , 339 , 8865 , 144 , 32 , 347 , 115 , 84 , 0 , 393 , 46 , 327 , 73 , 167 , 456 , 204 , 403 , 204 , 103 , 87 , 189 , 191 , 317 , 437 , 380 , 192 , 191 , 309 , 383 , 1263 , 1296 , 2237 , 1057 , 2472 , 1289 , 10379 , 6982 , 5372 , 9476 , 7086 , 4039 , 4493 , 4397 , 5016 , 4099 , 5158 , 485 , 8144 , 1283 , 5053 , 7272 , 3176 , 5115 , 8229 , 6734 , 7201 , 2547 , 1319 , 7935 , 5072 , 1319 , 5688 , 6676 , 5356 , 6032 , 4178 , 7973 , 1907 , 6061 , 5986 , 7708 , 7973 , 6823 , 2398 , 915 , 5744 , 2979 , 6934 , 5837 , 1430 , 7140 , 7963 , 5537 , 5817 , 4617 , 7792 , 6886 , 4625 , 1958 , 2413 , 3557 , 573 , 904 , 2657 , 7367 , 5113 , 2511 , 5405 , 973 , 
SimplexTableau_ESTest::test06 , 574 , 547 , 528 , 556 , 515 , 533 , 466 , 505 , 1321 , 570 , 930 , 476 , 593 , 512 , 514 , 1855 , 509 , 477 , 506 , 511 , 500 , 488 , 512 , 946 , 556 , 486 , 8669 , 310 , 384 , 361 , 374 , 391 , 393 , 0 , 382 , 416 , 365 , 317 , 373 , 192 , 55 , 359 , 381 , 370 , 352 , 355 , 418 , 446 , 415 , 351 , 349 , 411 , 427 , 1146 , 1179 , 2077 , 1006 , 2311 , 1209 , 10156 , 6789 , 5197 , 9246 , 6872 , 3878 , 4327 , 4231 , 4842 , 3941 , 4993 , 766 , 7944 , 1206 , 4873 , 7069 , 3036 , 4949 , 8023 , 6527 , 6978 , 2416 , 1268 , 7736 , 4909 , 1268 , 5514 , 6480 , 5194 , 5835 , 4019 , 7766 , 1797 , 5870 , 5793 , 7502 , 7761 , 6620 , 2272 , 858 , 5567 , 2837 , 6741 , 5659 , 1374 , 6934 , 7764 , 5349 , 5638 , 4451 , 7594 , 6685 , 4445 , 1858 , 2284 , 3406 , 635 , 861 , 2520 , 7163 , 4945 , 2372 , 5216 , 926 , 
SimplexTableau_ESTest::test07 , 421 , 391 , 536 , 331 , 449 , 536 , 417 , 491 , 1466 , 607 , 1036 , 450 , 617 , 432 , 322 , 1993 , 526 , 380 , 530 , 531 , 486 , 358 , 317 , 1054 , 590 , 344 , 8866 , 144 , 33 , 345 , 127 , 89 , 46 , 382 , 0 , 297 , 53 , 155 , 452 , 193 , 394 , 216 , 93 , 71 , 185 , 178 , 320 , 436 , 390 , 179 , 180 , 309 , 387 , 1260 , 1291 , 2238 , 1064 , 2475 , 1289 , 10379 , 6990 , 5376 , 9476 , 7092 , 4038 , 4493 , 4398 , 5015 , 4100 , 5161 , 484 , 8149 , 1284 , 5059 , 7274 , 3177 , 5118 , 8231 , 6735 , 7203 , 2547 , 1321 , 7941 , 5074 , 1321 , 5692 , 6677 , 5361 , 6038 , 4177 , 7974 , 1905 , 6063 , 5985 , 7711 , 7978 , 6821 , 2398 , 909 , 5745 , 2981 , 6935 , 5841 , 1434 , 7141 , 7969 , 5536 , 5820 , 4620 , 7793 , 6885 , 4627 , 1964 , 2413 , 3560 , 571 , 902 , 2663 , 7371 , 5115 , 2519 , 5399 , 973 , 
SimplexTableau_ESTest::test08 , 505 , 483 , 527 , 476 , 466 , 521 , 462 , 472 , 1347 , 566 , 946 , 451 , 553 , 460 , 441 , 1866 , 512 , 443 , 525 , 512 , 481 , 426 , 439 , 973 , 557 , 451 , 8744 , 341 , 324 , 326 , 362 , 324 , 327 , 416 , 297 , 0 , 343 , 340 , 167 , 383 , 428 , 400 , 376 , 352 , 394 , 398 , 440 , 546 , 504 , 395 , 399 , 416 , 517 , 1242 , 1269 , 2134 , 1093 , 2369 , 1297 , 10258 , 6873 , 5271 , 9343 , 6965 , 3949 , 4402 , 4305 , 4924 , 4012 , 5066 , 645 , 8020 , 1250 , 4935 , 7157 , 3087 , 5024 , 8109 , 6624 , 7077 , 2472 , 1280 , 7828 , 4980 , 1280 , 5593 , 6565 , 5230 , 5905 , 4088 , 7853 , 1852 , 5954 , 5874 , 7602 , 7859 , 6702 , 2330 , 886 , 5647 , 2898 , 6826 , 5736 , 1387 , 7028 , 7856 , 5424 , 5711 , 4521 , 7675 , 6769 , 4529 , 1900 , 2343 , 3466 , 581 , 875 , 2579 , 7242 , 5021 , 2446 , 5287 , 945 , 
SimplexTableau_ESTest::test09 , 438 , 399 , 528 , 333 , 448 , 525 , 425 , 482 , 1451 , 594 , 1020 , 466 , 619 , 437 , 346 , 1975 , 515 , 378 , 519 , 521 , 476 , 362 , 341 , 1036 , 576 , 360 , 8836 , 126 , 55 , 325 , 115 , 110 , 73 , 365 , 53 , 343 , 0 , 115 , 443 , 176 , 376 , 179 , 57 , 36 , 149 , 139 , 282 , 400 , 354 , 140 , 142 , 275 , 363 , 1237 , 1270 , 2212 , 1042 , 2447 , 1271 , 10344 , 6959 , 5346 , 9440 , 7060 , 4015 , 4460 , 4365 , 4983 , 4069 , 5133 , 520 , 8114 , 1266 , 5026 , 7244 , 3151 , 5090 , 8197 , 6700 , 7171 , 2517 , 1308 , 7907 , 5047 , 1309 , 5658 , 6646 , 5334 , 6011 , 4149 , 7939 , 1884 , 6028 , 5955 , 7678 , 7945 , 6787 , 2376 , 900 , 5713 , 2948 , 6900 , 5811 , 1417 , 7108 , 7935 , 5501 , 5786 , 4589 , 7761 , 6854 , 4592 , 1944 , 2387 , 3536 , 560 , 886 , 2629 , 7339 , 5087 , 2494 , 5369 , 954 , 
SimplexTableau_ESTest::test10 , 456 , 416 , 537 , 356 , 457 , 533 , 425 , 490 , 1447 , 594 , 1020 , 474 , 627 , 448 , 362 , 1969 , 522 , 390 , 524 , 524 , 491 , 374 , 357 , 1036 , 574 , 375 , 8826 , 111 , 161 , 332 , 169 , 166 , 167 , 317 , 155 , 340 , 115 , 0 , 407 , 126 , 326 , 257 , 140 , 131 , 237 , 228 , 364 , 478 , 431 , 230 , 235 , 352 , 438 , 1254 , 1283 , 2226 , 1054 , 2458 , 1286 , 10344 , 6963 , 5352 , 9433 , 7063 , 4017 , 4466 , 4367 , 4989 , 4070 , 5138 , 540 , 8111 , 1264 , 5034 , 7241 , 3156 , 5096 , 8198 , 6703 , 7172 , 2522 , 1325 , 7903 , 5052 , 1325 , 5661 , 6644 , 5337 , 6010 , 4153 , 7940 , 1889 , 6032 , 5952 , 7679 , 7943 , 6787 , 2379 , 913 , 5716 , 2952 , 6909 , 5812 , 1437 , 7108 , 7932 , 5505 , 5788 , 4588 , 7765 , 6852 , 4597 , 1937 , 2391 , 3529 , 556 , 883 , 2633 , 7341 , 5092 , 2498 , 5371 , 944 , 
SimplexTableau_ESTest::test11 , 613 , 589 , 563 , 604 , 559 , 573 , 566 , 537 , 1302 , 599 , 919 , 526 , 603 , 553 , 579 , 1816 , 546 , 549 , 546 , 547 , 549 , 565 , 580 , 930 , 590 , 544 , 8632 , 415 , 455 , 301 , 444 , 461 , 456 , 373 , 452 , 167 , 443 , 407 , 0 , 333 , 386 , 488 , 431 , 439 , 473 , 466 , 513 , 602 , 578 , 467 , 472 , 493 , 536 , 1210 , 1238 , 2070 , 1057 , 2302 , 1256 , 10135 , 6763 , 5169 , 9225 , 6845 , 3859 , 4320 , 4207 , 4823 , 3921 , 4966 , 799 , 7916 , 1210 , 4842 , 7061 , 3002 , 4923 , 7993 , 6518 , 6963 , 2413 , 1275 , 7717 , 4884 , 1275 , 5495 , 6466 , 5144 , 5797 , 3993 , 7737 , 1801 , 5846 , 5774 , 7493 , 7762 , 6588 , 2265 , 893 , 5547 , 2835 , 6715 , 5644 , 1372 , 6928 , 7744 , 5331 , 5623 , 4433 , 7561 , 6676 , 4435 , 1854 , 2276 , 3392 , 607 , 866 , 2517 , 7138 , 4920 , 2368 , 5198 , 927 , 
SimplexTableau_ESTest::test12 , 451 , 414 , 539 , 377 , 437 , 518 , 408 , 480 , 1419 , 563 , 987 , 472 , 599 , 426 , 376 , 1942 , 508 , 382 , 514 , 510 , 467 , 382 , 375 , 1006 , 551 , 366 , 8793 , 121 , 195 , 250 , 194 , 204 , 204 , 192 , 193 , 383 , 176 , 126 , 333 , 0 , 221 , 264 , 190 , 180 , 243 , 237 , 360 , 461 , 422 , 238 , 242 , 348 , 425 , 1239 , 1271 , 2196 , 1036 , 2430 , 1261 , 10311 , 6925 , 5317 , 9397 , 7025 , 3979 , 4435 , 4330 , 4950 , 4040 , 5099 , 576 , 8070 , 1244 , 4998 , 7206 , 3119 , 5056 , 8161 , 6667 , 7133 , 2491 , 1290 , 7863 , 5016 , 1289 , 5625 , 6616 , 5301 , 5969 , 4117 , 7904 , 1863 , 6000 , 5923 , 7643 , 7911 , 6751 , 2349 , 888 , 5677 , 2924 , 6871 , 5776 , 1398 , 7080 , 7891 , 5478 , 5755 , 4561 , 7728 , 6822 , 4567 , 1906 , 2363 , 3498 , 551 , 870 , 2606 , 7297 , 5052 , 2447 , 5344 , 931 , 
SimplexTableau_ESTest::test13 , 583 , 559 , 535 , 566 , 511 , 533 , 471 , 510 , 1303 , 576 , 928 , 482 , 588 , 511 , 516 , 1844 , 512 , 482 , 508 , 515 , 503 , 493 , 515 , 938 , 559 , 488 , 8659 , 322 , 394 , 361 , 383 , 402 , 403 , 55 , 394 , 428 , 376 , 326 , 386 , 221 , 0 , 366 , 390 , 382 , 359 , 362 , 408 , 450 , 419 , 359 , 356 , 407 , 431 , 1143 , 1176 , 2067 , 1009 , 2302 , 1210 , 10140 , 6772 , 5186 , 9235 , 6857 , 3864 , 4314 , 4216 , 4829 , 3928 , 4979 , 776 , 7928 , 1204 , 4857 , 7055 , 3022 , 4936 , 8009 , 6523 , 6964 , 2407 , 1263 , 7721 , 4896 , 1263 , 5495 , 6468 , 5187 , 5823 , 4007 , 7755 , 1792 , 5859 , 5782 , 7490 , 7749 , 6608 , 2261 , 862 , 5553 , 2830 , 6724 , 5643 , 1372 , 6922 , 7748 , 5335 , 5625 , 4441 , 7576 , 6671 , 4439 , 1848 , 2273 , 3404 , 637 , 863 , 2516 , 7161 , 4932 , 2361 , 5202 , 923 , 
SimplexTableau_ESTest::test14 , 497 , 461 , 550 , 460 , 485 , 551 , 441 , 512 , 1402 , 602 , 990 , 500 , 624 , 484 , 447 , 1915 , 554 , 455 , 552 , 558 , 504 , 445 , 444 , 1017 , 595 , 442 , 8738 , 250 , 218 , 369 , 234 , 252 , 204 , 359 , 216 , 400 , 179 , 257 , 488 , 264 , 366 , 0 , 149 , 170 , 60 , 57 , 146 , 250 , 191 , 54 , 58 , 134 , 199 , 1198 , 1231 , 2144 , 1005 , 2389 , 1235 , 10237 , 6866 , 5265 , 9325 , 6968 , 3938 , 4386 , 4284 , 4903 , 3997 , 5050 , 673 , 8013 , 1229 , 4950 , 7147 , 3081 , 5007 , 8094 , 6612 , 7084 , 2461 , 1277 , 7807 , 4967 , 1277 , 5573 , 6551 , 5254 , 5925 , 4074 , 7838 , 1836 , 5939 , 5865 , 7580 , 7848 , 6693 , 2316 , 883 , 5627 , 2881 , 6807 , 5723 , 1386 , 7017 , 7835 , 5415 , 5693 , 4505 , 7664 , 6762 , 4520 , 1886 , 2326 , 3467 , 602 , 877 , 2575 , 7243 , 5005 , 2432 , 5283 , 938 , 
