: , OpenMapRealMatrixTest::testMath679 , RegressionTest0::test01 , RegressionTest0::test02 , RegressionTest0::test03 , RegressionTest0::test04 , RegressionTest0::test05 , RegressionTest0::test06 , RegressionTest0::test07 , RegressionTest0::test08 , RegressionTest0::test09 , RegressionTest0::test10 , RegressionTest0::test11 , RegressionTest0::test12 , RegressionTest0::test13 , RegressionTest0::test14 , RegressionTest0::test15 , RegressionTest0::test16 , RegressionTest0::test17 , RegressionTest0::test18 , RegressionTest0::test19 , RegressionTest0::test20 , RegressionTest0::test21 , RegressionTest0::test22 , RegressionTest0::test23 , RegressionTest0::test24 , RegressionTest0::test25 , RegressionTest0::test26 , RegressionTest0::test27 , RegressionTest0::test28 , RegressionTest0::test29 , RegressionTest0::test30 , RegressionTest0::test31 , OpenMapRealMatrix_ESTest::test0 , OpenMapRealMatrix_ESTest::test1 , OpenMapRealMatrix_ESTest::test2 , OpenMapRealMatrix_ESTest::test3 , OpenMapRealMatrix_ESTest::test4 , OpenMapRealMatrix_ESTest::test5 , OpenMapRealMatrix_ESTest::test6 , OpenMapRealMatrix_ESTest::test7 , OpenMapRealMatrix_ESTest::test8 , OpenMapRealMatrix_ESTest::test9 , 
OpenMapRealMatrixTest::testMath679 , 0 , 510 , 535 , 529 , 535 , 541 , 527 , 704 , 599 , 593 , 553 , 852 , 5401 , 7394 , 1473 , 2358 , 703 , 4644 , 406 , 650 , 853 , 1027 , 962 , 1012 , 981 , 583 , 4848 , 439 , 608 , 578 , 442 , 4426 , 413 , 116 , 326 , 351 , 412 , 407 , 228 , 222 , 226 , 218 , 
RegressionTest0::test01 , 510 , 0 , 226 , 225 , 226 , 226 , 225 , 350 , 238 , 233 , 257 , 455 , 4962 , 6911 , 1140 , 1926 , 355 , 4202 , 334 , 354 , 607 , 576 , 549 , 594 , 573 , 285 , 4428 , 213 , 224 , 201 , 213 , 4010 , 398 , 430 , 374 , 417 , 387 , 396 , 404 , 408 , 406 , 407 , 
RegressionTest0::test02 , 535 , 226 , 0 , 11 , 3 , 12 , 12 , 392 , 375 , 373 , 261 , 497 , 4946 , 6941 , 1155 , 1948 , 393 , 4209 , 334 , 407 , 620 , 675 , 603 , 635 , 606 , 357 , 4423 , 314 , 278 , 351 , 315 , 4013 , 425 , 455 , 418 , 410 , 422 , 442 , 446 , 442 , 442 , 441 , 
RegressionTest0::test03 , 529 , 225 , 11 , 0 , 11 , 15 , 5 , 399 , 376 , 374 , 268 , 497 , 4954 , 6943 , 1156 , 1949 , 399 , 4214 , 330 , 405 , 621 , 677 , 603 , 636 , 606 , 355 , 4425 , 310 , 277 , 351 , 311 , 4017 , 419 , 450 , 413 , 404 , 416 , 439 , 439 , 437 , 437 , 436 , 
RegressionTest0::test04 , 535 , 226 , 3 , 11 , 0 , 11 , 12 , 393 , 375 , 373 , 260 , 497 , 4947 , 6941 , 1153 , 1948 , 394 , 4209 , 334 , 407 , 619 , 675 , 605 , 635 , 604 , 357 , 4422 , 314 , 278 , 351 , 315 , 4012 , 425 , 455 , 419 , 411 , 421 , 442 , 446 , 442 , 442 , 441 , 
RegressionTest0::test05 , 541 , 226 , 12 , 15 , 11 , 0 , 18 , 386 , 376 , 374 , 257 , 498 , 4943 , 6935 , 1151 , 1940 , 389 , 4204 , 339 , 408 , 621 , 673 , 599 , 633 , 607 , 356 , 4418 , 315 , 277 , 355 , 316 , 4006 , 429 , 462 , 426 , 417 , 425 , 446 , 452 , 445 , 446 , 444 , 
RegressionTest0::test06 , 527 , 225 , 12 , 5 , 12 , 18 , 0 , 401 , 375 , 373 , 269 , 497 , 4956 , 6946 , 1158 , 1951 , 398 , 4214 , 328 , 405 , 621 , 677 , 603 , 637 , 606 , 353 , 4423 , 308 , 276 , 351 , 309 , 4019 , 417 , 450 , 411 , 404 , 414 , 438 , 439 , 436 , 435 , 434 , 
RegressionTest0::test07 , 704 , 350 , 392 , 399 , 393 , 386 , 401 , 0 , 175 , 172 , 184 , 196 , 4820 , 6801 , 1098 , 1802 , 58 , 4050 , 502 , 380 , 593 , 579 , 438 , 475 , 348 , 389 , 4327 , 388 , 187 , 238 , 390 , 3912 , 544 , 618 , 551 , 546 , 547 , 550 , 579 , 574 , 567 , 570 , 
RegressionTest0::test08 , 599 , 238 , 375 , 376 , 375 , 376 , 375 , 175 , 0 , 11 , 252 , 302 , 4901 , 6835 , 1110 , 1848 , 149 , 4131 , 405 , 347 , 585 , 436 , 503 , 526 , 419 , 323 , 4367 , 294 , 278 , 115 , 296 , 3948 , 457 , 515 , 451 , 477 , 459 , 460 , 479 , 477 , 474 , 476 , 
RegressionTest0::test09 , 593 , 233 , 373 , 374 , 373 , 374 , 373 , 172 , 11 , 0 , 252 , 299 , 4904 , 6828 , 1110 , 1849 , 146 , 4132 , 401 , 346 , 582 , 445 , 498 , 523 , 428 , 320 , 4369 , 289 , 281 , 110 , 290 , 3950 , 451 , 509 , 446 , 472 , 454 , 456 , 472 , 469 , 469 , 469 , 
RegressionTest0::test10 , 553 , 257 , 261 , 268 , 260 , 257 , 269 , 184 , 252 , 252 , 0 , 327 , 4922 , 6906 , 1151 , 1894 , 177 , 4158 , 382 , 380 , 592 , 664 , 460 , 523 , 468 , 332 , 4417 , 300 , 84 , 233 , 300 , 4000 , 438 , 466 , 428 , 426 , 437 , 448 , 436 , 432 , 435 , 438 , 
RegressionTest0::test11 , 852 , 455 , 497 , 497 , 497 , 498 , 497 , 196 , 302 , 299 , 327 , 0 , 4710 , 6665 , 1041 , 1670 , 167 , 3936 , 613 , 421 , 634 , 420 , 346 , 360 , 176 , 390 , 4214 , 461 , 313 , 383 , 456 , 3800 , 632 , 765 , 649 , 671 , 636 , 646 , 713 , 713 , 707 , 710 , 
RegressionTest0::test12 , 5401 , 4962 , 4946 , 4954 , 4947 , 4943 , 4956 , 4820 , 4901 , 4904 , 4922 , 4710 , 0 , 3842 , 4007 , 3199 , 4818 , 2709 , 5014 , 4808 , 4700 , 4548 , 4574 , 4531 , 4614 , 4873 , 2363 , 5003 , 4878 , 4884 , 4999 , 2787 , 5092 , 5310 , 5148 , 5148 , 5088 , 5097 , 5232 , 5230 , 5228 , 5231 , 
RegressionTest0::test13 , 7394 , 6911 , 6941 , 6943 , 6941 , 6935 , 6946 , 6801 , 6835 , 6828 , 6906 , 6665 , 3842 , 0 , 5993 , 5164 , 6796 , 3800 , 7007 , 6776 , 6745 , 6447 , 6571 , 6525 , 6546 , 6835 , 3294 , 6979 , 6862 , 6835 , 6977 , 3797 , 7055 , 7298 , 7121 , 7135 , 7052 , 7059 , 7207 , 7210 , 7206 , 7211 , 
RegressionTest0::test14 , 1473 , 1140 , 1155 , 1156 , 1153 , 1151 , 1158 , 1098 , 1110 , 1110 , 1151 , 1041 , 4007 , 5993 , 0 , 1193 , 1095 , 3213 , 1079 , 968 , 1036 , 975 , 995 , 995 , 1000 , 1037 , 3408 , 1127 , 1123 , 1077 , 1127 , 2960 , 1260 , 1403 , 1285 , 1311 , 1256 , 1264 , 1345 , 1341 , 1332 , 1341 , 
RegressionTest0::test15 , 2358 , 1926 , 1948 , 1949 , 1948 , 1940 , 1951 , 1802 , 1848 , 1849 , 1894 , 1670 , 3199 , 5164 , 1193 , 0 , 1800 , 2410 , 1968 , 1768 , 1854 , 1502 , 1539 , 1481 , 1568 , 1804 , 2720 , 1959 , 1851 , 1826 , 1957 , 2473 , 2067 , 2265 , 2105 , 2136 , 2067 , 2081 , 2195 , 2194 , 2186 , 2189 , 
RegressionTest0::test16 , 703 , 355 , 393 , 399 , 394 , 389 , 398 , 58 , 149 , 146 , 177 , 167 , 4818 , 6796 , 1095 , 1800 , 0 , 4052 , 498 , 375 , 588 , 559 , 430 , 467 , 331 , 391 , 4322 , 390 , 176 , 238 , 391 , 3905 , 542 , 616 , 548 , 544 , 546 , 549 , 577 , 575 , 565 , 568 , 
RegressionTest0::test17 , 4644 , 4202 , 4209 , 4214 , 4209 , 4204 , 4214 , 4050 , 4131 , 4132 , 4158 , 3936 , 2709 , 3800 , 3213 , 2410 , 4052 , 0 , 4257 , 4024 , 3946 , 3762 , 3801 , 3738 , 3845 , 4100 , 1993 , 4230 , 4112 , 4114 , 4230 , 2301 , 4327 , 4549 , 4386 , 4404 , 4326 , 4330 , 4469 , 4468 , 4461 , 4469 , 
RegressionTest0::test18 , 406 , 334 , 334 , 330 , 334 , 339 , 328 , 502 , 405 , 401 , 382 , 613 , 5014 , 7007 , 1079 , 1968 , 498 , 4257 , 0 , 345 , 621 , 761 , 701 , 749 , 726 , 363 , 4459 , 280 , 405 , 371 , 281 , 4036 , 368 , 355 , 331 , 363 , 368 , 363 , 341 , 337 , 335 , 340 , 
RegressionTest0::test19 , 650 , 354 , 407 , 405 , 407 , 408 , 405 , 380 , 347 , 346 , 380 , 421 , 4808 , 6776 , 968 , 1768 , 375 , 4024 , 345 , 0 , 528 , 519 , 462 , 500 , 523 , 218 , 4261 , 236 , 351 , 345 , 236 , 3856 , 443 , 565 , 457 , 526 , 449 , 476 , 511 , 514 , 510 , 514 , 
RegressionTest0::test20 , 853 , 607 , 620 , 621 , 619 , 621 , 621 , 593 , 585 , 582 , 592 , 634 , 4700 , 6745 , 1036 , 1854 , 588 , 3946 , 621 , 528 , 0 , 679 , 653 , 684 , 710 , 561 , 4193 , 550 , 583 , 583 , 552 , 3757 , 693 , 784 , 715 , 725 , 705 , 714 , 748 , 740 , 741 , 740 , 
RegressionTest0::test21 , 1027 , 576 , 675 , 677 , 675 , 673 , 677 , 579 , 436 , 445 , 664 , 420 , 4548 , 6447 , 975 , 1502 , 559 , 3762 , 761 , 519 , 679 , 0 , 244 , 267 , 303 , 482 , 4035 , 605 , 614 , 519 , 606 , 3630 , 773 , 934 , 794 , 843 , 772 , 795 , 876 , 875 , 872 , 878 , 
RegressionTest0::test22 , 962 , 549 , 603 , 603 , 605 , 599 , 603 , 438 , 503 , 498 , 460 , 346 , 4574 , 6571 , 995 , 1539 , 430 , 3801 , 701 , 462 , 653 , 244 , 0 , 94 , 301 , 448 , 4099 , 541 , 425 , 506 , 541 , 3696 , 715 , 869 , 737 , 777 , 714 , 744 , 813 , 816 , 812 , 816 , 
RegressionTest0::test23 , 1012 , 594 , 635 , 636 , 635 , 633 , 637 , 475 , 526 , 523 , 523 , 360 , 4531 , 6525 , 995 , 1481 , 467 , 3738 , 749 , 500 , 684 , 267 , 94 , 0 , 310 , 477 , 4046 , 591 , 481 , 494 , 589 , 3651 , 751 , 919 , 781 , 824 , 755 , 788 , 859 , 859 , 857 , 863 , 
RegressionTest0::test24 , 981 , 573 , 606 , 606 , 604 , 607 , 606 , 348 , 419 , 428 , 468 , 176 , 4614 , 6546 , 1000 , 1568 , 331 , 3845 , 726 , 523 , 710 , 303 , 301 , 310 , 0 , 432 , 4116 , 583 , 439 , 509 , 582 , 3712 , 740 , 890 , 754 , 792 , 736 , 755 , 832 , 832 , 827 , 826 , 
RegressionTest0::test25 , 583 , 285 , 357 , 355 , 357 , 356 , 353 , 389 , 323 , 320 , 332 , 390 , 4873 , 6835 , 1037 , 1804 , 391 , 4100 , 363 , 218 , 561 , 482 , 448 , 477 , 432 , 0 , 4326 , 198 , 316 , 278 , 199 , 3918 , 402 , 497 , 388 , 468 , 399 , 403 , 444 , 449 , 449 , 448 , 
RegressionTest0::test26 , 4848 , 4428 , 4423 , 4425 , 4422 , 4418 , 4423 , 4327 , 4367 , 4369 , 4417 , 4214 , 2363 , 3294 , 3408 , 2720 , 4322 , 1993 , 4459 , 4261 , 4193 , 4035 , 4099 , 4046 , 4116 , 4326 , 0 , 4453 , 4374 , 4350 , 4455 , 1894 , 4548 , 4766 , 4603 , 4618 , 4547 , 4552 , 4688 , 4685 , 4680 , 4683 , 
RegressionTest0::test27 , 439 , 213 , 314 , 310 , 314 , 315 , 308 , 388 , 294 , 289 , 300 , 461 , 5003 , 6979 , 1127 , 1959 , 390 , 4230 , 280 , 236 , 550 , 605 , 541 , 591 , 583 , 198 , 4453 , 0 , 317 , 268 , 11 , 4038 , 330 , 359 , 303 , 376 , 306 , 339 , 321 , 323 , 326 , 325 , 
RegressionTest0::test28 , 608 , 224 , 278 , 277 , 278 , 277 , 276 , 187 , 278 , 281 , 84 , 313 , 4878 , 6862 , 1123 , 1851 , 176 , 4112 , 405 , 351 , 583 , 614 , 425 , 481 , 439 , 316 , 4374 , 317 , 0 , 209 , 320 , 3961 , 474 , 523 , 469 , 469 , 474 , 466 , 483 , 488 , 486 , 487 , 
RegressionTest0::test29 , 578 , 201 , 351 , 351 , 351 , 355 , 351 , 238 , 115 , 110 , 233 , 383 , 4884 , 6835 , 1077 , 1826 , 238 , 4114 , 371 , 345 , 583 , 519 , 506 , 494 , 509 , 278 , 4350 , 268 , 209 , 0 , 271 , 3939 , 450 , 494 , 443 , 461 , 455 , 448 , 461 , 460 , 461 , 461 , 
RegressionTest0::test30 , 442 , 213 , 315 , 311 , 315 , 316 , 309 , 390 , 296 , 290 , 300 , 456 , 4999 , 6977 , 1127 , 1957 , 391 , 4230 , 281 , 236 , 552 , 606 , 541 , 589 , 582 , 199 , 4455 , 11 , 320 , 271 , 0 , 4035 , 332 , 362 , 299 , 378 , 302 , 334 , 325 , 325 , 321 , 322 , 
RegressionTest0::test31 , 4426 , 4010 , 4013 , 4017 , 4012 , 4006 , 4019 , 3912 , 3948 , 3950 , 4000 , 3800 , 2787 , 3797 , 2960 , 2473 , 3905 , 2301 , 4036 , 3856 , 3757 , 3630 , 3696 , 3651 , 3712 , 3918 , 1894 , 4038 , 3961 , 3939 , 4035 , 0 , 4126 , 4341 , 4182 , 4198 , 4120 , 4136 , 4263 , 4259 , 4255 , 4263 , 
OpenMapRealMatrix_ESTest::test0 , 413 , 398 , 425 , 419 , 425 , 429 , 417 , 544 , 457 , 451 , 438 , 632 , 5092 , 7055 , 1260 , 2067 , 542 , 4327 , 368 , 443 , 693 , 773 , 715 , 751 , 740 , 402 , 4548 , 330 , 474 , 450 , 332 , 4126 , 0 , 315 , 107 , 298 , 102 , 191 , 235 , 219 , 217 , 224 , 
OpenMapRealMatrix_ESTest::test1 , 116 , 430 , 455 , 450 , 455 , 462 , 450 , 618 , 515 , 509 , 466 , 765 , 5310 , 7298 , 1403 , 2265 , 616 , 4549 , 355 , 565 , 784 , 934 , 869 , 919 , 890 , 497 , 4766 , 359 , 523 , 494 , 362 , 4341 , 315 , 0 , 229 , 266 , 318 , 312 , 136 , 135 , 138 , 135 , 
OpenMapRealMatrix_ESTest::test2 , 326 , 374 , 418 , 413 , 419 , 426 , 411 , 551 , 451 , 446 , 428 , 649 , 5148 , 7121 , 1285 , 2105 , 548 , 4386 , 331 , 457 , 715 , 794 , 737 , 781 , 754 , 388 , 4603 , 303 , 469 , 443 , 299 , 4182 , 107 , 229 , 0 , 266 , 120 , 208 , 158 , 143 , 145 , 154 , 
OpenMapRealMatrix_ESTest::test3 , 351 , 417 , 410 , 404 , 411 , 417 , 404 , 546 , 477 , 472 , 426 , 671 , 5148 , 7135 , 1311 , 2136 , 544 , 4404 , 363 , 526 , 725 , 843 , 777 , 824 , 792 , 468 , 4618 , 376 , 469 , 461 , 378 , 4198 , 298 , 266 , 266 , 0 , 298 , 297 , 256 , 255 , 253 , 255 , 
OpenMapRealMatrix_ESTest::test4 , 412 , 387 , 422 , 416 , 421 , 425 , 414 , 547 , 459 , 454 , 437 , 636 , 5088 , 7052 , 1256 , 2067 , 546 , 4326 , 368 , 449 , 705 , 772 , 714 , 755 , 736 , 399 , 4547 , 306 , 474 , 455 , 302 , 4120 , 102 , 318 , 120 , 298 , 0 , 171 , 227 , 210 , 215 , 222 , 
OpenMapRealMatrix_ESTest::test5 , 407 , 396 , 442 , 439 , 442 , 446 , 438 , 550 , 460 , 456 , 448 , 646 , 5097 , 7059 , 1264 , 2081 , 549 , 4330 , 363 , 476 , 714 , 795 , 744 , 788 , 755 , 403 , 4552 , 339 , 466 , 448 , 334 , 4136 , 191 , 312 , 208 , 297 , 171 , 0 , 219 , 224 , 230 , 226 , 
OpenMapRealMatrix_ESTest::test6 , 228 , 404 , 446 , 439 , 446 , 452 , 439 , 579 , 479 , 472 , 436 , 713 , 5232 , 7207 , 1345 , 2195 , 577 , 4469 , 341 , 511 , 748 , 876 , 813 , 859 , 832 , 444 , 4688 , 321 , 483 , 461 , 325 , 4263 , 235 , 136 , 158 , 256 , 227 , 219 , 0 , 80 , 93 , 99 , 
OpenMapRealMatrix_ESTest::test7 , 222 , 408 , 442 , 437 , 442 , 445 , 436 , 574 , 477 , 469 , 432 , 713 , 5230 , 7210 , 1341 , 2194 , 575 , 4468 , 337 , 514 , 740 , 875 , 816 , 859 , 832 , 449 , 4685 , 323 , 488 , 460 , 325 , 4259 , 219 , 135 , 143 , 255 , 210 , 224 , 80 , 0 , 45 , 32 , 
OpenMapRealMatrix_ESTest::test8 , 226 , 406 , 442 , 437 , 442 , 446 , 435 , 567 , 474 , 469 , 435 , 707 , 5228 , 7206 , 1332 , 2186 , 565 , 4461 , 335 , 510 , 741 , 872 , 812 , 857 , 827 , 449 , 4680 , 326 , 486 , 461 , 321 , 4255 , 217 , 138 , 145 , 253 , 215 , 230 , 93 , 45 , 0 , 30 , 
OpenMapRealMatrix_ESTest::test9 , 218 , 407 , 441 , 436 , 441 , 444 , 434 , 570 , 476 , 469 , 438 , 710 , 5231 , 7211 , 1341 , 2189 , 568 , 4469 , 340 , 514 , 740 , 878 , 816 , 863 , 826 , 448 , 4683 , 325 , 487 , 461 , 322 , 4263 , 224 , 135 , 154 , 255 , 222 , 226 , 99 , 32 , 30 , 0 , 
