: , SimplexSolver_ESTest::test0 , SimplexSolver_ESTest::test1 , SimplexSolverTest::testMath828 , SimplexSolverTest::testMath828Cycle , SimplexSolverTest::testMath781 , SimplexSolverTest::testMath713NegativeVariable , SimplexSolverTest::testMath434NegativeVariable , SimplexSolverTest::testMath434UnfeasibleSolution , SimplexSolverTest::testMath434PivotRowSelection , SimplexSolverTest::testMath434PivotRowSelection2 , SimplexSolverTest::testMath272 , SimplexSolverTest::testMath286 , SimplexSolverTest::testDegeneracy , SimplexSolverTest::testMath288 , SimplexSolverTest::testMath290GEQ , SimplexSolverTest::testMath290LEQ , SimplexSolverTest::testMath293 , SimplexSolverTest::testSimplexSolver , SimplexSolverTest::testSingleVariableAndConstraint , SimplexSolverTest::testModelWithNoArtificialVars , SimplexSolverTest::testMinimization , SimplexSolverTest::testSolutionWithNegativeDecisionVariable , SimplexSolverTest::testInfeasibleSolution , SimplexSolverTest::testUnboundedSolution , SimplexSolverTest::testRestrictVariablesToNonNegative , SimplexSolverTest::testEpsilon , SimplexSolverTest::testTrivialModel , SimplexSolverTest::testLargeModel , RegressionTest0::test01 , RegressionTest0::test02 , RegressionTest0::test03 , RegressionTest0::test04 , RegressionTest0::test05 , RegressionTest0::test06 , RegressionTest0::test07 , RegressionTest0::test08 , RegressionTest0::test09 , RegressionTest0::test10 , RegressionTest0::test11 , RegressionTest0::test12 , RegressionTest0::test13 , RegressionTest0::test14 , RegressionTest0::test15 , RegressionTest0::test16 , RegressionTest0::test17 , RegressionTest0::test18 , RegressionTest0::test19 , RegressionTest0::test20 , RegressionTest0::test21 , RegressionTest0::test22 , RegressionTest0::test23 , RegressionTest0::test24 , RegressionTest0::test25 , RegressionTest0::test26 , RegressionTest0::test27 , RegressionTest0::test28 , RegressionTest0::test29 , RegressionTest0::test30 , RegressionTest0::test31 , RegressionTest0::test32 , RegressionTest0::test33 , RegressionTest0::test34 , 
SimplexSolver_ESTest::test0 , 0 , 235 , 1481 , 2256 , 665 , 490 , 539 , 465 , 519 , 1426 , 610 , 992 , 516 , 635 , 484 , 458 , 1926 , 557 , 461 , 560 , 559 , 523 , 453 , 450 , 1023 , 593 , 453 , 8750 , 499 , 500 , 731 , 536 , 499 , 628 , 557 , 678 , 629 , 520 , 509 , 497 , 495 , 527 , 494 , 494 , 554 , 532 , 491 , 523 , 501 , 541 , 503 , 503 , 668 , 590 , 610 , 521 , 574 , 567 , 533 , 530 , 511 , 496 , 
SimplexSolver_ESTest::test1 , 235 , 0 , 1492 , 2267 , 674 , 439 , 520 , 418 , 468 , 1450 , 590 , 1015 , 440 , 592 , 418 , 326 , 1954 , 514 , 378 , 517 , 519 , 470 , 359 , 318 , 1039 , 579 , 339 , 8849 , 391 , 370 , 756 , 545 , 388 , 639 , 507 , 712 , 615 , 453 , 362 , 371 , 360 , 488 , 370 , 354 , 502 , 476 , 367 , 463 , 378 , 477 , 414 , 366 , 655 , 584 , 588 , 462 , 530 , 539 , 491 , 477 , 367 , 383 , 
SimplexSolverTest::testMath828 , 1481 , 1492 , 0 , 880 , 1144 , 1344 , 1221 , 1324 , 1276 , 893 , 1154 , 972 , 1187 , 991 , 1338 , 1420 , 1427 , 1197 , 1357 , 1204 , 1192 , 1289 , 1362 , 1434 , 1011 , 1159 , 1356 , 8198 , 1525 , 1525 , 1431 , 1487 , 1528 , 1474 , 1486 , 1456 , 1466 , 1494 , 1571 , 1547 , 1544 , 1492 , 1598 , 1533 , 1487 , 1487 , 1594 , 1474 , 1530 , 1487 , 1516 , 1539 , 1444 , 1468 , 1463 , 1492 , 1464 , 1468 , 1481 , 1494 , 1589 , 1533 , 
SimplexSolverTest::testMath828Cycle , 2256 , 2267 , 880 , 0 , 1913 , 2112 , 1990 , 2091 , 2042 , 1457 , 1927 , 1706 , 1959 , 1764 , 2108 , 2190 , 1669 , 1965 , 2127 , 1971 , 1963 , 2055 , 2132 , 2203 , 1711 , 1933 , 2127 , 8011 , 2298 , 2298 , 2190 , 2261 , 2303 , 2242 , 2259 , 2222 , 2235 , 2266 , 2344 , 2322 , 2317 , 2264 , 2374 , 2308 , 2259 , 2258 , 2369 , 2247 , 2302 , 2258 , 2289 , 2314 , 2207 , 2236 , 2234 , 2265 , 2230 , 2238 , 2253 , 2264 , 2364 , 2307 , 
SimplexSolverTest::testMath781 , 665 , 674 , 1144 , 1913 , 0 , 355 , 261 , 494 , 344 , 986 , 181 , 537 , 333 , 370 , 407 , 550 , 1488 , 233 , 447 , 239 , 232 , 329 , 486 , 561 , 573 , 185 , 483 , 8539 , 677 , 700 , 855 , 708 , 676 , 724 , 681 , 762 , 694 , 676 , 718 , 697 , 709 , 697 , 738 , 695 , 680 , 669 , 735 , 673 , 701 , 665 , 675 , 703 , 750 , 717 , 682 , 671 , 685 , 670 , 665 , 671 , 731 , 688 , 
SimplexSolverTest::testMath713NegativeVariable , 490 , 439 , 1344 , 2112 , 355 , 0 , 223 , 309 , 179 , 1201 , 353 , 770 , 322 , 481 , 177 , 258 , 1764 , 298 , 161 , 298 , 299 , 222 , 296 , 257 , 792 , 349 , 192 , 8753 , 430 , 447 , 833 , 556 , 428 , 641 , 515 , 711 , 609 , 477 , 450 , 437 , 450 , 517 , 461 , 446 , 513 , 484 , 458 , 507 , 448 , 512 , 445 , 445 , 706 , 599 , 585 , 474 , 575 , 549 , 517 , 494 , 457 , 445 , 
SimplexSolverTest::testMath434NegativeVariable , 539 , 520 , 1221 , 1990 , 261 , 223 , 0 , 306 , 170 , 1059 , 192 , 640 , 281 , 388 , 225 , 376 , 1632 , 179 , 259 , 178 , 176 , 131 , 307 , 379 , 653 , 191 , 307 , 8655 , 546 , 554 , 818 , 597 , 544 , 657 , 575 , 722 , 626 , 548 , 569 , 554 , 560 , 575 , 578 , 552 , 570 , 549 , 577 , 554 , 559 , 553 , 544 , 559 , 714 , 616 , 608 , 557 , 592 , 583 , 566 , 559 , 572 , 546 , 
SimplexSolverTest::testMath434UnfeasibleSolution , 465 , 418 , 1324 , 2091 , 494 , 309 , 306 , 0 , 272 , 1281 , 414 , 859 , 263 , 429 , 315 , 226 , 1815 , 341 , 291 , 339 , 340 , 272 , 153 , 228 , 867 , 396 , 263 , 8754 , 456 , 444 , 853 , 569 , 452 , 664 , 537 , 715 , 631 , 499 , 450 , 436 , 434 , 520 , 445 , 441 , 531 , 507 , 443 , 519 , 445 , 532 , 462 , 443 , 718 , 597 , 607 , 498 , 578 , 580 , 527 , 523 , 449 , 447 , 
SimplexSolverTest::testMath434PivotRowSelection , 519 , 468 , 1276 , 2042 , 344 , 179 , 170 , 272 , 0 , 1123 , 287 , 724 , 259 , 416 , 243 , 316 , 1710 , 233 , 203 , 232 , 228 , 170 , 241 , 317 , 734 , 279 , 246 , 8703 , 499 , 505 , 821 , 574 , 498 , 651 , 543 , 720 , 630 , 528 , 513 , 500 , 518 , 545 , 525 , 497 , 539 , 520 , 523 , 525 , 509 , 539 , 501 , 511 , 713 , 620 , 608 , 518 , 576 , 576 , 535 , 539 , 520 , 496 , 
SimplexSolverTest::testMath434PivotRowSelection2 , 1426 , 1450 , 893 , 1457 , 986 , 1201 , 1059 , 1281 , 1123 , 0 , 1010 , 856 , 1155 , 959 , 1242 , 1393 , 1324 , 1069 , 1282 , 1067 , 1064 , 1155 , 1321 , 1393 , 881 , 1006 , 1325 , 8117 , 1483 , 1490 , 1373 , 1434 , 1481 , 1411 , 1441 , 1399 , 1416 , 1447 , 1546 , 1506 , 1511 , 1440 , 1566 , 1506 , 1442 , 1437 , 1562 , 1417 , 1499 , 1421 , 1468 , 1509 , 1376 , 1414 , 1421 , 1447 , 1402 , 1420 , 1429 , 1438 , 1557 , 1485 , 
SimplexSolverTest::testMath272 , 610 , 590 , 1154 , 1927 , 181 , 353 , 192 , 414 , 287 , 1010 , 0 , 511 , 218 , 299 , 258 , 445 , 1501 , 124 , 343 , 131 , 117 , 219 , 386 , 461 , 518 , 62 , 372 , 8586 , 610 , 618 , 842 , 644 , 610 , 684 , 627 , 748 , 664 , 608 , 642 , 615 , 635 , 644 , 656 , 622 , 622 , 614 , 653 , 613 , 621 , 611 , 606 , 629 , 718 , 667 , 663 , 619 , 636 , 640 , 630 , 616 , 648 , 613 , 
SimplexSolverTest::testMath286 , 992 , 1015 , 972 , 1706 , 537 , 770 , 640 , 859 , 724 , 856 , 511 , 0 , 667 , 477 , 726 , 919 , 1108 , 593 , 815 , 599 , 592 , 693 , 859 , 932 , 392 , 540 , 847 , 8332 , 1024 , 1039 , 1011 , 992 , 1025 , 977 , 982 , 993 , 971 , 995 , 1088 , 1049 , 1067 , 1019 , 1112 , 1060 , 985 , 994 , 1108 , 989 , 1047 , 988 , 1012 , 1050 , 977 , 1001 , 983 , 991 , 980 , 969 , 989 , 992 , 1099 , 1045 , 
SimplexSolverTest::testDegeneracy , 516 , 440 , 1187 , 1959 , 333 , 322 , 281 , 263 , 259 , 1155 , 218 , 667 , 0 , 226 , 270 , 273 , 1673 , 154 , 269 , 161 , 151 , 247 , 205 , 279 , 694 , 215 , 195 , 8689 , 492 , 484 , 842 , 572 , 490 , 661 , 544 , 720 , 636 , 512 , 494 , 475 , 481 , 533 , 497 , 472 , 538 , 529 , 493 , 531 , 485 , 544 , 490 , 487 , 719 , 614 , 608 , 521 , 583 , 582 , 538 , 534 , 493 , 490 , 
SimplexSolverTest::testMath288 , 635 , 592 , 991 , 1764 , 370 , 481 , 388 , 429 , 416 , 959 , 299 , 477 , 226 , 0 , 423 , 466 , 1479 , 308 , 455 , 313 , 305 , 385 , 408 , 481 , 516 , 300 , 395 , 8516 , 649 , 651 , 852 , 671 , 651 , 709 , 645 , 762 , 683 , 645 , 678 , 653 , 657 , 659 , 685 , 642 , 641 , 660 , 681 , 650 , 656 , 660 , 649 , 661 , 753 , 679 , 680 , 642 , 667 , 663 , 653 , 654 , 681 , 657 , 
SimplexSolverTest::testMath290GEQ , 484 , 418 , 1338 , 2108 , 407 , 177 , 225 , 315 , 243 , 1242 , 258 , 726 , 270 , 423 , 0 , 196 , 1731 , 230 , 119 , 238 , 227 , 170 , 258 , 223 , 751 , 279 , 136 , 8763 , 428 , 437 , 838 , 560 , 428 , 645 , 514 , 724 , 605 , 477 , 431 , 421 , 423 , 517 , 440 , 424 , 508 , 490 , 436 , 494 , 438 , 512 , 440 , 427 , 707 , 605 , 574 , 471 , 558 , 540 , 501 , 495 , 434 , 433 , 
SimplexSolverTest::testMath290LEQ , 458 , 326 , 1420 , 2190 , 550 , 258 , 376 , 226 , 316 , 1393 , 445 , 919 , 273 , 466 , 196 , 0 , 1922 , 371 , 173 , 379 , 368 , 313 , 108 , 33 , 942 , 437 , 102 , 8916 , 373 , 341 , 895 , 575 , 366 , 683 , 530 , 747 , 653 , 469 , 291 , 312 , 299 , 507 , 283 , 313 , 523 , 482 , 279 , 501 , 335 , 522 , 404 , 311 , 745 , 611 , 616 , 471 , 580 , 580 , 519 , 500 , 284 , 352 , 
SimplexSolverTest::testMath293 , 1926 , 1954 , 1427 , 1669 , 1488 , 1764 , 1632 , 1815 , 1710 , 1324 , 1501 , 1108 , 1673 , 1479 , 1731 , 1922 , 0 , 1595 , 1816 , 1602 , 1589 , 1691 , 1863 , 1936 , 1305 , 1522 , 1851 , 7823 , 1978 , 1997 , 1830 , 1912 , 1981 , 1881 , 1919 , 1854 , 1884 , 1939 , 2069 , 2013 , 2028 , 1926 , 2099 , 2020 , 1922 , 1937 , 2095 , 1928 , 2005 , 1910 , 1961 , 2021 , 1844 , 1893 , 1896 , 1938 , 1899 , 1897 , 1909 , 1930 , 2085 , 1995 , 
SimplexSolverTest::testSimplexSolver , 557 , 514 , 1197 , 1965 , 233 , 298 , 179 , 341 , 233 , 1069 , 124 , 593 , 154 , 308 , 230 , 371 , 1595 , 0 , 252 , 25 , 34 , 124 , 295 , 365 , 599 , 98 , 294 , 8640 , 552 , 552 , 818 , 584 , 552 , 658 , 587 , 727 , 644 , 558 , 569 , 546 , 565 , 584 , 580 , 545 , 583 , 565 , 577 , 567 , 556 , 574 , 551 , 559 , 702 , 630 , 631 , 566 , 599 , 602 , 568 , 567 , 575 , 550 , 
SimplexSolverTest::testSingleVariableAndConstraint , 461 , 378 , 1357 , 2127 , 447 , 161 , 259 , 291 , 203 , 1282 , 343 , 815 , 269 , 455 , 119 , 173 , 1816 , 252 , 0 , 254 , 255 , 173 , 205 , 166 , 804 , 322 , 97 , 8806 , 402 , 399 , 837 , 553 , 400 , 642 , 510 , 720 , 614 , 463 , 385 , 381 , 395 , 506 , 392 , 375 , 507 , 475 , 389 , 481 , 397 , 499 , 416 , 394 , 703 , 596 , 585 , 452 , 552 , 546 , 500 , 487 , 387 , 392 , 
SimplexSolverTest::testModelWithNoArtificialVars , 560 , 517 , 1204 , 1971 , 239 , 298 , 178 , 339 , 232 , 1067 , 131 , 599 , 161 , 313 , 238 , 379 , 1602 , 25 , 254 , 0 , 41 , 116 , 301 , 373 , 599 , 108 , 302 , 8636 , 564 , 564 , 818 , 589 , 564 , 663 , 592 , 732 , 649 , 565 , 583 , 558 , 577 , 589 , 594 , 557 , 588 , 572 , 591 , 573 , 567 , 581 , 562 , 571 , 706 , 634 , 636 , 577 , 604 , 607 , 573 , 574 , 588 , 562 , 
SimplexSolverTest::testMinimization , 559 , 519 , 1192 , 1963 , 232 , 299 , 176 , 340 , 228 , 1064 , 117 , 592 , 151 , 305 , 227 , 368 , 1589 , 34 , 255 , 41 , 0 , 123 , 299 , 373 , 599 , 101 , 298 , 8639 , 554 , 554 , 819 , 587 , 555 , 661 , 590 , 729 , 645 , 561 , 573 , 550 , 567 , 588 , 583 , 547 , 586 , 567 , 580 , 571 , 558 , 577 , 553 , 561 , 703 , 632 , 634 , 569 , 600 , 605 , 572 , 570 , 578 , 553 , 
SimplexSolverTest::testSolutionWithNegativeDecisionVariable , 523 , 470 , 1289 , 2055 , 329 , 222 , 131 , 272 , 170 , 1155 , 219 , 693 , 247 , 385 , 170 , 313 , 1691 , 124 , 173 , 116 , 123 , 0 , 232 , 306 , 680 , 197 , 233 , 8689 , 507 , 504 , 818 , 579 , 507 , 651 , 552 , 717 , 633 , 525 , 519 , 501 , 517 , 552 , 530 , 499 , 549 , 527 , 527 , 534 , 506 , 538 , 507 , 513 , 698 , 617 , 602 , 528 , 588 , 575 , 547 , 532 , 525 , 503 , 
SimplexSolverTest::testInfeasibleSolution , 453 , 359 , 1362 , 2132 , 486 , 296 , 307 , 153 , 241 , 1321 , 386 , 859 , 205 , 408 , 258 , 108 , 1863 , 295 , 205 , 301 , 299 , 232 , 0 , 92 , 860 , 366 , 175 , 8853 , 392 , 374 , 876 , 568 , 387 , 670 , 530 , 735 , 639 , 478 , 347 , 358 , 348 , 510 , 350 , 353 , 523 , 485 , 347 , 504 , 372 , 525 , 417 , 361 , 734 , 606 , 602 , 472 , 578 , 574 , 518 , 498 , 346 , 371 , 
SimplexSolverTest::testUnboundedSolution , 450 , 318 , 1434 , 2203 , 561 , 257 , 379 , 228 , 317 , 1393 , 461 , 932 , 279 , 481 , 223 , 33 , 1936 , 365 , 166 , 373 , 373 , 306 , 92 , 0 , 938 , 440 , 101 , 8913 , 374 , 344 , 891 , 575 , 367 , 681 , 531 , 745 , 650 , 470 , 291 , 310 , 298 , 510 , 288 , 313 , 524 , 479 , 286 , 501 , 335 , 522 , 403 , 311 , 743 , 611 , 611 , 473 , 580 , 578 , 520 , 496 , 290 , 347 , 
SimplexSolverTest::testRestrictVariablesToNonNegative , 1023 , 1039 , 1011 , 1711 , 573 , 792 , 653 , 867 , 734 , 881 , 518 , 392 , 694 , 516 , 751 , 942 , 1305 , 599 , 804 , 599 , 599 , 680 , 860 , 938 , 0 , 534 , 857 , 8301 , 1066 , 1084 , 1034 , 1032 , 1067 , 1025 , 1032 , 1023 , 1021 , 1034 , 1117 , 1083 , 1098 , 1053 , 1131 , 1090 , 1031 , 1037 , 1131 , 1023 , 1079 , 1018 , 1053 , 1091 , 1011 , 1039 , 1027 , 1043 , 1013 , 1019 , 1029 , 1031 , 1126 , 1076 , 
SimplexSolverTest::testEpsilon , 593 , 579 , 1159 , 1933 , 185 , 349 , 191 , 396 , 279 , 1006 , 62 , 540 , 215 , 300 , 279 , 437 , 1522 , 98 , 322 , 108 , 101 , 197 , 366 , 440 , 534 , 0 , 360 , 8592 , 597 , 603 , 828 , 633 , 596 , 680 , 620 , 743 , 664 , 598 , 627 , 603 , 622 , 631 , 641 , 606 , 616 , 601 , 638 , 602 , 609 , 602 , 594 , 617 , 710 , 656 , 660 , 608 , 627 , 641 , 617 , 602 , 633 , 598 , 
SimplexSolverTest::testTrivialModel , 453 , 339 , 1356 , 2127 , 483 , 192 , 307 , 263 , 246 , 1325 , 372 , 847 , 195 , 395 , 136 , 102 , 1851 , 294 , 97 , 302 , 298 , 233 , 175 , 101 , 857 , 360 , 0 , 8839 , 376 , 361 , 854 , 551 , 372 , 654 , 513 , 720 , 625 , 455 , 340 , 338 , 345 , 503 , 337 , 342 , 507 , 464 , 332 , 487 , 362 , 509 , 389 , 351 , 721 , 599 , 593 , 453 , 564 , 558 , 504 , 482 , 335 , 367 , 
SimplexSolverTest::testLargeModel , 8750 , 8849 , 8198 , 8011 , 8539 , 8753 , 8655 , 8754 , 8703 , 8117 , 8586 , 8332 , 8689 , 8516 , 8763 , 8916 , 7823 , 8640 , 8806 , 8636 , 8639 , 8689 , 8853 , 8913 , 8301 , 8592 , 8839 , 0 , 8841 , 8874 , 8467 , 8689 , 8843 , 8616 , 8718 , 8578 , 8640 , 8769 , 8975 , 8892 , 8924 , 8740 , 9015 , 8906 , 8721 , 8753 , 9017 , 8747 , 8880 , 8709 , 8811 , 8911 , 8527 , 8663 , 8663 , 8763 , 8681 , 8687 , 8714 , 8749 , 8998 , 8861 , 
RegressionTest0::test01 , 499 , 391 , 1525 , 2298 , 677 , 430 , 546 , 456 , 499 , 1483 , 610 , 1024 , 492 , 649 , 428 , 373 , 1978 , 552 , 402 , 564 , 554 , 507 , 392 , 374 , 1066 , 597 , 376 , 8841 , 0 , 125 , 673 , 310 , 9 , 372 , 202 , 507 , 343 , 134 , 205 , 97 , 192 , 314 , 235 , 187 , 199 , 182 , 228 , 239 , 115 , 240 , 48 , 127 , 506 , 419 , 310 , 125 , 327 , 256 , 195 , 180 , 224 , 157 , 
RegressionTest0::test02 , 500 , 370 , 1525 , 2298 , 700 , 447 , 554 , 444 , 505 , 1490 , 618 , 1039 , 484 , 651 , 437 , 341 , 1997 , 552 , 399 , 564 , 554 , 504 , 374 , 344 , 1084 , 603 , 361 , 8874 , 125 , 0 , 703 , 360 , 124 , 460 , 269 , 500 , 414 , 237 , 152 , 78 , 84 , 286 , 194 , 135 , 272 , 192 , 185 , 242 , 74 , 301 , 158 , 58 , 509 , 398 , 394 , 224 , 312 , 341 , 276 , 278 , 176 , 106 , 
RegressionTest0::test03 , 731 , 756 , 1431 , 2190 , 855 , 833 , 818 , 853 , 821 , 1373 , 842 , 1011 , 842 , 852 , 838 , 895 , 1830 , 818 , 837 , 818 , 819 , 818 , 876 , 891 , 1034 , 828 , 854 , 8467 , 673 , 703 , 0 , 407 , 676 , 449 , 569 , 413 , 547 , 600 , 822 , 706 , 776 , 515 , 854 , 735 , 575 , 642 , 849 , 622 , 725 , 545 , 646 , 749 , 507 , 442 , 613 , 624 , 571 , 606 , 591 , 615 , 840 , 732 , 
RegressionTest0::test04 , 536 , 545 , 1487 , 2261 , 708 , 556 , 597 , 569 , 574 , 1434 , 644 , 992 , 572 , 671 , 560 , 575 , 1912 , 584 , 553 , 589 , 587 , 579 , 568 , 575 , 1032 , 633 , 551 , 8689 , 310 , 360 , 407 , 0 , 307 , 134 , 293 , 213 , 361 , 252 , 449 , 338 , 420 , 126 , 482 , 380 , 294 , 348 , 475 , 329 , 360 , 308 , 297 , 375 , 457 , 155 , 359 , 295 , 398 , 338 , 333 , 277 , 469 , 369 , 
RegressionTest0::test05 , 499 , 388 , 1528 , 2303 , 676 , 428 , 544 , 452 , 498 , 1481 , 610 , 1025 , 490 , 651 , 428 , 366 , 1981 , 552 , 400 , 564 , 555 , 507 , 387 , 367 , 1067 , 596 , 372 , 8843 , 9 , 124 , 676 , 307 , 0 , 379 , 209 , 506 , 350 , 141 , 200 , 90 , 185 , 313 , 226 , 182 , 206 , 178 , 221 , 232 , 112 , 247 , 55 , 120 , 499 , 419 , 303 , 132 , 334 , 259 , 190 , 187 , 218 , 152 , 
RegressionTest0::test06 , 628 , 639 , 1474 , 2242 , 724 , 641 , 657 , 664 , 651 , 1411 , 684 , 977 , 661 , 709 , 645 , 683 , 1881 , 658 , 642 , 663 , 661 , 651 , 670 , 681 , 1025 , 680 , 654 , 8616 , 372 , 460 , 449 , 134 , 379 , 0 , 331 , 200 , 336 , 340 , 568 , 452 , 530 , 234 , 603 , 491 , 328 , 387 , 595 , 373 , 465 , 353 , 337 , 495 , 457 , 205 , 342 , 317 , 399 , 339 , 295 , 369 , 589 , 477 , 
RegressionTest0::test07 , 557 , 507 , 1486 , 2259 , 681 , 515 , 575 , 537 , 543 , 1441 , 627 , 982 , 544 , 645 , 514 , 530 , 1919 , 587 , 510 , 592 , 590 , 552 , 530 , 531 , 1032 , 620 , 513 , 8718 , 202 , 269 , 569 , 293 , 209 , 331 , 0 , 460 , 158 , 139 , 396 , 278 , 346 , 362 , 429 , 352 , 9 , 182 , 421 , 276 , 295 , 253 , 193 , 318 , 444 , 425 , 155 , 102 , 308 , 190 , 188 , 182 , 416 , 248 , 
RegressionTest0::test08 , 678 , 712 , 1456 , 2222 , 762 , 711 , 722 , 715 , 720 , 1399 , 748 , 993 , 720 , 762 , 724 , 747 , 1854 , 727 , 720 , 732 , 729 , 717 , 735 , 745 , 1023 , 743 , 720 , 8578 , 507 , 500 , 413 , 213 , 506 , 200 , 460 , 0 , 478 , 428 , 643 , 542 , 570 , 300 , 680 , 546 , 460 , 415 , 675 , 358 , 535 , 451 , 478 , 550 , 448 , 175 , 464 , 453 , 370 , 386 , 410 , 434 , 666 , 543 , 
RegressionTest0::test09 , 629 , 615 , 1466 , 2235 , 694 , 609 , 626 , 631 , 630 , 1416 , 664 , 971 , 636 , 683 , 605 , 653 , 1884 , 644 , 614 , 649 , 645 , 633 , 639 , 650 , 1021 , 664 , 625 , 8640 , 343 , 414 , 547 , 361 , 350 , 336 , 158 , 478 , 0 , 268 , 536 , 417 , 485 , 446 , 567 , 483 , 153 , 266 , 559 , 363 , 436 , 340 , 324 , 457 , 447 , 471 , 133 , 249 , 364 , 230 , 289 , 246 , 554 , 388 , 
RegressionTest0::test10 , 520 , 453 , 1494 , 2266 , 676 , 477 , 548 , 499 , 528 , 1447 , 608 , 995 , 512 , 645 , 477 , 469 , 1939 , 558 , 463 , 565 , 561 , 525 , 478 , 470 , 1034 , 598 , 455 , 8769 , 134 , 237 , 600 , 252 , 141 , 340 , 139 , 428 , 268 , 0 , 328 , 213 , 302 , 304 , 358 , 233 , 132 , 200 , 352 , 155 , 233 , 187 , 129 , 248 , 413 , 375 , 258 , 116 , 245 , 225 , 198 , 57 , 348 , 253 , 
RegressionTest0::test11 , 509 , 362 , 1571 , 2344 , 718 , 450 , 569 , 450 , 513 , 1546 , 642 , 1088 , 494 , 678 , 431 , 291 , 2069 , 569 , 385 , 583 , 573 , 519 , 347 , 291 , 1117 , 627 , 340 , 8975 , 205 , 152 , 822 , 449 , 200 , 568 , 396 , 643 , 536 , 328 , 0 , 132 , 79 , 359 , 62 , 119 , 390 , 332 , 64 , 357 , 125 , 393 , 247 , 108 , 639 , 485 , 493 , 321 , 456 , 448 , 380 , 362 , 50 , 172 , 
RegressionTest0::test12 , 497 , 371 , 1547 , 2322 , 697 , 437 , 554 , 436 , 500 , 1506 , 615 , 1049 , 475 , 653 , 421 , 312 , 2013 , 546 , 381 , 558 , 550 , 501 , 358 , 310 , 1083 , 603 , 338 , 8892 , 97 , 78 , 706 , 338 , 90 , 452 , 278 , 542 , 417 , 213 , 132 , 0 , 103 , 320 , 156 , 134 , 269 , 237 , 149 , 262 , 61 , 281 , 125 , 65 , 537 , 428 , 381 , 208 , 364 , 335 , 266 , 254 , 150 , 98 , 
RegressionTest0::test13 , 495 , 360 , 1544 , 2317 , 709 , 450 , 560 , 434 , 518 , 1511 , 635 , 1067 , 481 , 657 , 423 , 299 , 2028 , 565 , 395 , 577 , 567 , 517 , 348 , 298 , 1098 , 622 , 345 , 8924 , 192 , 84 , 776 , 420 , 185 , 530 , 346 , 570 , 485 , 302 , 79 , 103 , 0 , 310 , 122 , 115 , 339 , 260 , 119 , 303 , 121 , 362 , 212 , 85 , 577 , 427 , 460 , 292 , 381 , 413 , 348 , 341 , 104 , 147 , 
RegressionTest0::test14 , 527 , 488 , 1492 , 2264 , 697 , 517 , 575 , 520 , 545 , 1440 , 644 , 1019 , 533 , 659 , 517 , 507 , 1926 , 584 , 506 , 589 , 588 , 552 , 510 , 510 , 1053 , 631 , 503 , 8740 , 314 , 286 , 515 , 126 , 313 , 234 , 362 , 300 , 446 , 304 , 359 , 320 , 310 , 0 , 397 , 294 , 356 , 284 , 393 , 295 , 305 , 319 , 310 , 301 , 466 , 133 , 431 , 334 , 373 , 399 , 338 , 323 , 383 , 301 , 
RegressionTest0::test15 , 494 , 370 , 1598 , 2374 , 738 , 461 , 578 , 445 , 525 , 1566 , 656 , 1112 , 497 , 685 , 440 , 283 , 2099 , 580 , 392 , 594 , 583 , 530 , 350 , 288 , 1131 , 641 , 337 , 9015 , 235 , 194 , 854 , 482 , 226 , 603 , 429 , 680 , 567 , 358 , 62 , 156 , 122 , 397 , 0 , 147 , 420 , 372 , 21 , 395 , 186 , 426 , 279 , 144 , 674 , 525 , 524 , 354 , 496 , 481 , 413 , 392 , 35 , 206 , 
RegressionTest0::test16 , 494 , 354 , 1533 , 2308 , 695 , 446 , 552 , 441 , 497 , 1506 , 622 , 1060 , 472 , 642 , 424 , 313 , 2020 , 545 , 375 , 557 , 547 , 499 , 353 , 313 , 1090 , 606 , 342 , 8906 , 187 , 135 , 735 , 380 , 182 , 491 , 352 , 546 , 483 , 233 , 119 , 134 , 115 , 294 , 147 , 0 , 343 , 291 , 146 , 259 , 145 , 293 , 221 , 128 , 556 , 396 , 446 , 288 , 357 , 349 , 303 , 267 , 140 , 153 , 
RegressionTest0::test17 , 554 , 502 , 1487 , 2259 , 680 , 513 , 570 , 531 , 539 , 1442 , 622 , 985 , 538 , 641 , 508 , 523 , 1922 , 583 , 507 , 588 , 586 , 549 , 523 , 524 , 1031 , 616 , 507 , 8721 , 199 , 272 , 575 , 294 , 206 , 328 , 9 , 460 , 153 , 132 , 390 , 269 , 339 , 356 , 420 , 343 , 0 , 179 , 413 , 269 , 296 , 246 , 190 , 312 , 437 , 418 , 154 , 109 , 305 , 191 , 181 , 181 , 410 , 247 , 
RegressionTest0::test18 , 532 , 476 , 1487 , 2258 , 669 , 484 , 549 , 507 , 520 , 1437 , 614 , 994 , 529 , 660 , 490 , 482 , 1937 , 565 , 475 , 572 , 567 , 527 , 485 , 479 , 1037 , 601 , 464 , 8753 , 182 , 192 , 642 , 348 , 178 , 387 , 182 , 415 , 266 , 200 , 332 , 237 , 260 , 284 , 372 , 291 , 179 , 0 , 365 , 216 , 226 , 269 , 149 , 242 , 425 , 362 , 248 , 172 , 253 , 260 , 224 , 193 , 359 , 186 , 
RegressionTest0::test19 , 491 , 367 , 1594 , 2369 , 735 , 458 , 577 , 443 , 523 , 1562 , 653 , 1108 , 493 , 681 , 436 , 279 , 2095 , 577 , 389 , 591 , 580 , 527 , 347 , 286 , 1131 , 638 , 332 , 9017 , 228 , 185 , 849 , 475 , 221 , 595 , 421 , 675 , 559 , 352 , 64 , 149 , 119 , 393 , 21 , 146 , 413 , 365 , 0 , 391 , 183 , 417 , 271 , 138 , 672 , 522 , 518 , 348 , 488 , 475 , 404 , 385 , 36 , 202 , 
RegressionTest0::test20 , 523 , 463 , 1474 , 2247 , 673 , 507 , 554 , 519 , 525 , 1417 , 613 , 989 , 531 , 650 , 494 , 501 , 1928 , 567 , 481 , 573 , 571 , 534 , 504 , 501 , 1023 , 602 , 487 , 8747 , 239 , 242 , 622 , 329 , 232 , 373 , 276 , 358 , 363 , 155 , 357 , 262 , 303 , 295 , 395 , 259 , 269 , 216 , 391 , 0 , 244 , 128 , 229 , 256 , 331 , 302 , 318 , 227 , 111 , 218 , 221 , 173 , 379 , 274 , 
RegressionTest0::test21 , 501 , 378 , 1530 , 2302 , 701 , 448 , 559 , 445 , 509 , 1499 , 621 , 1047 , 485 , 656 , 438 , 335 , 2005 , 556 , 397 , 567 , 558 , 506 , 372 , 335 , 1079 , 609 , 362 , 8880 , 115 , 74 , 725 , 360 , 112 , 465 , 295 , 535 , 436 , 233 , 125 , 61 , 121 , 305 , 186 , 145 , 296 , 226 , 183 , 244 , 0 , 310 , 140 , 63 , 524 , 416 , 387 , 209 , 347 , 336 , 280 , 275 , 169 , 92 , 
RegressionTest0::test22 , 541 , 477 , 1487 , 2258 , 665 , 512 , 553 , 532 , 539 , 1421 , 611 , 988 , 544 , 660 , 512 , 522 , 1910 , 574 , 499 , 581 , 577 , 538 , 525 , 522 , 1018 , 602 , 509 , 8709 , 240 , 301 , 545 , 308 , 247 , 353 , 253 , 451 , 340 , 187 , 393 , 281 , 362 , 319 , 426 , 293 , 246 , 269 , 417 , 128 , 310 , 0 , 227 , 319 , 300 , 352 , 305 , 229 , 205 , 213 , 161 , 201 , 414 , 317 , 
RegressionTest0::test23 , 503 , 414 , 1516 , 2289 , 675 , 445 , 544 , 462 , 501 , 1468 , 606 , 1012 , 490 , 649 , 440 , 404 , 1961 , 551 , 416 , 562 , 553 , 507 , 417 , 403 , 1053 , 594 , 389 , 8811 , 48 , 158 , 646 , 297 , 55 , 337 , 193 , 478 , 324 , 129 , 247 , 125 , 212 , 310 , 279 , 221 , 190 , 149 , 271 , 229 , 140 , 227 , 0 , 169 , 474 , 407 , 275 , 103 , 294 , 224 , 169 , 167 , 265 , 179 , 
RegressionTest0::test24 , 503 , 366 , 1539 , 2314 , 703 , 445 , 559 , 443 , 511 , 1509 , 629 , 1050 , 487 , 661 , 427 , 311 , 2021 , 559 , 394 , 571 , 561 , 513 , 361 , 311 , 1091 , 617 , 351 , 8911 , 127 , 58 , 749 , 375 , 120 , 495 , 318 , 550 , 457 , 248 , 108 , 65 , 85 , 301 , 144 , 128 , 312 , 242 , 138 , 256 , 63 , 319 , 169 , 0 , 539 , 421 , 417 , 239 , 361 , 368 , 305 , 293 , 127 , 108 , 
RegressionTest0::test25 , 668 , 655 , 1444 , 2207 , 750 , 706 , 714 , 718 , 713 , 1376 , 718 , 977 , 719 , 753 , 707 , 745 , 1844 , 702 , 703 , 706 , 703 , 698 , 734 , 743 , 1011 , 710 , 721 , 8527 , 506 , 509 , 507 , 457 , 499 , 457 , 444 , 448 , 447 , 413 , 639 , 537 , 577 , 466 , 674 , 556 , 437 , 425 , 672 , 331 , 524 , 300 , 474 , 539 , 0 , 413 , 448 , 457 , 326 , 388 , 328 , 404 , 662 , 538 , 
RegressionTest0::test26 , 590 , 584 , 1468 , 2236 , 717 , 599 , 616 , 597 , 620 , 1414 , 667 , 1001 , 614 , 679 , 605 , 611 , 1893 , 630 , 596 , 634 , 632 , 617 , 606 , 611 , 1039 , 656 , 599 , 8663 , 419 , 398 , 442 , 155 , 419 , 205 , 425 , 175 , 471 , 375 , 485 , 428 , 427 , 133 , 525 , 396 , 418 , 362 , 522 , 302 , 416 , 352 , 407 , 421 , 413 , 0 , 453 , 409 , 345 , 372 , 352 , 368 , 509 , 411 , 
RegressionTest0::test27 , 610 , 588 , 1463 , 2234 , 682 , 585 , 608 , 607 , 608 , 1421 , 663 , 983 , 608 , 680 , 574 , 616 , 1896 , 631 , 585 , 636 , 634 , 602 , 602 , 611 , 1027 , 660 , 593 , 8663 , 310 , 394 , 613 , 359 , 303 , 342 , 155 , 464 , 133 , 258 , 493 , 381 , 460 , 431 , 524 , 446 , 154 , 248 , 518 , 318 , 387 , 305 , 275 , 417 , 448 , 453 , 0 , 210 , 343 , 173 , 230 , 208 , 512 , 346 , 
RegressionTest0::test28 , 521 , 462 , 1492 , 2265 , 671 , 474 , 557 , 498 , 518 , 1447 , 619 , 991 , 521 , 642 , 471 , 471 , 1938 , 566 , 452 , 577 , 569 , 528 , 472 , 473 , 1043 , 608 , 453 , 8763 , 125 , 224 , 624 , 295 , 132 , 317 , 102 , 453 , 249 , 116 , 321 , 208 , 292 , 334 , 354 , 288 , 109 , 172 , 348 , 227 , 209 , 229 , 103 , 239 , 457 , 409 , 210 , 0 , 284 , 145 , 158 , 163 , 340 , 233 , 
RegressionTest0::test29 , 574 , 530 , 1464 , 2230 , 685 , 575 , 592 , 578 , 576 , 1402 , 636 , 980 , 583 , 667 , 558 , 580 , 1899 , 599 , 552 , 604 , 600 , 588 , 578 , 580 , 1013 , 627 , 564 , 8681 , 327 , 312 , 571 , 398 , 334 , 399 , 308 , 370 , 364 , 245 , 456 , 364 , 381 , 373 , 496 , 357 , 305 , 253 , 488 , 111 , 347 , 205 , 294 , 361 , 326 , 345 , 343 , 284 , 0 , 201 , 270 , 261 , 480 , 363 , 
RegressionTest0::test30 , 567 , 539 , 1468 , 2238 , 670 , 549 , 583 , 580 , 576 , 1420 , 640 , 969 , 582 , 663 , 540 , 580 , 1897 , 602 , 546 , 607 , 605 , 575 , 574 , 578 , 1019 , 641 , 558 , 8687 , 256 , 341 , 606 , 338 , 259 , 339 , 190 , 386 , 230 , 225 , 448 , 335 , 413 , 399 , 481 , 349 , 191 , 260 , 475 , 218 , 336 , 213 , 224 , 368 , 388 , 372 , 173 , 145 , 201 , 0 , 178 , 242 , 466 , 347 , 
RegressionTest0::test31 , 533 , 491 , 1481 , 2253 , 665 , 517 , 566 , 527 , 535 , 1429 , 630 , 989 , 538 , 653 , 501 , 519 , 1909 , 568 , 500 , 573 , 572 , 547 , 518 , 520 , 1029 , 617 , 504 , 8714 , 195 , 276 , 591 , 333 , 190 , 295 , 188 , 410 , 289 , 198 , 380 , 266 , 348 , 338 , 413 , 303 , 181 , 224 , 404 , 221 , 280 , 161 , 169 , 305 , 328 , 352 , 230 , 158 , 270 , 178 , 0 , 219 , 399 , 293 , 
RegressionTest0::test32 , 530 , 477 , 1494 , 2264 , 671 , 494 , 559 , 523 , 539 , 1438 , 616 , 992 , 534 , 654 , 495 , 500 , 1930 , 567 , 487 , 574 , 570 , 532 , 498 , 496 , 1031 , 602 , 482 , 8749 , 180 , 278 , 615 , 277 , 187 , 369 , 182 , 434 , 246 , 57 , 362 , 254 , 341 , 323 , 392 , 267 , 181 , 193 , 385 , 173 , 275 , 201 , 167 , 293 , 404 , 368 , 208 , 163 , 261 , 242 , 219 , 0 , 379 , 232 , 
RegressionTest0::test33 , 511 , 367 , 1589 , 2364 , 731 , 457 , 572 , 449 , 520 , 1557 , 648 , 1099 , 493 , 681 , 434 , 284 , 2085 , 575 , 387 , 588 , 578 , 525 , 346 , 290 , 1126 , 633 , 335 , 8998 , 224 , 176 , 840 , 469 , 218 , 589 , 416 , 666 , 554 , 348 , 50 , 150 , 104 , 383 , 35 , 140 , 410 , 359 , 36 , 379 , 169 , 414 , 265 , 127 , 662 , 509 , 512 , 340 , 480 , 466 , 399 , 379 , 0 , 194 , 
RegressionTest0::test34 , 496 , 383 , 1533 , 2307 , 688 , 445 , 546 , 447 , 496 , 1485 , 613 , 1045 , 490 , 657 , 433 , 352 , 1995 , 550 , 392 , 562 , 553 , 503 , 371 , 347 , 1076 , 598 , 367 , 8861 , 157 , 106 , 732 , 369 , 152 , 477 , 248 , 543 , 388 , 253 , 172 , 98 , 147 , 301 , 206 , 153 , 247 , 186 , 202 , 274 , 92 , 317 , 179 , 108 , 538 , 411 , 346 , 233 , 363 , 347 , 293 , 232 , 194 , 0 , 
