: , SingularValueSolverTest::testSolveDimensionErrors , SingularValueSolverTest::testLeastSquareSolve , SingularValueSolverTest::testSolve , SingularValueSolverTest::testConditionNumber , SingularValueSolverTest::testTruncated , SingularValueSolverTest::testMath320A , SingularValueSolverTest::testMath320B , SingularValueDecompositionImplTest::testMoreRows , SingularValueDecompositionImplTest::testMoreColumns , SingularValueDecompositionImplTest::testDimensions , SingularValueDecompositionImplTest::testHadamard , SingularValueDecompositionImplTest::testAEqualUSVt , SingularValueDecompositionImplTest::testUOrthogonal , SingularValueDecompositionImplTest::testVOrthogonal , SingularValueDecompositionImplTest::testMatricesValues1 , SingularValueDecompositionImplTest::testMatricesValues2 , SingularValueDecompositionImplTest::testConditionNumber , SingularValueDecompositionImpl_ESTest::test00 , SingularValueDecompositionImpl_ESTest::test01 , SingularValueDecompositionImpl_ESTest::test02 , SingularValueDecompositionImpl_ESTest::test03 , SingularValueDecompositionImpl_ESTest::test04 , SingularValueDecompositionImpl_ESTest::test05 , SingularValueDecompositionImpl_ESTest::test06 , SingularValueDecompositionImpl_ESTest::test07 , SingularValueDecompositionImpl_ESTest::test08 , SingularValueDecompositionImpl_ESTest::test09 , SingularValueDecompositionImpl_ESTest::test10 , SingularValueDecompositionImpl_ESTest::test11 , RegressionTest0::test01 , RegressionTest0::test02 , RegressionTest0::test03 , RegressionTest0::test04 , RegressionTest0::test05 , RegressionTest0::test06 , RegressionTest0::test07 , RegressionTest0::test08 , RegressionTest0::test09 , RegressionTest0::test10 , RegressionTest0::test11 , RegressionTest0::test12 , RegressionTest0::test13 , RegressionTest0::test14 , RegressionTest0::test15 , RegressionTest0::test16 , RegressionTest0::test17 , RegressionTest0::test18 , RegressionTest0::test19 , RegressionTest0::test20 , RegressionTest0::test21 , RegressionTest0::test22 , RegressionTest0::test23 , RegressionTest0::test24 , RegressionTest0::test25 , RegressionTest0::test26 , RegressionTest0::test27 , RegressionTest0::test28 , RegressionTest0::test29 , RegressionTest0::test30 , RegressionTest0::test31 , RegressionTest0::test32 , RegressionTest0::test33 , RegressionTest0::test34 , RegressionTest0::test35 , RegressionTest0::test36 , RegressionTest0::test37 , RegressionTest0::test38 , RegressionTest0::test39 , 
SingularValueSolverTest::testSolveDimensionErrors , 0 , 729 , 767 , 719 , 705 , 1177 , 697 , 685 , 685 , 638 , 1165 , 711 , 648 , 648 , 648 , 904 , 725 , 650 , 683 , 684 , 690 , 678 , 684 , 670 , 683 , 694 , 685 , 692 , 685 , 4533 , 4508 , 4513 , 4417 , 4604 , 4514 , 4514 , 4513 , 4742 , 4707 , 4513 , 4428 , 4479 , 8398 , 4514 , 3526 , 4985 , 3423 , 5406 , 3780 , 3661 , 3403 , 4611 , 4701 , 3679 , 3292 , 3363 , 9340 , 3877 , 3614 , 3404 , 4848 , 3110 , 3281 , 3534 , 3278 , 9459 , 3861 , 5941 , 
SingularValueSolverTest::testLeastSquareSolve , 729 , 0 , 772 , 882 , 761 , 1082 , 807 , 817 , 816 , 755 , 1048 , 892 , 837 , 837 , 759 , 828 , 889 , 842 , 832 , 819 , 792 , 814 , 828 , 820 , 816 , 812 , 815 , 842 , 825 , 4474 , 4461 , 4452 , 4358 , 4540 , 4453 , 4453 , 4452 , 4690 , 4642 , 4452 , 4369 , 4420 , 8266 , 4453 , 3360 , 4870 , 3324 , 5313 , 3610 , 3533 , 3237 , 4545 , 4650 , 3493 , 3126 , 3199 , 9196 , 3723 , 3451 , 3238 , 4785 , 2956 , 3117 , 3367 , 3109 , 9312 , 3735 , 5771 , 
SingularValueSolverTest::testSolve , 767 , 772 , 0 , 996 , 823 , 1162 , 917 , 910 , 910 , 832 , 1121 , 991 , 914 , 913 , 722 , 869 , 1003 , 893 , 922 , 913 , 885 , 885 , 911 , 896 , 862 , 901 , 903 , 914 , 908 , 4432 , 4422 , 4412 , 4316 , 4507 , 4413 , 4413 , 4412 , 4658 , 4608 , 4412 , 4326 , 4379 , 8260 , 4413 , 3393 , 4862 , 3333 , 5288 , 3641 , 3558 , 3273 , 4512 , 4615 , 3545 , 3159 , 3237 , 9149 , 3763 , 3484 , 3274 , 4748 , 2992 , 3150 , 3396 , 3150 , 9262 , 3756 , 5779 , 
SingularValueSolverTest::testConditionNumber , 719 , 882 , 996 , 0 , 646 , 1302 , 187 , 394 , 397 , 380 , 1226 , 145 , 200 , 200 , 735 , 956 , 7 , 458 , 286 , 404 , 564 , 505 , 437 , 472 , 512 , 599 , 483 , 623 , 471 , 4913 , 4902 , 4890 , 4791 , 4985 , 4891 , 4891 , 4890 , 5147 , 5091 , 4890 , 4802 , 4856 , 8848 , 4891 , 3847 , 5399 , 3790 , 5805 , 4112 , 4018 , 3718 , 4992 , 5102 , 4024 , 3605 , 3687 , 9798 , 4254 , 3944 , 3719 , 5241 , 3415 , 3593 , 3866 , 3587 , 9915 , 4232 , 6371 , 
SingularValueSolverTest::testTruncated , 705 , 761 , 823 , 646 , 0 , 728 , 514 , 528 , 528 , 558 , 991 , 676 , 616 , 616 , 695 , 825 , 653 , 571 , 591 , 602 , 599 , 612 , 581 , 599 , 587 , 633 , 595 , 653 , 591 , 4565 , 4555 , 4545 , 4449 , 4640 , 4546 , 4546 , 4545 , 4795 , 4741 , 4545 , 4460 , 4511 , 8394 , 4546 , 3468 , 4977 , 3421 , 5443 , 3709 , 3642 , 3349 , 4644 , 4751 , 3649 , 3235 , 3303 , 9362 , 3864 , 3563 , 3350 , 4889 , 3062 , 3228 , 3504 , 3224 , 9475 , 3845 , 5942 , 
SingularValueSolverTest::testMath320A , 1177 , 1082 , 1162 , 1302 , 728 , 0 , 1155 , 1154 , 1158 , 1167 , 1056 , 1329 , 1251 , 1251 , 1136 , 1130 , 1309 , 1174 , 1234 , 1209 , 1161 , 1202 , 1205 , 1187 , 1162 , 1182 , 1187 , 1172 , 1207 , 4353 , 4331 , 4326 , 4235 , 4404 , 4326 , 4326 , 4325 , 4555 , 4501 , 4326 , 4245 , 4293 , 8078 , 4327 , 3277 , 4729 , 3254 , 5178 , 3520 , 3437 , 3165 , 4410 , 4507 , 3443 , 3063 , 3142 , 9042 , 3646 , 3363 , 3165 , 4640 , 2894 , 3049 , 3301 , 3049 , 9153 , 3631 , 5666 , 
SingularValueSolverTest::testMath320B , 697 , 807 , 917 , 187 , 514 , 1155 , 0 , 360 , 364 , 328 , 1111 , 255 , 252 , 253 , 701 , 869 , 194 , 396 , 258 , 387 , 511 , 462 , 407 , 433 , 444 , 558 , 446 , 583 , 440 , 4826 , 4811 , 4804 , 4706 , 4900 , 4805 , 4805 , 4804 , 5057 , 5006 , 4804 , 4717 , 4769 , 8733 , 4805 , 3736 , 5287 , 3682 , 5716 , 4000 , 3907 , 3608 , 4905 , 5012 , 3920 , 3492 , 3577 , 9685 , 4143 , 3833 , 3608 , 5153 , 3308 , 3482 , 3759 , 3479 , 9804 , 4121 , 6258 , 
SingularValueDecompositionImplTest::testMoreRows , 685 , 817 , 910 , 394 , 528 , 1154 , 360 , 0 , 25 , 383 , 1107 , 439 , 389 , 389 , 702 , 855 , 391 , 432 , 358 , 417 , 485 , 478 , 443 , 430 , 487 , 536 , 462 , 548 , 465 , 4693 , 4681 , 4672 , 4573 , 4766 , 4673 , 4673 , 4672 , 4925 , 4872 , 4672 , 4583 , 4637 , 8594 , 4673 , 3635 , 5168 , 3581 , 5571 , 3888 , 3803 , 3507 , 4772 , 4880 , 3807 , 3389 , 3471 , 9531 , 4029 , 3725 , 3508 , 5012 , 3210 , 3380 , 3651 , 3377 , 9647 , 4013 , 6122 , 
SingularValueDecompositionImplTest::testMoreColumns , 685 , 816 , 910 , 397 , 528 , 1158 , 364 , 25 , 0 , 384 , 1108 , 440 , 393 , 393 , 703 , 850 , 394 , 436 , 364 , 420 , 487 , 481 , 444 , 433 , 486 , 537 , 467 , 553 , 468 , 4692 , 4680 , 4671 , 4572 , 4765 , 4672 , 4672 , 4671 , 4924 , 4869 , 4671 , 4582 , 4636 , 8590 , 4672 , 3635 , 5169 , 3579 , 5567 , 3888 , 3803 , 3507 , 4770 , 4879 , 3803 , 3389 , 3471 , 9528 , 4025 , 3727 , 3508 , 5011 , 3210 , 3380 , 3648 , 3377 , 9644 , 4013 , 6118 , 
SingularValueDecompositionImplTest::testDimensions , 638 , 755 , 832 , 380 , 558 , 1167 , 328 , 383 , 384 , 0 , 1077 , 404 , 375 , 375 , 644 , 815 , 382 , 426 , 368 , 449 , 484 , 490 , 471 , 446 , 463 , 561 , 503 , 579 , 492 , 4698 , 4682 , 4677 , 4577 , 4760 , 4678 , 4678 , 4677 , 4913 , 4863 , 4677 , 4588 , 4643 , 8582 , 4678 , 3616 , 5142 , 3556 , 5563 , 3876 , 3785 , 3491 , 4766 , 4870 , 3777 , 3378 , 3458 , 9529 , 4006 , 3712 , 3491 , 5008 , 3195 , 3366 , 3626 , 3364 , 9644 , 3993 , 6099 , 
SingularValueDecompositionImplTest::testHadamard , 1165 , 1048 , 1121 , 1226 , 991 , 1056 , 1111 , 1107 , 1108 , 1077 , 0 , 1256 , 1196 , 1195 , 1051 , 950 , 1229 , 1155 , 1174 , 1183 , 1124 , 1166 , 1188 , 1153 , 1118 , 1168 , 1152 , 1157 , 1190 , 4439 , 4429 , 4416 , 4320 , 4477 , 4417 , 4417 , 4416 , 4634 , 4580 , 4416 , 4331 , 4385 , 8197 , 4417 , 3407 , 4875 , 3377 , 5249 , 3649 , 3582 , 3288 , 4483 , 4592 , 3562 , 3186 , 3247 , 9069 , 3791 , 3501 , 3289 , 4713 , 3012 , 3177 , 3435 , 3176 , 9182 , 3775 , 5766 , 
SingularValueDecompositionImplTest::testAEqualUSVt , 711 , 892 , 991 , 145 , 676 , 1329 , 255 , 439 , 440 , 404 , 1256 , 0 , 155 , 155 , 735 , 959 , 140 , 485 , 306 , 419 , 597 , 529 , 454 , 497 , 556 , 609 , 508 , 651 , 483 , 4916 , 4906 , 4893 , 4793 , 4987 , 4894 , 4894 , 4893 , 5149 , 5094 , 4893 , 4804 , 4859 , 8850 , 4894 , 3858 , 5406 , 3801 , 5807 , 4123 , 4027 , 3729 , 4994 , 5105 , 4035 , 3616 , 3697 , 9800 , 4266 , 3951 , 3730 , 5243 , 3427 , 3605 , 3875 , 3599 , 9918 , 4239 , 6378 , 
SingularValueDecompositionImplTest::testUOrthogonal , 648 , 837 , 914 , 200 , 616 , 1251 , 252 , 389 , 393 , 375 , 1196 , 155 , 0 , 4 , 675 , 895 , 202 , 434 , 269 , 375 , 517 , 472 , 400 , 425 , 492 , 549 , 440 , 584 , 430 , 4797 , 4787 , 4774 , 4675 , 4869 , 4775 , 4775 , 4774 , 5031 , 4976 , 4774 , 4686 , 4740 , 8731 , 4775 , 3751 , 5288 , 3694 , 5691 , 4014 , 3918 , 3623 , 4876 , 4987 , 3924 , 3511 , 3593 , 9675 , 4153 , 3845 , 3624 , 5124 , 3320 , 3498 , 3763 , 3492 , 9793 , 4131 , 6263 , 
SingularValueDecompositionImplTest::testVOrthogonal , 648 , 837 , 913 , 200 , 616 , 1251 , 253 , 389 , 393 , 375 , 1195 , 155 , 4 , 0 , 675 , 895 , 202 , 434 , 269 , 375 , 518 , 472 , 400 , 425 , 492 , 549 , 440 , 584 , 430 , 4794 , 4784 , 4771 , 4672 , 4866 , 4772 , 4772 , 4771 , 5028 , 4973 , 4771 , 4683 , 4737 , 8730 , 4772 , 3748 , 5287 , 3693 , 5688 , 4011 , 3918 , 3622 , 4873 , 4984 , 3924 , 3510 , 3592 , 9673 , 4153 , 3845 , 3623 , 5122 , 3319 , 3497 , 3763 , 3491 , 9790 , 4130 , 6262 , 
SingularValueDecompositionImplTest::testMatricesValues1 , 648 , 759 , 722 , 735 , 695 , 1136 , 701 , 702 , 703 , 644 , 1051 , 735 , 675 , 675 , 0 , 405 , 741 , 708 , 699 , 710 , 702 , 708 , 703 , 706 , 682 , 718 , 701 , 732 , 715 , 4544 , 4533 , 4518 , 4423 , 4616 , 4520 , 4520 , 4519 , 4770 , 4717 , 4518 , 4434 , 4488 , 8388 , 4519 , 3464 , 4979 , 3413 , 5416 , 3721 , 3634 , 3344 , 4621 , 4729 , 3631 , 3236 , 3318 , 9279 , 3851 , 3552 , 3343 , 4863 , 3059 , 3227 , 3467 , 3220 , 9393 , 3840 , 5892 , 
SingularValueDecompositionImplTest::testMatricesValues2 , 904 , 828 , 869 , 956 , 825 , 1130 , 869 , 855 , 850 , 815 , 950 , 959 , 895 , 895 , 405 , 0 , 961 , 883 , 893 , 890 , 864 , 873 , 881 , 878 , 837 , 878 , 853 , 868 , 877 , 4497 , 4484 , 4469 , 4389 , 4569 , 4469 , 4469 , 4468 , 4718 , 4655 , 4469 , 4400 , 4446 , 8265 , 4470 , 3347 , 4872 , 3319 , 5348 , 3603 , 3521 , 3226 , 4573 , 4670 , 3514 , 3120 , 3211 , 9179 , 3729 , 3441 , 3226 , 4805 , 2943 , 3113 , 3350 , 3104 , 9292 , 3723 , 5755 , 
SingularValueDecompositionImplTest::testConditionNumber , 725 , 889 , 1003 , 7 , 653 , 1309 , 194 , 391 , 394 , 382 , 1229 , 140 , 202 , 202 , 741 , 961 , 0 , 459 , 284 , 401 , 569 , 504 , 437 , 473 , 515 , 596 , 483 , 623 , 472 , 4920 , 4908 , 4897 , 4798 , 4992 , 4898 , 4898 , 4897 , 5154 , 5098 , 4897 , 4809 , 4863 , 8855 , 4898 , 3854 , 5406 , 3797 , 5812 , 4119 , 4025 , 3725 , 4999 , 5108 , 4031 , 3612 , 3694 , 9805 , 4261 , 3951 , 3726 , 5248 , 3422 , 3600 , 3873 , 3594 , 9922 , 4239 , 6378 , 
SingularValueDecompositionImpl_ESTest::test00 , 650 , 842 , 893 , 458 , 571 , 1174 , 396 , 432 , 436 , 426 , 1155 , 485 , 434 , 434 , 708 , 883 , 459 , 0 , 277 , 430 , 406 , 437 , 432 , 364 , 328 , 502 , 417 , 389 , 447 , 4636 , 4630 , 4616 , 4484 , 4670 , 4617 , 4617 , 4616 , 4871 , 4809 , 4617 , 4482 , 4548 , 8517 , 4618 , 3549 , 5080 , 3493 , 5534 , 3805 , 3709 , 3421 , 4677 , 4821 , 3735 , 3298 , 3392 , 9482 , 3952 , 3641 , 3422 , 4923 , 3125 , 3296 , 3580 , 3294 , 9601 , 3917 , 6050 , 
SingularValueDecompositionImpl_ESTest::test01 , 683 , 832 , 922 , 286 , 591 , 1234 , 258 , 358 , 364 , 368 , 1174 , 306 , 269 , 269 , 699 , 893 , 284 , 277 , 0 , 238 , 417 , 355 , 284 , 311 , 331 , 424 , 335 , 476 , 310 , 4739 , 4728 , 4716 , 4615 , 4799 , 4717 , 4717 , 4716 , 4961 , 4908 , 4716 , 4627 , 4682 , 8651 , 4718 , 3656 , 5203 , 3602 , 5623 , 3915 , 3827 , 3527 , 4806 , 4919 , 3821 , 3409 , 3487 , 9605 , 4062 , 3751 , 3528 , 5057 , 3226 , 3398 , 3671 , 3394 , 9723 , 4041 , 6177 , 
SingularValueDecompositionImpl_ESTest::test02 , 684 , 819 , 913 , 404 , 602 , 1209 , 387 , 417 , 420 , 449 , 1183 , 419 , 375 , 375 , 710 , 890 , 401 , 430 , 238 , 0 , 382 , 256 , 75 , 276 , 380 , 302 , 136 , 293 , 110 , 4637 , 4627 , 4616 , 4508 , 4704 , 4617 , 4617 , 4616 , 4867 , 4813 , 4617 , 4520 , 4582 , 8568 , 4618 , 3582 , 5132 , 3533 , 5525 , 3847 , 3753 , 3452 , 4710 , 4824 , 3746 , 3336 , 3419 , 9507 , 3984 , 3678 , 3454 , 4961 , 3155 , 3326 , 3598 , 3322 , 9624 , 3966 , 6086 , 
SingularValueDecompositionImpl_ESTest::test03 , 690 , 792 , 885 , 564 , 599 , 1161 , 511 , 485 , 487 , 484 , 1124 , 597 , 517 , 518 , 702 , 864 , 569 , 406 , 417 , 382 , 0 , 284 , 328 , 123 , 400 , 333 , 318 , 397 , 348 , 4477 , 4482 , 4475 , 4376 , 4557 , 4477 , 4477 , 4476 , 4724 , 4668 , 4477 , 4387 , 4437 , 8413 , 4478 , 3428 , 4976 , 3414 , 5379 , 3684 , 3609 , 3306 , 4565 , 4675 , 3636 , 3204 , 3286 , 9337 , 3842 , 3532 , 3307 , 4807 , 3025 , 3178 , 3495 , 3196 , 9465 , 3813 , 5933 , 
SingularValueDecompositionImpl_ESTest::test04 , 678 , 814 , 885 , 505 , 612 , 1202 , 462 , 478 , 481 , 490 , 1166 , 529 , 472 , 472 , 708 , 873 , 504 , 437 , 355 , 256 , 284 , 0 , 254 , 201 , 369 , 189 , 278 , 392 , 275 , 4516 , 4508 , 4499 , 4400 , 4579 , 4500 , 4500 , 4499 , 4745 , 4687 , 4500 , 4409 , 4465 , 8451 , 4501 , 3508 , 5046 , 3453 , 5402 , 3771 , 3684 , 3381 , 4585 , 4698 , 3677 , 3269 , 3347 , 9383 , 3908 , 3602 , 3382 , 4833 , 3087 , 3256 , 3534 , 3253 , 9507 , 3895 , 6004 , 
SingularValueDecompositionImpl_ESTest::test05 , 684 , 828 , 911 , 437 , 581 , 1205 , 407 , 443 , 444 , 471 , 1188 , 454 , 400 , 400 , 703 , 881 , 437 , 432 , 284 , 75 , 328 , 254 , 0 , 216 , 387 , 242 , 130 , 293 , 40 , 4592 , 4596 , 4585 , 4486 , 4673 , 4586 , 4586 , 4585 , 4839 , 4780 , 4586 , 4498 , 4550 , 8533 , 4586 , 3545 , 5089 , 3501 , 5495 , 3809 , 3717 , 3416 , 4679 , 4790 , 3717 , 3300 , 3377 , 9471 , 3946 , 3636 , 3417 , 4923 , 3119 , 3285 , 3570 , 3286 , 9590 , 3929 , 6052 , 
SingularValueDecompositionImpl_ESTest::test06 , 670 , 820 , 896 , 472 , 599 , 1187 , 433 , 430 , 433 , 446 , 1153 , 497 , 425 , 425 , 706 , 878 , 473 , 364 , 311 , 276 , 123 , 201 , 216 , 0 , 355 , 214 , 269 , 365 , 234 , 4545 , 4550 , 4541 , 4442 , 4626 , 4541 , 4542 , 4541 , 4788 , 4729 , 4542 , 4451 , 4506 , 8492 , 4543 , 3508 , 5050 , 3476 , 5440 , 3771 , 3685 , 3380 , 4630 , 4737 , 3697 , 3277 , 3340 , 9427 , 3921 , 3596 , 3381 , 4865 , 3101 , 3245 , 3561 , 3253 , 9556 , 3891 , 6020 , 
SingularValueDecompositionImpl_ESTest::test07 , 683 , 816 , 862 , 512 , 587 , 1162 , 444 , 487 , 486 , 463 , 1118 , 556 , 492 , 492 , 682 , 837 , 515 , 328 , 331 , 380 , 400 , 369 , 387 , 355 , 0 , 462 , 355 , 473 , 413 , 4566 , 4552 , 4540 , 4451 , 4625 , 4541 , 4540 , 4540 , 4790 , 4725 , 4541 , 4463 , 4512 , 8423 , 4542 , 3422 , 4978 , 3407 , 5444 , 3685 , 3596 , 3293 , 4633 , 4736 , 3621 , 3193 , 3277 , 9368 , 3843 , 3520 , 3295 , 4865 , 2992 , 3180 , 3466 , 3164 , 9491 , 3806 , 5942 , 
SingularValueDecompositionImpl_ESTest::test08 , 694 , 812 , 901 , 599 , 633 , 1182 , 558 , 536 , 537 , 561 , 1168 , 609 , 549 , 549 , 718 , 878 , 596 , 502 , 424 , 302 , 333 , 189 , 242 , 214 , 462 , 0 , 327 , 425 , 237 , 4428 , 4436 , 4427 , 4329 , 4516 , 4428 , 4428 , 4426 , 4681 , 4621 , 4428 , 4338 , 4392 , 8368 , 4429 , 3436 , 4965 , 3393 , 5331 , 3698 , 3607 , 3308 , 4521 , 4629 , 3621 , 3194 , 3266 , 9315 , 3845 , 3522 , 3309 , 4761 , 3013 , 3176 , 3470 , 3178 , 9434 , 3816 , 5925 , 
SingularValueDecompositionImpl_ESTest::test09 , 685 , 815 , 903 , 483 , 595 , 1187 , 446 , 462 , 467 , 503 , 1152 , 508 , 440 , 440 , 701 , 853 , 483 , 417 , 335 , 136 , 318 , 278 , 130 , 269 , 355 , 327 , 0 , 259 , 166 , 4561 , 4549 , 4534 , 4447 , 4638 , 4535 , 4535 , 4534 , 4804 , 4737 , 4535 , 4458 , 4497 , 8485 , 4536 , 3489 , 5048 , 3455 , 5455 , 3754 , 3665 , 3361 , 4646 , 4751 , 3682 , 3252 , 3344 , 9412 , 3892 , 3582 , 3362 , 4883 , 3062 , 3243 , 3525 , 3235 , 9536 , 3874 , 5990 , 
SingularValueDecompositionImpl_ESTest::test10 , 692 , 842 , 914 , 623 , 653 , 1172 , 583 , 548 , 553 , 579 , 1157 , 651 , 584 , 584 , 732 , 868 , 623 , 389 , 476 , 293 , 397 , 392 , 293 , 365 , 473 , 425 , 259 , 0 , 312 , 4516 , 4504 , 4494 , 4397 , 4586 , 4495 , 4495 , 4494 , 4737 , 4691 , 4493 , 4397 , 4440 , 8410 , 4494 , 3455 , 4967 , 3409 , 5403 , 3715 , 3613 , 3330 , 4585 , 4698 , 3633 , 3214 , 3297 , 9359 , 3842 , 3547 , 3331 , 4825 , 3028 , 3203 , 3490 , 3196 , 9481 , 3823 , 5938 , 
SingularValueDecompositionImpl_ESTest::test11 , 685 , 825 , 908 , 471 , 591 , 1207 , 440 , 465 , 468 , 492 , 1190 , 483 , 430 , 430 , 715 , 877 , 472 , 447 , 310 , 110 , 348 , 275 , 40 , 234 , 413 , 237 , 166 , 312 , 0 , 4565 , 4570 , 4560 , 4460 , 4648 , 4561 , 4561 , 4560 , 4812 , 4753 , 4558 , 4470 , 4522 , 8502 , 4560 , 3528 , 5073 , 3484 , 5466 , 3792 , 3700 , 3400 , 4652 , 4763 , 3699 , 3284 , 3362 , 9447 , 3927 , 3620 , 3400 , 4896 , 3103 , 3269 , 3553 , 3270 , 9566 , 3913 , 6033 , 
RegressionTest0::test01 , 4533 , 4474 , 4432 , 4913 , 4565 , 4353 , 4826 , 4693 , 4692 , 4698 , 4439 , 4916 , 4797 , 4794 , 4544 , 4497 , 4920 , 4636 , 4739 , 4637 , 4477 , 4516 , 4592 , 4545 , 4566 , 4428 , 4561 , 4516 , 4565 , 0 , 224 , 42 , 180 , 379 , 42 , 42 , 42 , 477 , 247 , 42 , 189 , 179 , 5356 , 44 , 3366 , 3087 , 3276 , 1276 , 3391 , 3202 , 3315 , 384 , 429 , 3438 , 3390 , 3390 , 5860 , 3363 , 3354 , 3314 , 566 , 3292 , 3321 , 3382 , 3329 , 5977 , 3191 , 4291 , 
RegressionTest0::test02 , 4508 , 4461 , 4422 , 4902 , 4555 , 4331 , 4811 , 4681 , 4680 , 4682 , 4429 , 4906 , 4787 , 4784 , 4533 , 4484 , 4908 , 4630 , 4728 , 4627 , 4482 , 4508 , 4596 , 4550 , 4552 , 4436 , 4549 , 4504 , 4570 , 224 , 0 , 186 , 214 , 417 , 187 , 187 , 186 , 285 , 392 , 188 , 225 , 197 , 5225 , 189 , 3351 , 2895 , 3090 , 1269 , 3377 , 3247 , 3284 , 419 , 207 , 3421 , 3373 , 3415 , 5840 , 3165 , 3334 , 3286 , 582 , 3263 , 3311 , 3369 , 3302 , 5980 , 3240 , 4199 , 
RegressionTest0::test03 , 4513 , 4452 , 4412 , 4890 , 4545 , 4326 , 4804 , 4672 , 4671 , 4677 , 4416 , 4893 , 4774 , 4771 , 4518 , 4469 , 4897 , 4616 , 4716 , 4616 , 4475 , 4499 , 4585 , 4541 , 4540 , 4427 , 4534 , 4494 , 4560 , 42 , 186 , 0 , 164 , 367 , 4 , 4 , 3 , 468 , 209 , 4 , 177 , 145 , 5359 , 5 , 3349 , 3078 , 3269 , 1282 , 3379 , 3199 , 3291 , 367 , 391 , 3421 , 3372 , 3417 , 5856 , 3346 , 3336 , 3292 , 534 , 3258 , 3300 , 3367 , 3290 , 5979 , 3205 , 4289 , 
RegressionTest0::test04 , 4417 , 4358 , 4316 , 4791 , 4449 , 4235 , 4706 , 4573 , 4572 , 4577 , 4320 , 4793 , 4675 , 4672 , 4423 , 4389 , 4798 , 4484 , 4615 , 4508 , 4376 , 4400 , 4486 , 4442 , 4451 , 4329 , 4447 , 4397 , 4460 , 180 , 214 , 164 , 0 , 221 , 164 , 164 , 164 , 480 , 369 , 166 , 17 , 81 , 5372 , 166 , 3261 , 3036 , 3203 , 1287 , 3307 , 3163 , 3198 , 207 , 417 , 3332 , 3279 , 3323 , 5908 , 3248 , 3259 , 3199 , 468 , 3204 , 3229 , 3266 , 3216 , 6027 , 3199 , 4275 , 
RegressionTest0::test05 , 4604 , 4540 , 4507 , 4985 , 4640 , 4404 , 4900 , 4766 , 4765 , 4760 , 4477 , 4987 , 4869 , 4866 , 4616 , 4569 , 4992 , 4670 , 4799 , 4704 , 4557 , 4579 , 4673 , 4626 , 4625 , 4516 , 4638 , 4586 , 4648 , 379 , 417 , 367 , 221 , 0 , 367 , 367 , 367 , 280 , 166 , 369 , 233 , 282 , 5419 , 367 , 3288 , 3014 , 3243 , 1111 , 3347 , 3262 , 3282 , 20 , 216 , 3271 , 3346 , 3286 , 5786 , 3412 , 3370 , 3283 , 266 , 3284 , 3322 , 3369 , 3333 , 5925 , 3249 , 4240 , 
RegressionTest0::test06 , 4514 , 4453 , 4413 , 4891 , 4546 , 4326 , 4805 , 4673 , 4672 , 4678 , 4417 , 4894 , 4775 , 4772 , 4520 , 4469 , 4898 , 4617 , 4717 , 4617 , 4477 , 4500 , 4586 , 4541 , 4541 , 4428 , 4535 , 4495 , 4561 , 42 , 187 , 4 , 164 , 367 , 0 , 2 , 3 , 468 , 207 , 6 , 177 , 147 , 5359 , 5 , 3348 , 3078 , 3270 , 1283 , 3379 , 3199 , 3291 , 369 , 392 , 3421 , 3371 , 3417 , 5856 , 3347 , 3337 , 3290 , 534 , 3260 , 3300 , 3368 , 3288 , 5979 , 3206 , 4290 , 
RegressionTest0::test07 , 4514 , 4453 , 4413 , 4891 , 4546 , 4326 , 4805 , 4673 , 4672 , 4678 , 4417 , 4894 , 4775 , 4772 , 4520 , 4469 , 4898 , 4617 , 4717 , 4617 , 4477 , 4500 , 4586 , 4542 , 4540 , 4428 , 4535 , 4495 , 4561 , 42 , 187 , 4 , 164 , 367 , 2 , 0 , 3 , 468 , 207 , 6 , 177 , 147 , 5359 , 5 , 3350 , 3076 , 3270 , 1283 , 3379 , 3199 , 3291 , 369 , 392 , 3421 , 3373 , 3415 , 5856 , 3347 , 3337 , 3290 , 534 , 3260 , 3300 , 3368 , 3290 , 5977 , 3206 , 4290 , 
RegressionTest0::test08 , 4513 , 4452 , 4412 , 4890 , 4545 , 4325 , 4804 , 4672 , 4671 , 4677 , 4416 , 4893 , 4774 , 4771 , 4519 , 4468 , 4897 , 4616 , 4716 , 4616 , 4476 , 4499 , 4585 , 4541 , 4540 , 4426 , 4534 , 4494 , 4560 , 42 , 186 , 3 , 164 , 367 , 3 , 3 , 0 , 468 , 208 , 5 , 177 , 147 , 5359 , 6 , 3349 , 3078 , 3267 , 1283 , 3379 , 3199 , 3292 , 369 , 391 , 3421 , 3372 , 3417 , 5855 , 3346 , 3336 , 3291 , 534 , 3260 , 3301 , 3367 , 3291 , 5979 , 3203 , 4289 , 
RegressionTest0::test09 , 4742 , 4690 , 4658 , 5147 , 4795 , 4555 , 5057 , 4925 , 4924 , 4913 , 4634 , 5149 , 5031 , 5028 , 4770 , 4718 , 5154 , 4871 , 4961 , 4867 , 4724 , 4745 , 4839 , 4788 , 4790 , 4681 , 4804 , 4737 , 4812 , 477 , 285 , 468 , 480 , 280 , 468 , 468 , 468 , 0 , 268 , 470 , 482 , 450 , 5281 , 470 , 3413 , 2924 , 3124 , 1064 , 3468 , 3345 , 3404 , 280 , 85 , 3342 , 3485 , 3405 , 5729 , 3316 , 3470 , 3406 , 446 , 3414 , 3442 , 3481 , 3443 , 5845 , 3344 , 4177 , 
RegressionTest0::test10 , 4707 , 4642 , 4608 , 5091 , 4741 , 4501 , 5006 , 4872 , 4869 , 4863 , 4580 , 5094 , 4976 , 4973 , 4717 , 4655 , 5098 , 4809 , 4908 , 4813 , 4668 , 4687 , 4780 , 4729 , 4725 , 4621 , 4737 , 4691 , 4753 , 247 , 392 , 209 , 369 , 166 , 207 , 207 , 208 , 268 , 0 , 207 , 378 , 346 , 5394 , 206 , 3384 , 3075 , 3290 , 1092 , 3436 , 3314 , 3358 , 166 , 189 , 3338 , 3450 , 3375 , 5731 , 3422 , 3453 , 3358 , 332 , 3349 , 3362 , 3461 , 3371 , 5865 , 3243 , 4260 , 
RegressionTest0::test11 , 4513 , 4452 , 4412 , 4890 , 4545 , 4326 , 4804 , 4672 , 4671 , 4677 , 4416 , 4893 , 4774 , 4771 , 4518 , 4469 , 4897 , 4617 , 4716 , 4617 , 4477 , 4500 , 4586 , 4542 , 4541 , 4428 , 4535 , 4493 , 4558 , 42 , 188 , 4 , 166 , 369 , 6 , 6 , 5 , 470 , 207 , 0 , 175 , 145 , 5357 , 3 , 3347 , 3076 , 3267 , 1281 , 3379 , 3197 , 3291 , 369 , 391 , 3421 , 3372 , 3417 , 5856 , 3346 , 3336 , 3290 , 534 , 3260 , 3300 , 3367 , 3290 , 5979 , 3205 , 4289 , 
RegressionTest0::test12 , 4428 , 4369 , 4326 , 4802 , 4460 , 4245 , 4717 , 4583 , 4582 , 4588 , 4331 , 4804 , 4686 , 4683 , 4434 , 4400 , 4809 , 4482 , 4627 , 4520 , 4387 , 4409 , 4498 , 4451 , 4463 , 4338 , 4458 , 4397 , 4470 , 189 , 225 , 177 , 17 , 233 , 177 , 177 , 177 , 482 , 378 , 175 , 0 , 79 , 5370 , 175 , 3267 , 3039 , 3205 , 1286 , 3315 , 3161 , 3206 , 220 , 430 , 3341 , 3273 , 3333 , 5904 , 3258 , 3269 , 3209 , 466 , 3204 , 3238 , 3276 , 3226 , 6027 , 3207 , 4276 , 
RegressionTest0::test13 , 4479 , 4420 , 4379 , 4856 , 4511 , 4293 , 4769 , 4637 , 4636 , 4643 , 4385 , 4859 , 4740 , 4737 , 4488 , 4446 , 4863 , 4548 , 4682 , 4582 , 4437 , 4465 , 4550 , 4506 , 4512 , 4392 , 4497 , 4440 , 4522 , 179 , 197 , 145 , 81 , 282 , 147 , 147 , 147 , 450 , 346 , 145 , 79 , 0 , 5366 , 145 , 3305 , 3057 , 3240 , 1274 , 3348 , 3137 , 3255 , 280 , 398 , 3388 , 3332 , 3375 , 5868 , 3305 , 3302 , 3256 , 427 , 3198 , 3276 , 3323 , 3259 , 6008 , 3229 , 4291 , 
RegressionTest0::test14 , 8398 , 8266 , 8260 , 8848 , 8394 , 8078 , 8733 , 8594 , 8590 , 8582 , 8197 , 8850 , 8731 , 8730 , 8388 , 8265 , 8855 , 8517 , 8651 , 8568 , 8413 , 8451 , 8533 , 8492 , 8423 , 8368 , 8485 , 8410 , 8502 , 5356 , 5225 , 5359 , 5372 , 5419 , 5359 , 5359 , 5359 , 5281 , 5394 , 5357 , 5370 , 5366 , 0 , 5357 , 5136 , 3869 , 5446 , 5111 , 4975 , 4976 , 5218 , 5413 , 5300 , 5718 , 5298 , 5259 , 6114 , 5440 , 5092 , 5218 , 5392 , 5454 , 5322 , 5849 , 5318 , 6194 , 4878 , 5106 , 
RegressionTest0::test15 , 4514 , 4453 , 4413 , 4891 , 4546 , 4327 , 4805 , 4673 , 4672 , 4678 , 4417 , 4894 , 4775 , 4772 , 4519 , 4470 , 4898 , 4618 , 4718 , 4618 , 4478 , 4501 , 4586 , 4543 , 4542 , 4429 , 4536 , 4494 , 4560 , 44 , 189 , 5 , 166 , 367 , 5 , 5 , 6 , 470 , 206 , 3 , 175 , 145 , 5357 , 0 , 3348 , 3076 , 3268 , 1281 , 3379 , 3199 , 3290 , 369 , 392 , 3419 , 3373 , 3417 , 5855 , 3347 , 3337 , 3291 , 534 , 3260 , 3299 , 3366 , 3289 , 5979 , 3206 , 4290 , 
RegressionTest0::test16 , 3526 , 3360 , 3393 , 3847 , 3468 , 3277 , 3736 , 3635 , 3635 , 3616 , 3407 , 3858 , 3751 , 3748 , 3464 , 3347 , 3854 , 3549 , 3656 , 3582 , 3428 , 3508 , 3545 , 3508 , 3422 , 3436 , 3489 , 3455 , 3528 , 3366 , 3351 , 3349 , 3261 , 3288 , 3348 , 3350 , 3349 , 3413 , 3384 , 3347 , 3267 , 3305 , 5136 , 3348 , 0 , 1669 , 929 , 3772 , 284 , 466 , 136 , 3290 , 3387 , 1108 , 405 , 293 , 6391 , 1162 , 313 , 135 , 3437 , 447 , 310 , 1102 , 298 , 6519 , 550 , 2849 , 
RegressionTest0::test17 , 4985 , 4870 , 4862 , 5399 , 4977 , 4729 , 5287 , 5168 , 5169 , 5142 , 4875 , 5406 , 5288 , 5287 , 4979 , 4872 , 5406 , 5080 , 5203 , 5132 , 4976 , 5046 , 5089 , 5050 , 4978 , 4965 , 5048 , 4967 , 5073 , 3087 , 2895 , 3078 , 3036 , 3014 , 3078 , 3076 , 3078 , 2924 , 3075 , 3076 , 3039 , 3057 , 3869 , 3076 , 1669 , 0 , 2016 , 3161 , 1596 , 1562 , 1733 , 3017 , 2909 , 2392 , 1955 , 1772 , 5891 , 2261 , 1600 , 1732 , 3079 , 2021 , 1857 , 2518 , 1865 , 6001 , 1466 , 3116 , 
RegressionTest0::test18 , 3423 , 3324 , 3333 , 3790 , 3421 , 3254 , 3682 , 3581 , 3579 , 3556 , 3377 , 3801 , 3694 , 3693 , 3413 , 3319 , 3797 , 3493 , 3602 , 3533 , 3414 , 3453 , 3501 , 3476 , 3407 , 3393 , 3455 , 3409 , 3484 , 3276 , 3090 , 3269 , 3203 , 3243 , 3270 , 3270 , 3267 , 3124 , 3290 , 3267 , 3205 , 3240 , 5446 , 3268 , 929 , 2016 , 0 , 3903 , 1133 , 920 , 865 , 3246 , 3115 , 1405 , 839 , 930 , 6532 , 1243 , 986 , 866 , 3380 , 721 , 791 , 1397 , 794 , 6651 , 1055 , 2867 , 
RegressionTest0::test19 , 5406 , 5313 , 5288 , 5805 , 5443 , 5178 , 5716 , 5571 , 5567 , 5563 , 5249 , 5807 , 5691 , 5688 , 5416 , 5348 , 5812 , 5534 , 5623 , 5525 , 5379 , 5402 , 5495 , 5440 , 5444 , 5331 , 5455 , 5403 , 5466 , 1276 , 1269 , 1282 , 1287 , 1111 , 1283 , 1283 , 1283 , 1064 , 1092 , 1281 , 1286 , 1274 , 5111 , 1281 , 3772 , 3161 , 3903 , 0 , 3715 , 3800 , 3808 , 1110 , 1081 , 3700 , 3855 , 3816 , 5382 , 3739 , 3828 , 3809 , 905 , 3804 , 3793 , 3839 , 3794 , 5513 , 3740 , 4229 , 
RegressionTest0::test20 , 3780 , 3610 , 3641 , 4112 , 3709 , 3520 , 4000 , 3888 , 3888 , 3876 , 3649 , 4123 , 4014 , 4011 , 3721 , 3603 , 4119 , 3805 , 3915 , 3847 , 3684 , 3771 , 3809 , 3771 , 3685 , 3698 , 3754 , 3715 , 3792 , 3391 , 3377 , 3379 , 3307 , 3347 , 3379 , 3379 , 3379 , 3468 , 3436 , 3379 , 3315 , 3348 , 4975 , 3379 , 284 , 1596 , 1133 , 3715 , 0 , 633 , 399 , 3348 , 3437 , 1231 , 606 , 457 , 6294 , 1207 , 425 , 400 , 3385 , 711 , 557 , 1279 , 561 , 6424 , 699 , 2806 , 
RegressionTest0::test21 , 3661 , 3533 , 3558 , 4018 , 3642 , 3437 , 3907 , 3803 , 3803 , 3785 , 3582 , 4027 , 3918 , 3918 , 3634 , 3521 , 4025 , 3709 , 3827 , 3753 , 3609 , 3684 , 3717 , 3685 , 3596 , 3607 , 3665 , 3613 , 3700 , 3202 , 3247 , 3199 , 3163 , 3262 , 3199 , 3199 , 3199 , 3345 , 3314 , 3197 , 3161 , 3137 , 4976 , 3199 , 466 , 1562 , 920 , 3800 , 633 , 0 , 412 , 3267 , 3361 , 1328 , 643 , 605 , 6387 , 1263 , 562 , 415 , 3322 , 616 , 503 , 1357 , 483 , 6495 , 301 , 2847 , 
RegressionTest0::test22 , 3403 , 3237 , 3273 , 3718 , 3349 , 3165 , 3608 , 3507 , 3507 , 3491 , 3288 , 3729 , 3623 , 3622 , 3344 , 3226 , 3725 , 3421 , 3527 , 3452 , 3306 , 3381 , 3416 , 3380 , 3293 , 3308 , 3361 , 3330 , 3400 , 3315 , 3284 , 3291 , 3198 , 3282 , 3291 , 3291 , 3292 , 3404 , 3358 , 3291 , 3206 , 3255 , 5218 , 3290 , 136 , 1733 , 865 , 3808 , 399 , 412 , 0 , 3284 , 3362 , 1050 , 351 , 242 , 6459 , 1097 , 256 , 8 , 3407 , 319 , 194 , 1089 , 186 , 6597 , 519 , 2904 , 
RegressionTest0::test23 , 4611 , 4545 , 4512 , 4992 , 4644 , 4410 , 4905 , 4772 , 4770 , 4766 , 4483 , 4994 , 4876 , 4873 , 4621 , 4573 , 4999 , 4677 , 4806 , 4710 , 4565 , 4585 , 4679 , 4630 , 4633 , 4521 , 4646 , 4585 , 4652 , 384 , 419 , 367 , 207 , 20 , 369 , 369 , 369 , 280 , 166 , 369 , 220 , 280 , 5413 , 369 , 3290 , 3017 , 3246 , 1110 , 3348 , 3267 , 3284 , 0 , 214 , 3272 , 3340 , 3285 , 5788 , 3413 , 3372 , 3287 , 266 , 3289 , 3326 , 3374 , 3337 , 5911 , 3255 , 4241 , 
RegressionTest0::test24 , 4701 , 4650 , 4615 , 5102 , 4751 , 4507 , 5012 , 4880 , 4879 , 4870 , 4592 , 5105 , 4987 , 4984 , 4729 , 4670 , 5108 , 4821 , 4919 , 4824 , 4675 , 4698 , 4790 , 4737 , 4736 , 4629 , 4751 , 4698 , 4763 , 429 , 207 , 391 , 417 , 216 , 392 , 392 , 391 , 85 , 189 , 391 , 430 , 398 , 5300 , 392 , 3387 , 2909 , 3115 , 1081 , 3437 , 3361 , 3362 , 214 , 0 , 3331 , 3451 , 3374 , 5714 , 3238 , 3453 , 3365 , 382 , 3352 , 3371 , 3459 , 3383 , 5857 , 3314 , 4138 , 
RegressionTest0::test25 , 3679 , 3493 , 3545 , 4024 , 3649 , 3443 , 3920 , 3807 , 3803 , 3777 , 3562 , 4035 , 3924 , 3924 , 3631 , 3514 , 4031 , 3735 , 3821 , 3746 , 3636 , 3677 , 3717 , 3697 , 3621 , 3621 , 3682 , 3633 , 3699 , 3438 , 3421 , 3421 , 3332 , 3271 , 3421 , 3421 , 3421 , 3342 , 3338 , 3421 , 3341 , 3388 , 5718 , 3419 , 1108 , 2392 , 1405 , 3700 , 1231 , 1328 , 1050 , 3272 , 3331 , 0 , 1060 , 988 , 6259 , 493 , 1179 , 1053 , 3401 , 1060 , 1049 , 635 , 1056 , 6373 , 1462 , 2615 , 
RegressionTest0::test26 , 3292 , 3126 , 3159 , 3605 , 3235 , 3063 , 3492 , 3389 , 3389 , 3378 , 3186 , 3616 , 3511 , 3510 , 3236 , 3120 , 3612 , 3298 , 3409 , 3336 , 3204 , 3269 , 3300 , 3277 , 3193 , 3194 , 3252 , 3214 , 3284 , 3390 , 3373 , 3372 , 3279 , 3346 , 3371 , 3373 , 3372 , 3485 , 3450 , 3372 , 3273 , 3332 , 5298 , 3373 , 405 , 1955 , 839 , 3855 , 606 , 643 , 351 , 3340 , 3451 , 1060 , 0 , 360 , 6444 , 1136 , 504 , 354 , 3455 , 256 , 292 , 998 , 293 , 6579 , 834 , 2995 , 
RegressionTest0::test27 , 3363 , 3199 , 3237 , 3687 , 3303 , 3142 , 3577 , 3471 , 3471 , 3458 , 3247 , 3697 , 3593 , 3592 , 3318 , 3211 , 3694 , 3392 , 3487 , 3419 , 3286 , 3347 , 3377 , 3340 , 3277 , 3266 , 3344 , 3297 , 3362 , 3390 , 3415 , 3417 , 3323 , 3286 , 3417 , 3415 , 3417 , 3405 , 3375 , 3417 , 3333 , 3375 , 5259 , 3417 , 293 , 1772 , 930 , 3816 , 457 , 605 , 242 , 3285 , 3374 , 988 , 360 , 0 , 6483 , 1147 , 354 , 247 , 3429 , 393 , 270 , 1064 , 274 , 6614 , 734 , 3001 , 
RegressionTest0::test28 , 9340 , 9196 , 9149 , 9798 , 9362 , 9042 , 9685 , 9531 , 9528 , 9529 , 9069 , 9800 , 9675 , 9673 , 9279 , 9179 , 9805 , 9482 , 9605 , 9507 , 9337 , 9383 , 9471 , 9427 , 9368 , 9315 , 9412 , 9359 , 9447 , 5860 , 5840 , 5856 , 5908 , 5786 , 5856 , 5856 , 5855 , 5729 , 5731 , 5856 , 5904 , 5868 , 6114 , 5855 , 6391 , 5891 , 6532 , 5382 , 6294 , 6387 , 6459 , 5788 , 5714 , 6259 , 6444 , 6483 , 0 , 6185 , 6368 , 6460 , 5630 , 6573 , 6524 , 6368 , 6511 , 148 , 6298 , 5386 , 
RegressionTest0::test29 , 3877 , 3723 , 3763 , 4254 , 3864 , 3646 , 4143 , 4029 , 4025 , 4006 , 3791 , 4266 , 4153 , 4153 , 3851 , 3729 , 4261 , 3952 , 4062 , 3984 , 3842 , 3908 , 3946 , 3921 , 3843 , 3845 , 3892 , 3842 , 3927 , 3363 , 3165 , 3346 , 3248 , 3412 , 3347 , 3347 , 3346 , 3316 , 3422 , 3346 , 3258 , 3305 , 5440 , 3347 , 1162 , 2261 , 1243 , 3739 , 1207 , 1263 , 1097 , 3413 , 3238 , 493 , 1136 , 1147 , 6185 , 0 , 1214 , 1098 , 3417 , 1123 , 1125 , 813 , 1119 , 6326 , 1353 , 2363 , 
RegressionTest0::test30 , 3614 , 3451 , 3484 , 3944 , 3563 , 3363 , 3833 , 3725 , 3727 , 3712 , 3501 , 3951 , 3845 , 3845 , 3552 , 3441 , 3951 , 3641 , 3751 , 3678 , 3532 , 3602 , 3636 , 3596 , 3520 , 3522 , 3582 , 3547 , 3620 , 3354 , 3334 , 3336 , 3259 , 3370 , 3337 , 3337 , 3336 , 3470 , 3453 , 3336 , 3269 , 3302 , 5092 , 3337 , 313 , 1600 , 986 , 3828 , 425 , 562 , 256 , 3372 , 3453 , 1179 , 504 , 354 , 6368 , 1214 , 0 , 254 , 3465 , 552 , 434 , 1200 , 416 , 6493 , 651 , 2901 , 
RegressionTest0::test31 , 3404 , 3238 , 3274 , 3719 , 3350 , 3165 , 3608 , 3508 , 3508 , 3491 , 3289 , 3730 , 3624 , 3623 , 3343 , 3226 , 3726 , 3422 , 3528 , 3454 , 3307 , 3382 , 3417 , 3381 , 3295 , 3309 , 3362 , 3331 , 3400 , 3314 , 3286 , 3292 , 3199 , 3283 , 3290 , 3290 , 3291 , 3406 , 3358 , 3290 , 3209 , 3256 , 5218 , 3291 , 135 , 1732 , 866 , 3809 , 400 , 415 , 8 , 3287 , 3365 , 1053 , 354 , 247 , 6460 , 1098 , 254 , 0 , 3407 , 319 , 194 , 1088 , 186 , 6597 , 519 , 2904 , 
RegressionTest0::test32 , 4848 , 4785 , 4748 , 5241 , 4889 , 4640 , 5153 , 5012 , 5011 , 5008 , 4713 , 5243 , 5124 , 5122 , 4863 , 4805 , 5248 , 4923 , 5057 , 4961 , 4807 , 4833 , 4923 , 4865 , 4865 , 4761 , 4883 , 4825 , 4896 , 566 , 582 , 534 , 468 , 266 , 534 , 534 , 534 , 446 , 332 , 534 , 466 , 427 , 5392 , 534 , 3437 , 3079 , 3380 , 905 , 3385 , 3322 , 3407 , 266 , 382 , 3401 , 3455 , 3429 , 5630 , 3417 , 3465 , 3407 , 0 , 3385 , 3405 , 3486 , 3376 , 5760 , 3377 , 4203 , 
RegressionTest0::test33 , 3110 , 2956 , 2992 , 3415 , 3062 , 2894 , 3308 , 3210 , 3210 , 3195 , 3012 , 3427 , 3320 , 3319 , 3059 , 2943 , 3422 , 3125 , 3226 , 3155 , 3025 , 3087 , 3119 , 3101 , 2992 , 3013 , 3062 , 3028 , 3103 , 3292 , 3263 , 3258 , 3204 , 3284 , 3260 , 3260 , 3260 , 3414 , 3349 , 3260 , 3204 , 3198 , 5454 , 3260 , 447 , 2021 , 721 , 3804 , 711 , 616 , 319 , 3289 , 3352 , 1060 , 256 , 393 , 6573 , 1123 , 552 , 319 , 3385 , 0 , 225 , 1033 , 180 , 6711 , 827 , 3051 , 
RegressionTest0::test34 , 3281 , 3117 , 3150 , 3593 , 3228 , 3049 , 3482 , 3380 , 3380 , 3366 , 3177 , 3605 , 3498 , 3497 , 3227 , 3113 , 3600 , 3296 , 3398 , 3326 , 3178 , 3256 , 3285 , 3245 , 3180 , 3176 , 3243 , 3203 , 3269 , 3321 , 3311 , 3300 , 3229 , 3322 , 3300 , 3300 , 3301 , 3442 , 3362 , 3300 , 3238 , 3276 , 5322 , 3299 , 310 , 1857 , 791 , 3793 , 557 , 503 , 194 , 3326 , 3371 , 1049 , 292 , 270 , 6524 , 1125 , 434 , 194 , 3405 , 225 , 0 , 1053 , 82 , 6650 , 684 , 2953 , 
RegressionTest0::test35 , 3534 , 3367 , 3396 , 3866 , 3504 , 3301 , 3759 , 3651 , 3648 , 3626 , 3435 , 3875 , 3763 , 3763 , 3467 , 3350 , 3873 , 3580 , 3671 , 3598 , 3495 , 3534 , 3570 , 3561 , 3466 , 3470 , 3525 , 3490 , 3553 , 3382 , 3369 , 3367 , 3266 , 3369 , 3368 , 3368 , 3367 , 3481 , 3461 , 3367 , 3276 , 3323 , 5849 , 3366 , 1102 , 2518 , 1397 , 3839 , 1279 , 1357 , 1089 , 3374 , 3459 , 635 , 998 , 1064 , 6368 , 813 , 1200 , 1088 , 3486 , 1033 , 1053 , 0 , 1055 , 6418 , 1505 , 2786 , 
RegressionTest0::test36 , 3278 , 3109 , 3150 , 3587 , 3224 , 3049 , 3479 , 3377 , 3377 , 3364 , 3176 , 3599 , 3492 , 3491 , 3220 , 3104 , 3594 , 3294 , 3394 , 3322 , 3196 , 3253 , 3286 , 3253 , 3164 , 3178 , 3235 , 3196 , 3270 , 3329 , 3302 , 3290 , 3216 , 3333 , 3288 , 3290 , 3291 , 3443 , 3371 , 3290 , 3226 , 3259 , 5318 , 3289 , 298 , 1865 , 794 , 3794 , 561 , 483 , 186 , 3337 , 3383 , 1056 , 293 , 274 , 6511 , 1119 , 416 , 186 , 3376 , 180 , 82 , 1055 , 0 , 6646 , 672 , 2943 , 
RegressionTest0::test37 , 9459 , 9312 , 9262 , 9915 , 9475 , 9153 , 9804 , 9647 , 9644 , 9644 , 9182 , 9918 , 9793 , 9790 , 9393 , 9292 , 9922 , 9601 , 9723 , 9624 , 9465 , 9507 , 9590 , 9556 , 9491 , 9434 , 9536 , 9481 , 9566 , 5977 , 5980 , 5979 , 6027 , 5925 , 5979 , 5977 , 5979 , 5845 , 5865 , 5979 , 6027 , 6008 , 6194 , 5979 , 6519 , 6001 , 6651 , 5513 , 6424 , 6495 , 6597 , 5911 , 5857 , 6373 , 6579 , 6614 , 148 , 6326 , 6493 , 6597 , 5760 , 6711 , 6650 , 6418 , 6646 , 0 , 6413 , 5495 , 
RegressionTest0::test38 , 3861 , 3735 , 3756 , 4232 , 3845 , 3631 , 4121 , 4013 , 4013 , 3993 , 3775 , 4239 , 4131 , 4130 , 3840 , 3723 , 4239 , 3917 , 4041 , 3966 , 3813 , 3895 , 3929 , 3891 , 3806 , 3816 , 3874 , 3823 , 3913 , 3191 , 3240 , 3205 , 3199 , 3249 , 3206 , 3206 , 3203 , 3344 , 3243 , 3205 , 3207 , 3229 , 4878 , 3206 , 550 , 1466 , 1055 , 3740 , 699 , 301 , 519 , 3255 , 3314 , 1462 , 834 , 734 , 6298 , 1353 , 651 , 519 , 3377 , 827 , 684 , 1505 , 672 , 6413 , 0 , 2856 , 
RegressionTest0::test39 , 5941 , 5771 , 5779 , 6371 , 5942 , 5666 , 6258 , 6122 , 6118 , 6099 , 5766 , 6378 , 6263 , 6262 , 5892 , 5755 , 6378 , 6050 , 6177 , 6086 , 5933 , 6004 , 6052 , 6020 , 5942 , 5925 , 5990 , 5938 , 6033 , 4291 , 4199 , 4289 , 4275 , 4240 , 4290 , 4290 , 4289 , 4177 , 4260 , 4289 , 4276 , 4291 , 5106 , 4290 , 2849 , 3116 , 2867 , 4229 , 2806 , 2847 , 2904 , 4241 , 4138 , 2615 , 2995 , 3001 , 5386 , 2363 , 2901 , 2904 , 4203 , 3051 , 2953 , 2786 , 2943 , 5495 , 2856 , 0 , 
