: , RegressionTest0::test001 , RegressionTest0::test002 , RegressionTest0::test003 , RegressionTest0::test004 , RegressionTest0::test005 , RegressionTest0::test006 , RegressionTest0::test007 , RegressionTest0::test008 , RegressionTest0::test009 , RegressionTest0::test010 , RegressionTest0::test011 , RegressionTest0::test012 , RegressionTest0::test013 , RegressionTest0::test014 , RegressionTest0::test015 , RegressionTest0::test016 , RegressionTest0::test017 , RegressionTest0::test018 , RegressionTest0::test019 , RegressionTest0::test020 , RegressionTest0::test021 , RegressionTest0::test022 , RegressionTest0::test023 , RegressionTest0::test024 , RegressionTest0::test025 , RegressionTest0::test026 , RegressionTest0::test027 , RegressionTest0::test028 , RegressionTest0::test029 , RegressionTest0::test030 , RegressionTest0::test031 , RegressionTest0::test032 , RegressionTest0::test033 , RegressionTest0::test034 , RegressionTest0::test035 , RegressionTest0::test036 , RegressionTest0::test037 , RegressionTest0::test038 , RegressionTest0::test039 , RegressionTest0::test040 , RegressionTest0::test041 , RegressionTest0::test042 , RegressionTest0::test043 , RegressionTest0::test044 , RegressionTest0::test045 , RegressionTest0::test046 , RegressionTest0::test047 , RegressionTest0::test048 , RegressionTest0::test049 , RegressionTest0::test050 , RegressionTest0::test051 , RegressionTest0::test052 , RegressionTest0::test053 , RegressionTest0::test054 , RegressionTest0::test055 , RegressionTest0::test056 , RegressionTest0::test057 , RegressionTest0::test058 , RegressionTest0::test059 , RegressionTest0::test060 , RegressionTest0::test061 , RegressionTest0::test062 , RegressionTest0::test063 , RegressionTest0::test064 , RegressionTest0::test065 , RegressionTest0::test066 , RegressionTest0::test067 , RegressionTest0::test068 , RegressionTest0::test069 , RegressionTest0::test070 , RegressionTest0::test071 , RegressionTest0::test072 , RegressionTest0::test073 , RegressionTest0::test074 , RegressionTest0::test075 , RegressionTest0::test076 , RegressionTest0::test077 , RegressionTest0::test078 , RegressionTest0::test079 , RegressionTest0::test080 , RegressionTest0::test081 , RegressionTest0::test082 , RegressionTest0::test083 , RegressionTest0::test084 , RegressionTest0::test085 , RegressionTest0::test086 , RegressionTest0::test087 , RegressionTest0::test088 , RegressionTest0::test089 , RegressionTest0::test090 , RegressionTest0::test091 , RegressionTest0::test092 , RegressionTest0::test093 , RegressionTest0::test094 , RegressionTest0::test095 , RegressionTest0::test096 , RegressionTest0::test097 , RegressionTest0::test098 , RegressionTest0::test099 , RegressionTest0::test100 , RegressionTest0::test101 , RegressionTest0::test102 , RegressionTest0::test103 , RegressionTest0::test104 , RegressionTest0::test105 , AbstractLeastSquaresOptimizer_ESTest::test00 , AbstractLeastSquaresOptimizer_ESTest::test01 , AbstractLeastSquaresOptimizer_ESTest::test02 , AbstractLeastSquaresOptimizer_ESTest::test03 , AbstractLeastSquaresOptimizer_ESTest::test04 , AbstractLeastSquaresOptimizer_ESTest::test05 , AbstractLeastSquaresOptimizer_ESTest::test06 , AbstractLeastSquaresOptimizer_ESTest::test07 , AbstractLeastSquaresOptimizer_ESTest::test08 , AbstractLeastSquaresOptimizer_ESTest::test09 , AbstractLeastSquaresOptimizer_ESTest::test10 , AbstractLeastSquaresOptimizer_ESTest::test11 , AbstractLeastSquaresOptimizer_ESTest::test12 , AbstractLeastSquaresOptimizer_ESTest::test13 , AbstractLeastSquaresOptimizer_ESTest::test14 , LevenbergMarquardtOptimizerTest::testTrivial , LevenbergMarquardtOptimizerTest::testQRColumnsPermutation , LevenbergMarquardtOptimizerTest::testNoDependency , LevenbergMarquardtOptimizerTest::testOneSet , LevenbergMarquardtOptimizerTest::testTwoSets , LevenbergMarquardtOptimizerTest::testNonInversible , LevenbergMarquardtOptimizerTest::testIllConditioned , LevenbergMarquardtOptimizerTest::testMoreEstimatedParametersSimple , LevenbergMarquardtOptimizerTest::testMoreEstimatedParametersUnsorted , LevenbergMarquardtOptimizerTest::testRedundantEquations , LevenbergMarquardtOptimizerTest::testInconsistentEquations , LevenbergMarquardtOptimizerTest::testInconsistentSizes , LevenbergMarquardtOptimizerTest::testControlParameters , LevenbergMarquardtOptimizerTest::testCircleFitting , LevenbergMarquardtOptimizerTest::testCircleFittingBadInit , LevenbergMarquardtOptimizerTest::testMath199 , 
RegressionTest0::test001 , 0 , 3708 , 3927 , 3883 , 3846 , 2622 , 3766 , 3765 , 2026 , 4324 , 2300 , 4053 , 4414 , 2253 , 4500 , 3701 , 4118 , 3459 , 3861 , 4375 , 3093 , 4079 , 6051 , 4150 , 4149 , 6507 , 6142 , 4432 , 2062 , 4071 , 4505 , 4307 , 3510 , 4218 , 2578 , 1996 , 2238 , 4362 , 3832 , 6327 , 7203 , 4068 , 2419 , 3215 , 4158 , 3893 , 2503 , 4489 , 3707 , 4230 , 2134 , 2487 , 4115 , 1977 , 3925 , 3339 , 3979 , 4038 , 3509 , 3732 , 4102 , 4251 , 2975 , 3954 , 4120 , 4466 , 6249 , 3320 , 3895 , 4053 , 4203 , 2762 , 2269 , 3379 , 3748 , 1833 , 5742 , 3853 , 1913 , 7010 , 3873 , 2311 , 3438 , 3432 , 3067 , 3477 , 2238 , 3128 , 3492 , 1927 , 3743 , 3640 , 4421 , 3802 , 4692 , 4416 , 3859 , 3788 , 3283 , 2011 , 3373 , 4418 , 3326 , 4245 , 3363 , 4597 , 4750 , 4695 , 4765 , 4693 , 4694 , 4749 , 4641 , 3873 , 3877 , 4651 , 4020 , 4654 , 4712 , 4517 , 3908 , 3451 , 2971 , 3517 , 2819 , 3441 , 3254 , 3612 , 2899 , 3697 , 3823 , 3256 , 4058 , 3152 , 16476 , 3833 , 
RegressionTest0::test002 , 3708 , 0 , 543 , 433 , 511 , 5232 , 532 , 532 , 2210 , 930 , 2075 , 707 , 1096 , 3778 , 1159 , 6200 , 753 , 484 , 460 , 1054 , 5639 , 743 , 8505 , 786 , 765 , 9049 , 8697 , 1100 , 3592 , 770 , 1169 , 944 , 6055 , 851 , 5067 , 3346 , 3754 , 995 , 428 , 8880 , 9767 , 681 , 4873 , 5834 , 827 , 494 , 4963 , 1143 , 481 , 956 , 2393 , 4957 , 752 , 2588 , 529 , 780 , 649 , 735 , 457 , 411 , 736 , 892 , 5552 , 510 , 770 , 1128 , 8810 , 1040 , 657 , 737 , 862 , 1695 , 3808 , 5396 , 579 , 2888 , 8541 , 492 , 3024 , 9782 , 694 , 3909 , 588 , 601 , 5600 , 528 , 3754 , 1300 , 590 , 2948 , 401 , 331 , 1089 , 6392 , 7277 , 1098 , 490 , 610 , 921 , 3358 , 782 , 1089 , 823 , 975 , 771 , 1269 , 1404 , 1348 , 1416 , 1350 , 1352 , 1402 , 1343 , 979 , 974 , 1346 , 1010 , 1351 , 1390 , 1276 , 1010 , 1179 , 3068 , 1188 , 3649 , 1331 , 4470 , 1144 , 2745 , 1041 , 1002 , 1733 , 977 , 4236 , 18987 , 1085 , 
RegressionTest0::test003 , 3927 , 543 , 0 , 226 , 357 , 5521 , 430 , 429 , 2407 , 613 , 2411 , 419 , 741 , 4101 , 802 , 6501 , 462 , 841 , 352 , 738 , 5928 , 435 , 8819 , 489 , 521 , 9386 , 9016 , 764 , 3915 , 590 , 811 , 604 , 6360 , 532 , 5347 , 3664 , 4078 , 640 , 393 , 9207 , 10099 , 532 , 5147 , 6141 , 493 , 300 , 5230 , 800 , 511 , 654 , 2715 , 5238 , 461 , 2885 , 249 , 1107 , 424 , 495 , 787 , 553 , 504 , 504 , 5833 , 150 , 482 , 788 , 9118 , 1151 , 451 , 511 , 517 , 1942 , 4139 , 5708 , 350 , 3230 , 8848 , 299 , 3351 , 10100 , 599 , 4264 , 919 , 997 , 5899 , 861 , 4078 , 1635 , 860 , 3274 , 520 , 613 , 765 , 6701 , 7586 , 757 , 314 , 357 , 1281 , 3672 , 1124 , 761 , 1202 , 670 , 1149 , 928 , 1051 , 1003 , 1054 , 1002 , 1004 , 1044 , 1003 , 848 , 841 , 1013 , 800 , 1004 , 1048 , 949 , 758 , 1242 , 3219 , 1223 , 3794 , 1411 , 4673 , 1150 , 2857 , 946 , 831 , 1856 , 756 , 4464 , 19312 , 993 , 
RegressionTest0::test004 , 3883 , 433 , 226 , 0 , 383 , 5490 , 399 , 398 , 2357 , 643 , 2353 , 422 , 757 , 4037 , 836 , 6460 , 473 , 746 , 358 , 739 , 5897 , 488 , 8752 , 516 , 461 , 9327 , 8944 , 785 , 3854 , 529 , 846 , 634 , 6337 , 526 , 5311 , 3599 , 4012 , 684 , 400 , 9145 , 10042 , 400 , 5123 , 6086 , 552 , 296 , 5209 , 832 , 572 , 639 , 2650 , 5203 , 496 , 2836 , 296 , 1045 , 427 , 432 , 724 , 564 , 410 , 552 , 5811 , 194 , 481 , 815 , 9064 , 1095 , 376 , 452 , 586 , 1856 , 4052 , 5665 , 350 , 3172 , 8794 , 274 , 3300 , 10055 , 554 , 4200 , 848 , 901 , 5859 , 789 , 4012 , 1572 , 826 , 3219 , 557 , 639 , 785 , 6659 , 7539 , 770 , 368 , 367 , 1203 , 3612 , 1052 , 777 , 1146 , 660 , 1063 , 972 , 1086 , 1042 , 1100 , 1046 , 1047 , 1087 , 1036 , 848 , 850 , 1047 , 830 , 1047 , 1081 , 984 , 784 , 1243 , 3198 , 1200 , 3763 , 1402 , 4645 , 1121 , 2838 , 910 , 882 , 1839 , 806 , 4413 , 19278 , 1008 , 
RegressionTest0::test005 , 3846 , 511 , 357 , 383 , 0 , 5411 , 198 , 198 , 2315 , 738 , 2339 , 449 , 854 , 3976 , 928 , 6370 , 522 , 764 , 78 , 819 , 5809 , 517 , 8711 , 557 , 512 , 9263 , 8901 , 866 , 3808 , 531 , 931 , 698 , 6249 , 614 , 5228 , 3542 , 3946 , 780 , 160 , 9100 , 9976 , 512 , 5031 , 6019 , 597 , 172 , 5139 , 910 , 329 , 717 , 2632 , 5134 , 519 , 2808 , 305 , 1019 , 444 , 527 , 688 , 472 , 555 , 684 , 5735 , 335 , 531 , 894 , 9018 , 1075 , 447 , 532 , 644 , 1907 , 4017 , 5608 , 438 , 3116 , 8723 , 331 , 3275 , 9980 , 581 , 4144 , 820 , 918 , 5785 , 762 , 3945 , 1526 , 814 , 3183 , 470 , 633 , 862 , 6596 , 7471 , 871 , 308 , 424 , 1155 , 3549 , 1001 , 856 , 1082 , 735 , 990 , 1059 , 1186 , 1141 , 1198 , 1142 , 1139 , 1183 , 1127 , 843 , 835 , 1132 , 860 , 1130 , 1173 , 1068 , 841 , 1229 , 3167 , 1192 , 3742 , 1397 , 4605 , 1148 , 2824 , 966 , 913 , 1799 , 853 , 4356 , 19194 , 1034 , 
RegressionTest0::test006 , 2622 , 5232 , 5521 , 5490 , 5411 , 0 , 5343 , 5344 , 3734 , 5973 , 3593 , 5667 , 6084 , 2953 , 6169 , 1824 , 5742 , 4960 , 5436 , 6039 , 519 , 5708 , 5127 , 5785 , 5766 , 5268 , 4930 , 6103 , 2958 , 5698 , 6176 , 5955 , 1136 , 5851 , 437 , 3062 , 2944 , 6021 , 5387 , 5086 , 5926 , 5692 , 1485 , 1860 , 5793 , 5467 , 531 , 6161 , 5253 , 5894 , 3500 , 541 , 5747 , 3424 , 5529 , 4768 , 5594 , 5663 , 5025 , 5265 , 5731 , 5891 , 664 , 5549 , 5753 , 6141 , 5030 , 4933 , 5506 , 5664 , 5845 , 4225 , 2912 , 2808 , 5314 , 3160 , 4546 , 5428 , 3035 , 5607 , 5492 , 2905 , 4954 , 4872 , 682 , 4983 , 2943 , 4502 , 5007 , 3084 , 5291 , 5164 , 6083 , 2719 , 4043 , 6083 , 5444 , 5364 , 4724 , 3077 , 4801 , 6080 , 4777 , 5899 , 4818 , 6264 , 6426 , 6367 , 6442 , 6368 , 6370 , 6425 , 6319 , 5494 , 5498 , 6331 , 5633 , 6331 , 6387 , 6195 , 5530 , 5032 , 4290 , 5107 , 4003 , 5024 , 3844 , 5229 , 4240 , 5321 , 5470 , 4772 , 5657 , 3847 , 15539 , 5403 , 
RegressionTest0::test007 , 3766 , 532 , 430 , 399 , 198 , 5343 , 0 , 3 , 2245 , 828 , 2282 , 536 , 945 , 3909 , 1020 , 6290 , 621 , 724 , 229 , 899 , 5742 , 613 , 8614 , 643 , 620 , 9189 , 8801 , 950 , 3718 , 622 , 1031 , 814 , 6179 , 712 , 5159 , 3475 , 3884 , 877 , 182 , 9004 , 9882 , 512 , 4969 , 5955 , 684 , 294 , 5073 , 1006 , 344 , 791 , 2540 , 5075 , 609 , 2707 , 383 , 936 , 525 , 550 , 593 , 477 , 544 , 750 , 5627 , 419 , 628 , 991 , 8923 , 1021 , 457 , 540 , 722 , 1829 , 3887 , 5511 , 402 , 3005 , 8629 , 330 , 3176 , 9891 , 636 , 4066 , 727 , 876 , 5714 , 746 , 3884 , 1439 , 823 , 3098 , 465 , 628 , 954 , 6509 , 7379 , 958 , 396 , 377 , 1115 , 3480 , 985 , 943 , 1016 , 804 , 986 , 1154 , 1282 , 1234 , 1292 , 1235 , 1230 , 1276 , 1217 , 862 , 859 , 1223 , 914 , 1221 , 1267 , 1157 , 897 , 1181 , 3116 , 1144 , 3675 , 1352 , 4533 , 1115 , 2767 , 973 , 975 , 1764 , 924 , 4288 , 19097 , 1073 , 
RegressionTest0::test008 , 3765 , 532 , 429 , 398 , 198 , 5344 , 3 , 0 , 2245 , 828 , 2282 , 535 , 943 , 3910 , 1022 , 6291 , 621 , 724 , 229 , 899 , 5743 , 613 , 8615 , 642 , 620 , 9190 , 8800 , 948 , 3718 , 622 , 1031 , 814 , 6179 , 712 , 5159 , 3476 , 3885 , 877 , 182 , 9005 , 9883 , 511 , 4969 , 5956 , 683 , 294 , 5073 , 1005 , 345 , 791 , 2541 , 5075 , 609 , 2708 , 383 , 936 , 525 , 550 , 594 , 476 , 544 , 749 , 5625 , 419 , 628 , 992 , 8925 , 1023 , 458 , 541 , 722 , 1829 , 3888 , 5510 , 402 , 3006 , 8629 , 330 , 3178 , 9889 , 635 , 4066 , 728 , 877 , 5714 , 746 , 3885 , 1440 , 823 , 3098 , 465 , 630 , 955 , 6509 , 7379 , 960 , 396 , 378 , 1116 , 3481 , 985 , 943 , 1016 , 803 , 986 , 1154 , 1283 , 1234 , 1292 , 1235 , 1231 , 1276 , 1217 , 862 , 859 , 1223 , 914 , 1221 , 1267 , 1157 , 897 , 1181 , 3115 , 1144 , 3675 , 1351 , 4534 , 1115 , 2767 , 972 , 974 , 1765 , 924 , 4289 , 19097 , 1072 , 
RegressionTest0::test009 , 2026 , 2210 , 2407 , 2357 , 2315 , 3734 , 2245 , 2245 , 0 , 2742 , 1384 , 2492 , 2815 , 2738 , 2898 , 4696 , 2548 , 2077 , 2325 , 2777 , 4147 , 2522 , 7110 , 2581 , 2575 , 7549 , 7201 , 2833 , 2593 , 2575 , 2901 , 2728 , 4597 , 2640 , 3569 , 2384 , 2716 , 2784 , 2307 , 7389 , 8265 , 2503 , 3339 , 4359 , 2587 , 2354 , 3453 , 2889 , 2177 , 2638 , 1529 , 3436 , 2546 , 1760 , 2403 , 1924 , 2426 , 2476 , 2028 , 2218 , 2539 , 2678 , 4062 , 2433 , 2554 , 2872 , 7319 , 1814 , 2344 , 2491 , 2627 , 1530 , 2776 , 4166 , 2242 , 1964 , 6983 , 2345 , 2086 , 8240 , 2397 , 2891 , 1976 , 2009 , 4119 , 2000 , 2716 , 1781 , 2005 , 2004 , 2223 , 2154 , 2828 , 4929 , 5815 , 2819 , 2338 , 2275 , 1898 , 2376 , 1971 , 2822 , 1929 , 2647 , 1945 , 3005 , 3148 , 3094 , 3159 , 3093 , 3091 , 3146 , 3067 , 2422 , 2422 , 3076 , 2528 , 3074 , 3119 , 2952 , 2416 , 2055 , 2264 , 2083 , 2754 , 2023 , 3505 , 2168 , 2040 , 2227 , 2330 , 2050 , 2545 , 3310 , 17527 , 2410 , 
RegressionTest0::test010 , 4324 , 930 , 613 , 643 , 738 , 5973 , 828 , 828 , 2742 , 0 , 2856 , 426 , 287 , 4571 , 303 , 6962 , 331 , 1279 , 694 , 279 , 6396 , 370 , 9297 , 284 , 289 , 9873 , 9490 , 260 , 4382 , 359 , 315 , 68 , 6841 , 195 , 5804 , 4128 , 4547 , 100 , 752 , 9691 , 10585 , 390 , 5581 , 6597 , 283 , 653 , 5699 , 282 , 908 , 314 , 3166 , 5694 , 320 , 3353 , 594 , 1575 , 493 , 421 , 1242 , 903 , 348 , 157 , 6311 , 559 , 326 , 271 , 9609 , 1395 , 616 , 435 , 213 , 2354 , 4602 , 6200 , 841 , 3691 , 9325 , 705 , 3818 , 10595 , 631 , 4732 , 1374 , 1431 , 6370 , 1311 , 4547 , 2082 , 1330 , 3735 , 894 , 1105 , 278 , 7167 , 8052 , 269 , 719 , 838 , 1709 , 4134 , 1564 , 263 , 1654 , 336 , 1575 , 443 , 526 , 498 , 530 , 496 , 501 , 523 , 491 , 945 , 938 , 499 , 783 , 510 , 535 , 477 , 865 , 1461 , 3500 , 1392 , 4123 , 1588 , 5055 , 1343 , 3139 , 1125 , 955 , 2096 , 785 , 4829 , 19820 , 1136 , 
RegressionTest0::test011 , 2300 , 2075 , 2411 , 2353 , 2339 , 3593 , 2282 , 2282 , 1384 , 2856 , 0 , 2591 , 2976 , 2137 , 3059 , 4523 , 2643 , 1968 , 2317 , 2934 , 4001 , 2614 , 6928 , 2684 , 2678 , 7378 , 7090 , 2995 , 1967 , 2659 , 3061 , 2841 , 4426 , 2758 , 3445 , 1712 , 2119 , 2900 , 2284 , 7269 , 8177 , 2596 , 3328 , 4206 , 2708 , 2359 , 3344 , 3046 , 2221 , 2802 , 923 , 3303 , 2623 , 1110 , 2439 , 1749 , 2513 , 2586 , 1912 , 2186 , 2629 , 2785 , 3931 , 2420 , 2653 , 3029 , 7196 , 2024 , 2458 , 2591 , 2747 , 1476 , 2165 , 3775 , 2241 , 1452 , 6853 , 2307 , 1378 , 8100 , 2495 , 2300 , 1810 , 1783 , 3974 , 1813 , 2119 , 1577 , 1891 , 1244 , 2234 , 2099 , 2987 , 4747 , 5713 , 2977 , 2343 , 2266 , 1629 , 1656 , 1709 , 2981 , 1672 , 2810 , 1745 , 3161 , 3308 , 3254 , 3322 , 3254 , 3253 , 3306 , 3221 , 2574 , 2579 , 3230 , 2684 , 3230 , 3279 , 3106 , 2590 , 2212 , 2462 , 2300 , 2897 , 2256 , 3582 , 2360 , 2248 , 2423 , 2523 , 2235 , 2675 , 3342 , 17518 , 2639 , 
RegressionTest0::test012 , 4053 , 707 , 419 , 422 , 449 , 5667 , 536 , 535 , 2492 , 426 , 2591 , 0 , 546 , 4233 , 621 , 6648 , 184 , 1027 , 435 , 499 , 6084 , 249 , 8962 , 233 , 306 , 9538 , 9160 , 545 , 4069 , 397 , 633 , 442 , 6518 , 368 , 5496 , 3823 , 4211 , 477 , 483 , 9357 , 10237 , 327 , 5259 , 6265 , 278 , 395 , 5374 , 592 , 634 , 457 , 2864 , 5388 , 234 , 3074 , 363 , 1269 , 278 , 236 , 974 , 575 , 292 , 424 , 5994 , 369 , 236 , 588 , 9276 , 1154 , 323 , 209 , 374 , 2092 , 4292 , 5875 , 628 , 3397 , 8981 , 469 , 3536 , 10261 , 424 , 4422 , 1078 , 1152 , 6055 , 1019 , 4211 , 1806 , 1073 , 3447 , 612 , 865 , 557 , 6851 , 7734 , 576 , 463 , 634 , 1421 , 3826 , 1294 , 526 , 1388 , 452 , 1304 , 764 , 876 , 831 , 882 , 834 , 840 , 871 , 826 , 844 , 835 , 835 , 765 , 838 , 873 , 779 , 760 , 1336 , 3297 , 1277 , 3900 , 1487 , 4787 , 1213 , 2963 , 1003 , 847 , 1914 , 730 , 4551 , 19473 , 1053 , 
RegressionTest0::test013 , 4414 , 1096 , 741 , 757 , 854 , 6084 , 945 , 943 , 2815 , 287 , 2976 , 546 , 0 , 4687 , 140 , 7091 , 447 , 1403 , 820 , 151 , 6509 , 471 , 9425 , 405 , 410 , 9999 , 9618 , 80 , 4499 , 498 , 137 , 314 , 6962 , 308 , 5916 , 4248 , 4663 , 246 , 870 , 9818 , 10711 , 493 , 5679 , 6711 , 396 , 779 , 5812 , 145 , 1045 , 238 , 3281 , 5805 , 421 , 3472 , 717 , 1695 , 626 , 540 , 1369 , 1025 , 466 , 322 , 6422 , 714 , 435 , 133 , 9735 , 1451 , 704 , 533 , 395 , 2473 , 4725 , 6319 , 967 , 3810 , 9444 , 839 , 3950 , 10720 , 724 , 4853 , 1505 , 1573 , 6485 , 1445 , 4664 , 2219 , 1474 , 3857 , 1001 , 1240 , 187 , 7290 , 8179 , 164 , 855 , 974 , 1847 , 4254 , 1698 , 148 , 1787 , 263 , 1707 , 359 , 427 , 408 , 429 , 407 , 413 , 433 , 404 , 994 , 988 , 410 , 815 , 406 , 419 , 392 , 913 , 1529 , 3558 , 1456 , 4208 , 1644 , 5142 , 1383 , 3223 , 1175 , 1031 , 2172 , 871 , 4935 , 19936 , 1170 , 
RegressionTest0::test014 , 2253 , 3778 , 4101 , 4037 , 3976 , 2953 , 3909 , 3910 , 2738 , 4571 , 2137 , 4233 , 4687 , 0 , 4770 , 3585 , 4329 , 3550 , 3991 , 4641 , 3153 , 4304 , 5872 , 4380 , 4353 , 6306 , 6042 , 4704 , 871 , 4316 , 4778 , 4549 , 3544 , 4456 , 2769 , 470 , 57 , 4616 , 3968 , 6211 , 6838 , 4290 , 2510 , 3006 , 4390 , 4032 , 2727 , 4763 , 3850 , 4503 , 1896 , 2710 , 4342 , 1639 , 4104 , 3258 , 4195 , 4254 , 3562 , 3857 , 4330 , 4495 , 3105 , 4111 , 4349 , 4743 , 6131 , 3630 , 4107 , 4263 , 4433 , 2873 , 396 , 2087 , 3878 , 1669 , 5824 , 3973 , 1273 , 6793 , 4152 , 564 , 3472 , 3375 , 3162 , 3500 , 58 , 2902 , 3524 , 1474 , 3880 , 3700 , 4689 , 3580 , 4566 , 4684 , 4005 , 3938 , 3169 , 594 , 3306 , 4685 , 3251 , 4516 , 3292 , 4863 , 5027 , 4969 , 5042 , 4968 , 4971 , 5026 , 4927 , 4196 , 4201 , 4934 , 4325 , 4934 , 4989 , 4807 , 4219 , 3786 , 3385 , 3894 , 3232 , 3827 , 3270 , 3956 , 3364 , 4034 , 4152 , 3648 , 4303 , 3049 , 16513 , 4222 , 
RegressionTest0::test015 , 4500 , 1159 , 802 , 836 , 928 , 6169 , 1020 , 1022 , 2898 , 303 , 3059 , 621 , 140 , 4770 , 0 , 7177 , 523 , 1475 , 893 , 208 , 6595 , 551 , 9509 , 484 , 479 , 10084 , 9702 , 132 , 4584 , 563 , 70 , 334 , 7049 , 380 , 6003 , 4329 , 4746 , 254 , 943 , 9902 , 10798 , 577 , 5768 , 6797 , 446 , 846 , 5897 , 93 , 1111 , 336 , 3364 , 5892 , 508 , 3552 , 788 , 1768 , 701 , 620 , 1439 , 1097 , 536 , 356 , 6509 , 768 , 515 , 83 , 9818 , 1529 , 788 , 617 , 437 , 2554 , 4806 , 6405 , 1037 , 3890 , 9531 , 907 , 4030 , 10806 , 800 , 4934 , 1573 , 1640 , 6572 , 1512 , 4746 , 2293 , 1542 , 3938 , 1081 , 1306 , 183 , 7374 , 8265 , 168 , 921 , 1040 , 1920 , 4331 , 1768 , 181 , 1852 , 366 , 1775 , 311 , 346 , 331 , 356 , 330 , 341 , 352 , 344 , 1038 , 1028 , 347 , 867 , 343 , 363 , 389 , 972 , 1588 , 3622 , 1498 , 4276 , 1691 , 5223 , 1418 , 3284 , 1210 , 1058 , 2245 , 900 , 5016 , 20022 , 1220 , 
RegressionTest0::test016 , 3701 , 6200 , 6501 , 6460 , 6370 , 1824 , 6290 , 6291 , 4696 , 6962 , 4523 , 6648 , 7091 , 3585 , 7177 , 0 , 6738 , 5998 , 6401 , 7042 , 1405 , 6707 , 4863 , 6779 , 6766 , 5016 , 4882 , 7109 , 3795 , 6730 , 7182 , 6938 , 1268 , 6855 , 1994 , 3897 , 3586 , 7021 , 6365 , 4994 , 5607 , 6688 , 2191 , 2029 , 6790 , 6445 , 2083 , 7167 , 6223 , 6898 , 4406 , 2096 , 6744 , 4325 , 6504 , 5700 , 6577 , 6653 , 5961 , 6241 , 6726 , 6898 , 1586 , 6524 , 6750 , 7147 , 4961 , 5928 , 6487 , 6661 , 6833 , 5192 , 3550 , 2815 , 6308 , 4115 , 3926 , 6387 , 3900 , 5210 , 6532 , 3431 , 5872 , 5809 , 1563 , 5918 , 3585 , 5350 , 5965 , 3959 , 6271 , 6089 , 7088 , 2797 , 3970 , 7086 , 6408 , 6338 , 5671 , 3836 , 5733 , 7086 , 5666 , 6900 , 5722 , 7267 , 7431 , 7373 , 7448 , 7373 , 7374 , 7431 , 7329 , 6499 , 6506 , 7337 , 6653 , 7337 , 7396 , 7202 , 6527 , 6032 , 5148 , 6105 , 4854 , 6010 , 4574 , 6186 , 5151 , 6301 , 6448 , 5771 , 6639 , 4592 , 15023 , 6446 , 
RegressionTest0::test017 , 4118 , 753 , 462 , 473 , 522 , 5742 , 621 , 621 , 2548 , 331 , 2643 , 184 , 447 , 4329 , 523 , 6738 , 0 , 1060 , 479 , 441 , 6165 , 196 , 9050 , 133 , 233 , 9627 , 9248 , 459 , 4149 , 318 , 525 , 360 , 6604 , 276 , 5576 , 3891 , 4306 , 370 , 530 , 9446 , 10333 , 242 , 5345 , 6355 , 207 , 439 , 5473 , 500 , 709 , 377 , 2950 , 5465 , 132 , 3142 , 420 , 1340 , 286 , 204 , 1036 , 679 , 203 , 331 , 6081 , 406 , 89 , 487 , 9359 , 1206 , 385 , 215 , 285 , 2151 , 4374 , 5966 , 687 , 3470 , 9063 , 532 , 3610 , 10350 , 450 , 4497 , 1171 , 1228 , 6130 , 1104 , 4306 , 1838 , 1147 , 3526 , 692 , 926 , 470 , 6941 , 7821 , 477 , 518 , 691 , 1498 , 3896 , 1368 , 461 , 1444 , 388 , 1369 , 682 , 776 , 738 , 791 , 739 , 740 , 778 , 734 , 872 , 861 , 740 , 754 , 738 , 777 , 688 , 784 , 1358 , 3343 , 1303 , 3949 , 1501 , 4847 , 1240 , 2997 , 1016 , 848 , 1959 , 734 , 4625 , 19570 , 1073 , 
RegressionTest0::test018 , 3459 , 484 , 841 , 746 , 764 , 4960 , 724 , 724 , 2077 , 1279 , 1968 , 1027 , 1403 , 3550 , 1475 , 5998 , 1060 , 0 , 738 , 1368 , 5433 , 1033 , 8253 , 1094 , 1100 , 8816 , 8439 , 1418 , 3363 , 1009 , 1486 , 1263 , 5867 , 1169 , 4906 , 3116 , 3526 , 1315 , 710 , 8610 , 9553 , 1033 , 4738 , 5655 , 1138 , 765 , 4806 , 1467 , 679 , 1258 , 2267 , 4774 , 1068 , 2378 , 866 , 561 , 952 , 1015 , 342 , 721 , 1066 , 1213 , 5358 , 835 , 1066 , 1450 , 8550 , 955 , 901 , 1030 , 1184 , 1583 , 3583 , 5149 , 676 , 2679 , 8298 , 731 , 2839 , 9541 , 848 , 3702 , 508 , 639 , 5424 , 503 , 3526 , 1102 , 524 , 2763 , 673 , 541 , 1409 , 6126 , 6981 , 1413 , 796 , 705 , 725 , 3130 , 593 , 1401 , 671 , 1270 , 588 , 1587 , 1725 , 1672 , 1732 , 1672 , 1672 , 1719 , 1624 , 1136 , 1134 , 1624 , 1191 , 1632 , 1674 , 1545 , 1171 , 1294 , 3004 , 1330 , 3545 , 1300 , 4368 , 1305 , 2669 , 1277 , 1268 , 1609 , 1256 , 4088 , 18769 , 1182 , 
RegressionTest0::test019 , 3861 , 460 , 352 , 358 , 78 , 5436 , 229 , 229 , 2325 , 694 , 2317 , 435 , 820 , 3991 , 893 , 6401 , 479 , 738 , 0 , 782 , 5843 , 480 , 8734 , 513 , 480 , 9279 , 8926 , 837 , 3829 , 495 , 899 , 697 , 6282 , 583 , 5244 , 3561 , 3969 , 743 , 130 , 9125 , 10000 , 469 , 5044 , 6040 , 574 , 137 , 5160 , 878 , 358 , 683 , 2632 , 5147 , 485 , 2827 , 326 , 1025 , 413 , 506 , 707 , 426 , 518 , 640 , 5747 , 290 , 496 , 861 , 9043 , 1077 , 412 , 534 , 634 , 1915 , 4038 , 5628 , 426 , 3135 , 8745 , 289 , 3290 , 10003 , 566 , 4161 , 837 , 903 , 5800 , 777 , 3971 , 1547 , 834 , 3200 , 432 , 658 , 831 , 6617 , 7488 , 834 , 325 , 447 , 1176 , 3566 , 1004 , 823 , 1117 , 700 , 995 , 1031 , 1151 , 1107 , 1165 , 1108 , 1104 , 1150 , 1094 , 845 , 841 , 1098 , 842 , 1102 , 1140 , 1035 , 816 , 1227 , 3168 , 1183 , 3744 , 1391 , 4606 , 1151 , 2831 , 940 , 876 , 1796 , 832 , 4381 , 19220 , 1028 , 
RegressionTest0::test020 , 4375 , 1054 , 738 , 739 , 819 , 6039 , 899 , 899 , 2777 , 279 , 2934 , 499 , 151 , 4641 , 208 , 7042 , 441 , 1368 , 782 , 0 , 6464 , 488 , 9372 , 382 , 386 , 9946 , 9566 , 125 , 4460 , 468 , 197 , 298 , 6915 , 308 , 5871 , 4206 , 4620 , 247 , 834 , 9765 , 10662 , 467 , 5635 , 6662 , 387 , 742 , 5766 , 178 , 999 , 206 , 3238 , 5761 , 440 , 3433 , 705 , 1660 , 573 , 511 , 1338 , 963 , 439 , 335 , 6376 , 672 , 420 , 167 , 9682 , 1393 , 676 , 501 , 399 , 2437 , 4684 , 6274 , 941 , 3768 , 9393 , 813 , 3904 , 10671 , 719 , 4807 , 1465 , 1526 , 6438 , 1403 , 4620 , 2178 , 1427 , 3814 , 983 , 1207 , 141 , 7243 , 8135 , 187 , 823 , 937 , 1809 , 4209 , 1668 , 113 , 1751 , 253 , 1672 , 392 , 470 , 442 , 480 , 442 , 459 , 473 , 433 , 973 , 966 , 440 , 790 , 454 , 476 , 419 , 883 , 1493 , 3537 , 1431 , 4178 , 1620 , 5107 , 1353 , 3200 , 1161 , 1010 , 2138 , 860 , 4896 , 19888 , 1151 , 
RegressionTest0::test021 , 3093 , 5639 , 5928 , 5897 , 5809 , 519 , 5742 , 5743 , 4147 , 6396 , 4001 , 6084 , 6509 , 3153 , 6595 , 1405 , 6165 , 5433 , 5843 , 6464 , 0 , 6130 , 5046 , 6205 , 6187 , 5069 , 4854 , 6525 , 3353 , 6150 , 6598 , 6370 , 676 , 6274 , 846 , 3450 , 3140 , 6443 , 5803 , 4948 , 5780 , 6112 , 1908 , 1972 , 6212 , 5879 , 953 , 6584 , 5656 , 6315 , 3896 , 961 , 6164 , 3829 , 5922 , 5169 , 6007 , 6082 , 5400 , 5676 , 6152 , 6312 , 377 , 5951 , 6173 , 6563 , 4943 , 5338 , 5926 , 6087 , 6260 , 4641 , 3142 , 2770 , 5728 , 3601 , 4280 , 5837 , 3434 , 5371 , 5953 , 3077 , 5342 , 5263 , 425 , 5366 , 3141 , 4817 , 5390 , 3502 , 5702 , 5542 , 6510 , 2813 , 3953 , 6504 , 5842 , 5769 , 5117 , 3468 , 5195 , 6507 , 5115 , 6323 , 5179 , 6686 , 6851 , 6792 , 6867 , 6792 , 6794 , 6850 , 6738 , 5896 , 5901 , 6743 , 6043 , 6744 , 6807 , 6615 , 5935 , 5439 , 4645 , 5519 , 4375 , 5431 , 4181 , 5638 , 4629 , 5735 , 5880 , 5165 , 6069 , 4175 , 15336 , 5868 , 
RegressionTest0::test022 , 4079 , 743 , 435 , 488 , 517 , 5708 , 613 , 613 , 2522 , 370 , 2614 , 249 , 471 , 4304 , 551 , 6707 , 196 , 1033 , 480 , 488 , 6130 , 0 , 9009 , 215 , 292 , 9585 , 9208 , 500 , 4111 , 369 , 558 , 392 , 6575 , 338 , 5537 , 3865 , 4280 , 401 , 519 , 9405 , 10295 , 300 , 5296 , 6311 , 224 , 428 , 5429 , 556 , 696 , 398 , 2904 , 5426 , 176 , 3104 , 380 , 1342 , 306 , 213 , 1023 , 685 , 273 , 368 , 6040 , 404 , 194 , 545 , 9325 , 1193 , 372 , 239 , 333 , 2130 , 4335 , 5923 , 678 , 3437 , 9034 , 547 , 3574 , 10312 , 410 , 4445 , 1153 , 1216 , 6106 , 1075 , 4281 , 1842 , 1125 , 3483 , 649 , 904 , 527 , 6904 , 7777 , 464 , 512 , 669 , 1477 , 3872 , 1348 , 516 , 1432 , 369 , 1355 , 721 , 822 , 782 , 829 , 782 , 786 , 818 , 773 , 844 , 835 , 778 , 761 , 778 , 819 , 722 , 773 , 1323 , 3315 , 1275 , 3915 , 1475 , 4818 , 1228 , 2966 , 1007 , 841 , 1938 , 733 , 4603 , 19530 , 1067 , 
RegressionTest0::test023 , 6051 , 8505 , 8819 , 8752 , 8711 , 5127 , 8614 , 8615 , 7110 , 9297 , 6928 , 8962 , 9425 , 5872 , 9509 , 4863 , 9050 , 8253 , 8734 , 9372 , 5046 , 9009 , 0 , 9092 , 9085 , 3307 , 2937 , 9436 , 5867 , 9056 , 9511 , 9272 , 5054 , 9179 , 5112 , 6053 , 5874 , 9349 , 8686 , 3159 , 4123 , 8993 , 5315 , 4690 , 9106 , 8771 , 5200 , 9498 , 8543 , 9219 , 6625 , 5212 , 9051 , 6458 , 8823 , 7984 , 8897 , 8956 , 8265 , 8572 , 9035 , 9220 , 4965 , 8842 , 9063 , 9475 , 3010 , 8199 , 8797 , 8956 , 9163 , 7354 , 5799 , 5113 , 8608 , 6314 , 4170 , 8717 , 6245 , 5070 , 8831 , 5707 , 8149 , 8130 , 4927 , 8203 , 5873 , 7641 , 8262 , 6339 , 8585 , 8426 , 9413 , 4578 , 4318 , 9408 , 8730 , 8640 , 7895 , 6081 , 8054 , 9414 , 8003 , 9222 , 8030 , 9594 , 9765 , 9706 , 9782 , 9706 , 9706 , 9765 , 9659 , 8780 , 8786 , 9665 , 8944 , 9665 , 9728 , 9539 , 8836 , 8304 , 7121 , 8385 , 6776 , 8285 , 6452 , 8478 , 7223 , 8611 , 8750 , 7988 , 8919 , 6476 , 14107 , 8701 , 
RegressionTest0::test024 , 4150 , 786 , 489 , 516 , 557 , 5785 , 643 , 642 , 2581 , 284 , 2684 , 233 , 405 , 4380 , 484 , 6779 , 133 , 1094 , 513 , 382 , 6205 , 215 , 9092 , 0 , 207 , 9670 , 9289 , 372 , 4188 , 298 , 486 , 308 , 6652 , 240 , 5613 , 3944 , 4357 , 314 , 550 , 9488 , 10373 , 256 , 5385 , 6393 , 136 , 467 , 5513 , 445 , 714 , 348 , 2989 , 5501 , 147 , 3171 , 437 , 1392 , 292 , 211 , 1063 , 709 , 223 , 280 , 6120 , 423 , 112 , 435 , 9404 , 1220 , 387 , 219 , 246 , 2190 , 4387 , 5999 , 715 , 3502 , 9113 , 558 , 3646 , 10388 , 468 , 4538 , 1209 , 1264 , 6183 , 1149 , 4359 , 1908 , 1184 , 3561 , 707 , 951 , 425 , 6978 , 7847 , 445 , 553 , 711 , 1541 , 3951 , 1394 , 420 , 1485 , 355 , 1397 , 643 , 729 , 696 , 743 , 696 , 698 , 733 , 686 , 878 , 868 , 689 , 744 , 701 , 731 , 652 , 802 , 1381 , 3367 , 1316 , 3980 , 1513 , 4885 , 1261 , 3025 , 1032 , 869 , 1986 , 725 , 4666 , 19617 , 1083 , 
RegressionTest0::test025 , 4149 , 765 , 521 , 461 , 512 , 5766 , 620 , 620 , 2575 , 289 , 2678 , 306 , 410 , 4353 , 479 , 6766 , 233 , 1100 , 480 , 386 , 6187 , 292 , 9085 , 207 , 0 , 9660 , 9282 , 426 , 4179 , 173 , 481 , 321 , 6648 , 143 , 5607 , 3910 , 4326 , 330 , 517 , 9476 , 10365 , 158 , 5387 , 6389 , 192 , 514 , 5506 , 465 , 728 , 321 , 2970 , 5494 , 222 , 3170 , 501 , 1370 , 386 , 240 , 1061 , 732 , 113 , 233 , 6112 , 471 , 232 , 448 , 9395 , 1227 , 427 , 254 , 251 , 2173 , 4407 , 5999 , 679 , 3496 , 9109 , 509 , 3631 , 10382 , 457 , 4533 , 1192 , 1244 , 6174 , 1132 , 4327 , 1905 , 1182 , 3550 , 728 , 947 , 417 , 6974 , 7854 , 438 , 622 , 681 , 1543 , 3917 , 1387 , 415 , 1483 , 343 , 1384 , 642 , 741 , 698 , 749 , 696 , 703 , 738 , 691 , 883 , 876 , 697 , 749 , 702 , 736 , 652 , 812 , 1360 , 3368 , 1300 , 3975 , 1499 , 4875 , 1252 , 3014 , 1030 , 907 , 1973 , 746 , 4663 , 19611 , 1061 , 
RegressionTest0::test026 , 6507 , 9049 , 9386 , 9327 , 9263 , 5268 , 9189 , 9190 , 7549 , 9873 , 7378 , 9538 , 9999 , 6306 , 10084 , 5016 , 9627 , 8816 , 9279 , 9946 , 5069 , 9585 , 3307 , 9670 , 9660 , 0 , 609 , 10011 , 6450 , 9631 , 10086 , 9848 , 4920 , 9757 , 5282 , 6522 , 6284 , 9924 , 9231 , 852 , 2685 , 9567 , 5577 , 5086 , 9681 , 9324 , 5295 , 10074 , 9093 , 9792 , 7047 , 5236 , 9631 , 7069 , 9388 , 8556 , 9467 , 9536 , 8827 , 9106 , 9611 , 9796 , 5063 , 9409 , 9638 , 10051 , 774 , 8750 , 9371 , 9540 , 9736 , 7905 , 6226 , 5404 , 9171 , 6842 , 3953 , 9278 , 6762 , 4178 , 9395 , 6187 , 8719 , 8669 , 4993 , 8760 , 6285 , 8195 , 8802 , 6784 , 9111 , 9001 , 9988 , 4709 , 4823 , 9985 , 9293 , 9210 , 8463 , 6542 , 8547 , 9985 , 8525 , 9794 , 8539 , 10170 , 10341 , 10282 , 10358 , 10282 , 10282 , 10341 , 10234 , 9357 , 9353 , 10241 , 9499 , 10241 , 10304 , 10110 , 9387 , 8847 , 7650 , 8931 , 7267 , 8825 , 6941 , 9009 , 7755 , 9160 , 9300 , 8499 , 9481 , 7006 , 13795 , 9270 , 
RegressionTest0::test027 , 6142 , 8697 , 9016 , 8944 , 8901 , 4930 , 8801 , 8800 , 7201 , 9490 , 7090 , 9160 , 9618 , 6042 , 9702 , 4882 , 9248 , 8439 , 8926 , 9566 , 4854 , 9208 , 2937 , 9289 , 9282 , 609 , 0 , 9630 , 6083 , 9250 , 9704 , 9468 , 4774 , 9375 , 4938 , 6218 , 6047 , 9542 , 8881 , 613 , 2597 , 9192 , 5295 , 4716 , 9303 , 8963 , 4938 , 9692 , 8728 , 9412 , 6738 , 5001 , 9252 , 6683 , 9009 , 8188 , 9087 , 9154 , 8455 , 8753 , 9227 , 9414 , 4811 , 9030 , 9261 , 9669 , 442 , 8381 , 8989 , 9158 , 9357 , 7532 , 6024 , 5119 , 8796 , 6472 , 3792 , 8901 , 6408 , 4590 , 9023 , 5914 , 8345 , 8320 , 4780 , 8401 , 6048 , 7823 , 8445 , 6499 , 8774 , 8628 , 9608 , 4384 , 4442 , 9603 , 8925 , 8806 , 8055 , 6240 , 8246 , 9606 , 8195 , 9416 , 8218 , 9788 , 9959 , 9900 , 9976 , 9900 , 9900 , 9959 , 9852 , 8976 , 8982 , 9860 , 9130 , 9859 , 9922 , 9729 , 9007 , 8476 , 7297 , 8555 , 6921 , 8456 , 6592 , 8652 , 7384 , 8783 , 8933 , 8126 , 9105 , 6666 , 13871 , 8893 , 
RegressionTest0::test028 , 4432 , 1100 , 764 , 785 , 866 , 6103 , 950 , 948 , 2833 , 260 , 2995 , 545 , 80 , 4704 , 132 , 7109 , 459 , 1418 , 837 , 125 , 6525 , 500 , 9436 , 372 , 426 , 10011 , 9630 , 0 , 4515 , 510 , 139 , 295 , 6976 , 330 , 5929 , 4263 , 4680 , 232 , 872 , 9831 , 10728 , 509 , 5697 , 6726 , 418 , 783 , 5828 , 84 , 1026 , 265 , 3300 , 5821 , 477 , 3486 , 737 , 1712 , 606 , 527 , 1380 , 1031 , 481 , 345 , 6437 , 695 , 447 , 74 , 9748 , 1446 , 727 , 541 , 404 , 2491 , 4737 , 6337 , 985 , 3823 , 9459 , 849 , 3961 , 10732 , 758 , 4866 , 1513 , 1576 , 6500 , 1452 , 4680 , 2228 , 1481 , 3873 , 1028 , 1252 , 177 , 7303 , 8192 , 186 , 859 , 977 , 1856 , 4268 , 1712 , 96 , 1796 , 302 , 1714 , 342 , 403 , 376 , 409 , 376 , 400 , 410 , 394 , 999 , 993 , 403 , 831 , 399 , 414 , 387 , 910 , 1526 , 3571 , 1446 , 4220 , 1650 , 5168 , 1392 , 3232 , 1174 , 1047 , 2178 , 877 , 4951 , 19952 , 1181 , 
RegressionTest0::test029 , 2062 , 3592 , 3915 , 3854 , 3808 , 2958 , 3718 , 3718 , 2593 , 4382 , 1967 , 4069 , 4499 , 871 , 4584 , 3795 , 4149 , 3363 , 3829 , 4460 , 3353 , 4111 , 5867 , 4188 , 4179 , 6450 , 6083 , 4515 , 0 , 4142 , 4589 , 4360 , 3698 , 4264 , 2950 , 570 , 847 , 4427 , 3785 , 6320 , 6945 , 4097 , 2630 , 3183 , 4208 , 3863 , 2856 , 4573 , 3664 , 4316 , 1709 , 2884 , 4150 , 1521 , 3911 , 3088 , 4006 , 4058 , 3322 , 3671 , 4136 , 4309 , 3339 , 3929 , 4160 , 4551 , 6232 , 3391 , 3903 , 4070 , 4254 , 2676 , 770 , 2254 , 3714 , 1324 , 5956 , 3796 , 1181 , 6891 , 3947 , 692 , 3290 , 3186 , 3397 , 3331 , 848 , 2751 , 3384 , 1277 , 3701 , 3548 , 4501 , 3662 , 4574 , 4496 , 3831 , 3751 , 2998 , 693 , 3132 , 4500 , 3105 , 4329 , 3119 , 4676 , 4840 , 4780 , 4853 , 4779 , 4781 , 4836 , 4723 , 3970 , 3973 , 4726 , 4086 , 4725 , 4792 , 4602 , 4020 , 3613 , 3270 , 3711 , 3134 , 3617 , 3304 , 3787 , 3233 , 3854 , 3962 , 3448 , 4123 , 3057 , 16612 , 4025 , 
RegressionTest0::test030 , 4071 , 770 , 590 , 529 , 531 , 5698 , 622 , 622 , 2575 , 359 , 2659 , 397 , 498 , 4316 , 563 , 6730 , 318 , 1009 , 495 , 468 , 6150 , 369 , 9056 , 298 , 173 , 9631 , 9250 , 510 , 4142 , 0 , 564 , 398 , 6611 , 228 , 5579 , 3875 , 4289 , 397 , 545 , 9452 , 10338 , 246 , 5356 , 6360 , 289 , 499 , 5474 , 543 , 739 , 415 , 2949 , 5464 , 309 , 3143 , 539 , 1363 , 475 , 360 , 1060 , 730 , 257 , 330 , 6081 , 516 , 319 , 531 , 9366 , 1208 , 533 , 358 , 354 , 2158 , 4381 , 5966 , 705 , 3449 , 9081 , 566 , 3598 , 10347 , 355 , 4513 , 1189 , 1231 , 6140 , 1131 , 4290 , 1888 , 1174 , 3514 , 719 , 937 , 509 , 6932 , 7820 , 522 , 661 , 722 , 1526 , 3882 , 1384 , 506 , 1465 , 434 , 1382 , 720 , 812 , 783 , 824 , 781 , 780 , 815 , 709 , 845 , 834 , 715 , 713 , 722 , 755 , 672 , 722 , 1406 , 3376 , 1353 , 3983 , 1428 , 4889 , 1275 , 3029 , 1078 , 922 , 1902 , 789 , 4658 , 19566 , 987 , 
RegressionTest0::test031 , 4505 , 1169 , 811 , 846 , 931 , 6176 , 1031 , 1031 , 2901 , 315 , 3061 , 633 , 137 , 4778 , 70 , 7182 , 525 , 1486 , 899 , 197 , 6598 , 558 , 9511 , 486 , 481 , 10086 , 9704 , 139 , 4589 , 564 , 0 , 353 , 7050 , 386 , 6004 , 4335 , 4750 , 269 , 943 , 9904 , 10800 , 573 , 5770 , 6798 , 464 , 852 , 5900 , 92 , 1124 , 329 , 3367 , 5894 , 512 , 3558 , 787 , 1773 , 706 , 626 , 1450 , 1105 , 531 , 365 , 6512 , 775 , 513 , 107 , 9822 , 1532 , 795 , 623 , 442 , 2557 , 4811 , 6409 , 1047 , 3894 , 9533 , 916 , 4034 , 10810 , 808 , 4939 , 1577 , 1644 , 6574 , 1522 , 4751 , 2300 , 1546 , 3943 , 1087 , 1313 , 185 , 7380 , 8267 , 179 , 931 , 1049 , 1929 , 4342 , 1778 , 189 , 1861 , 356 , 1787 , 317 , 347 , 330 , 364 , 329 , 342 , 356 , 345 , 1043 , 1040 , 348 , 874 , 344 , 362 , 382 , 982 , 1598 , 3621 , 1511 , 4285 , 1709 , 5226 , 1419 , 3290 , 1215 , 1067 , 2248 , 907 , 5019 , 20020 , 1216 , 
RegressionTest0::test032 , 4307 , 944 , 604 , 634 , 698 , 5955 , 814 , 814 , 2728 , 68 , 2841 , 442 , 314 , 4549 , 334 , 6938 , 360 , 1263 , 697 , 298 , 6370 , 392 , 9272 , 308 , 321 , 9848 , 9468 , 295 , 4360 , 398 , 353 , 0 , 6814 , 224 , 5783 , 4106 , 4522 , 143 , 745 , 9664 , 10558 , 407 , 5562 , 6563 , 301 , 645 , 5677 , 315 , 901 , 338 , 3148 , 5674 , 347 , 3326 , 578 , 1555 , 517 , 444 , 1225 , 884 , 378 , 185 , 6287 , 561 , 353 , 306 , 9583 , 1383 , 640 , 441 , 194 , 2343 , 4580 , 6175 , 841 , 3673 , 9298 , 716 , 3808 , 10567 , 594 , 4697 , 1358 , 1406 , 6349 , 1295 , 4523 , 2060 , 1316 , 3712 , 885 , 1086 , 311 , 7144 , 8029 , 295 , 701 , 827 , 1693 , 4112 , 1556 , 293 , 1629 , 350 , 1559 , 484 , 558 , 531 , 564 , 530 , 535 , 558 , 523 , 932 , 925 , 532 , 781 , 542 , 565 , 505 , 856 , 1448 , 3485 , 1398 , 4109 , 1588 , 5042 , 1341 , 3139 , 1124 , 959 , 2087 , 773 , 4815 , 19794 , 1136 , 
RegressionTest0::test033 , 3510 , 6055 , 6360 , 6337 , 6249 , 1136 , 6179 , 6179 , 4597 , 6841 , 4426 , 6518 , 6962 , 3544 , 7049 , 1268 , 6604 , 5867 , 6282 , 6915 , 676 , 6575 , 5054 , 6652 , 6648 , 4920 , 4774 , 6976 , 3698 , 6611 , 7050 , 6814 , 0 , 6731 , 1314 , 3828 , 3530 , 6889 , 6240 , 4954 , 5819 , 6564 , 2358 , 2203 , 6664 , 6321 , 1291 , 7036 , 6098 , 6770 , 4341 , 1411 , 6611 , 4218 , 6374 , 5575 , 6456 , 6532 , 5851 , 6084 , 6603 , 6762 , 859 , 6383 , 6621 , 7015 , 4873 , 5787 , 6362 , 6535 , 6712 , 5092 , 3519 , 2887 , 6173 , 4024 , 4160 , 6268 , 3887 , 5183 , 6395 , 3544 , 5766 , 5694 , 738 , 5804 , 3531 , 5191 , 5819 , 3970 , 6141 , 5994 , 6959 , 2797 , 4092 , 6957 , 6285 , 6206 , 5541 , 3846 , 5611 , 6957 , 5555 , 6775 , 5611 , 7136 , 7304 , 7243 , 7319 , 7244 , 7244 , 7302 , 7192 , 6343 , 6340 , 7196 , 6488 , 7197 , 7260 , 7067 , 6375 , 5883 , 5033 , 5964 , 4778 , 5871 , 4528 , 6075 , 5047 , 6181 , 6324 , 5596 , 6509 , 4519 , 15120 , 6311 , 
RegressionTest0::test034 , 4218 , 851 , 532 , 526 , 614 , 5851 , 712 , 712 , 2640 , 195 , 2758 , 368 , 308 , 4456 , 380 , 6855 , 276 , 1169 , 583 , 308 , 6274 , 338 , 9179 , 240 , 143 , 9757 , 9375 , 330 , 4264 , 228 , 386 , 224 , 6731 , 0 , 5693 , 4015 , 4432 , 227 , 630 , 9572 , 10462 , 258 , 5460 , 6480 , 224 , 529 , 5590 , 364 , 808 , 255 , 3061 , 5581 , 289 , 3247 , 553 , 1464 , 458 , 311 , 1128 , 804 , 221 , 135 , 6197 , 468 , 270 , 352 , 9490 , 1292 , 495 , 318 , 226 , 2236 , 4497 , 6085 , 748 , 3585 , 9201 , 582 , 3692 , 10476 , 521 , 4624 , 1269 , 1312 , 6257 , 1209 , 4432 , 1984 , 1254 , 3627 , 788 , 1015 , 350 , 7059 , 7940 , 343 , 637 , 752 , 1617 , 4020 , 1473 , 332 , 1558 , 278 , 1476 , 564 , 646 , 610 , 652 , 609 , 610 , 645 , 613 , 901 , 892 , 615 , 747 , 618 , 636 , 578 , 827 , 1405 , 3419 , 1342 , 4036 , 1540 , 4960 , 1290 , 3075 , 1069 , 937 , 2025 , 777 , 4737 , 19708 , 1090 , 
RegressionTest0::test035 , 2578 , 5067 , 5347 , 5311 , 5228 , 437 , 5159 , 5159 , 3569 , 5804 , 3445 , 5496 , 5916 , 2769 , 6003 , 1994 , 5576 , 4906 , 5244 , 5871 , 846 , 5537 , 5112 , 5613 , 5607 , 5282 , 4938 , 5929 , 2950 , 5579 , 6004 , 5783 , 1314 , 5693 , 0 , 2951 , 2765 , 5851 , 5210 , 5123 , 6021 , 5520 , 1318 , 1817 , 5628 , 5292 , 333 , 5991 , 5107 , 5721 , 3301 , 338 , 5579 , 3244 , 5361 , 4591 , 5430 , 5490 , 4859 , 5104 , 5560 , 5719 , 699 , 5370 , 5582 , 5969 , 4990 , 4794 , 5335 , 5498 , 5675 , 4049 , 2775 , 2779 , 5162 , 3065 , 4669 , 5250 , 2911 , 5702 , 5379 , 2779 , 4775 , 4715 , 712 , 4816 , 2765 , 4335 , 4834 , 3000 , 5124 , 5002 , 5915 , 2867 , 4065 , 5914 , 5273 , 5204 , 4553 , 2974 , 4633 , 5914 , 4607 , 5730 , 4652 , 6096 , 6258 , 6199 , 6274 , 6200 , 6200 , 6257 , 6160 , 5370 , 5372 , 6165 , 5494 , 6165 , 6224 , 6035 , 5389 , 4875 , 4129 , 4939 , 3834 , 4872 , 3692 , 5057 , 4072 , 5156 , 5303 , 4641 , 5491 , 3701 , 15588 , 5290 , 
RegressionTest0::test036 , 1996 , 3346 , 3664 , 3599 , 3542 , 3062 , 3475 , 3476 , 2384 , 4128 , 1712 , 3823 , 4248 , 470 , 4329 , 3897 , 3891 , 3116 , 3561 , 4206 , 3450 , 3865 , 6053 , 3944 , 3910 , 6522 , 6218 , 4263 , 570 , 3875 , 4335 , 4106 , 3828 , 4015 , 2951 , 0 , 447 , 4176 , 3537 , 6415 , 7093 , 3854 , 2652 , 3243 , 3954 , 3595 , 2841 , 4321 , 3430 , 4063 , 1482 , 2867 , 3905 , 1230 , 3668 , 2839 , 3756 , 3824 , 3125 , 3425 , 3888 , 4054 , 3391 , 3677 , 3910 , 4300 , 6341 , 3214 , 3673 , 3828 , 3996 , 2442 , 741 , 2455 , 3442 , 1270 , 6115 , 3529 , 938 , 7093 , 3726 , 917 , 3038 , 2941 , 3413 , 3081 , 449 , 2505 , 3139 , 1070 , 3454 , 3281 , 4246 , 3858 , 4704 , 4245 , 3568 , 3505 , 2795 , 138 , 2876 , 4246 , 2864 , 4079 , 2866 , 4427 , 4588 , 4528 , 4601 , 4527 , 4529 , 4585 , 4488 , 3770 , 3775 , 4494 , 3902 , 4496 , 4549 , 4369 , 3793 , 3375 , 3106 , 3480 , 2976 , 3413 , 3309 , 3552 , 3028 , 3611 , 3729 , 3247 , 3883 , 3099 , 16744 , 3801 , 
RegressionTest0::test037 , 2238 , 3754 , 4078 , 4012 , 3946 , 2944 , 3884 , 3885 , 2716 , 4547 , 2119 , 4211 , 4663 , 57 , 4746 , 3586 , 4306 , 3526 , 3969 , 4620 , 3140 , 4280 , 5874 , 4357 , 4326 , 6284 , 6047 , 4680 , 847 , 4289 , 4750 , 4522 , 3530 , 4432 , 2765 , 447 , 0 , 4589 , 3937 , 6208 , 6845 , 4266 , 2509 , 3001 , 4367 , 4004 , 2725 , 4737 , 3817 , 4477 , 1872 , 2708 , 4318 , 1618 , 4082 , 3234 , 4170 , 4229 , 3536 , 3832 , 4304 , 4469 , 3085 , 4087 , 4321 , 4718 , 6127 , 3606 , 4084 , 4240 , 4409 , 2849 , 356 , 2094 , 3853 , 1639 , 5833 , 3946 , 1260 , 6801 , 4127 , 554 , 3444 , 3347 , 3126 , 3476 , 3 , 2864 , 3504 , 1442 , 3855 , 3683 , 4664 , 3587 , 4561 , 4660 , 3980 , 3915 , 3154 , 568 , 3283 , 4661 , 3227 , 4494 , 3270 , 4837 , 5003 , 4944 , 5018 , 4943 , 4946 , 5001 , 4903 , 4170 , 4176 , 4911 , 4299 , 4911 , 4965 , 4784 , 4194 , 3763 , 3369 , 3871 , 3210 , 3805 , 3250 , 3936 , 3348 , 4011 , 4132 , 3624 , 4281 , 3042 , 16518 , 4198 , 
