:,PolygonsSetTest::testBug20040520,PolygonsSetTest::testBug20041003,PolygonsSetTest::testChoppedHexagon,PolygonsSetTest::testConcentric,PolygonsSetTest::testDifference,PolygonsSetTest::testDisjointPolygons,PolygonsSetTest::testEmptyDifference,PolygonsSetTest::testHole,PolygonsSetTest::testIntersection,PolygonsSetTest::testLineIntersection,PolygonsSetTest::testOppositeHyperplanes,PolygonsSetTest::testSimplyConnected,PolygonsSetTest::testSingularPoint,PolygonsSetTest::testStair,PolygonsSetTest::testUnion,PolygonsSetTest::testUnlimitedSubHyperplane,PolygonsSetTest::testXor,PolygonsSet_ESTest::test00,PolygonsSet_ESTest::test01,PolygonsSet_ESTest::test02,PolygonsSet_ESTest::test03,PolygonsSet_ESTest::test04,PolygonsSet_ESTest::test05,PolygonsSet_ESTest::test06,PolygonsSet_ESTest::test07,PolygonsSet_ESTest::test08,PolygonsSet_ESTest::test09,PolygonsSet_ESTest::test10,PolygonsSet_ESTest::test11,PolyhedronsSetTest::testBox,PolyhedronsSetTest::testBuildBox,PolyhedronsSetTest::testCross,PolyhedronsSetTest::testIsometry,PolyhedronsSetTest::testIssue780,PolyhedronsSetTest::testTetrahedron,RegressionTest0::test001,RegressionTest0::test002,RegressionTest0::test003,RegressionTest0::test004,RegressionTest0::test005,RegressionTest0::test006,RegressionTest0::test007,RegressionTest0::test008,RegressionTest0::test009,RegressionTest0::test010,RegressionTest0::test011,RegressionTest0::test012,RegressionTest0::test013,RegressionTest0::test014,RegressionTest0::test015,RegressionTest0::test016,RegressionTest0::test017,RegressionTest0::test018,RegressionTest0::test019,RegressionTest0::test020,RegressionTest0::test021,RegressionTest0::test022,RegressionTest0::test023,RegressionTest0::test024,RegressionTest0::test025,RegressionTest0::test026,RegressionTest0::test027,RegressionTest0::test028,RegressionTest0::test029,RegressionTest0::test030,RegressionTest0::test031,RegressionTest0::test032,RegressionTest0::test033,RegressionTest0::test034,RegressionTest0::test035,RegressionTest0::test036,RegressionTest0::test037,RegressionTest0::test038,RegressionTest0::test039,RegressionTest0::test040,RegressionTest0::test041,RegressionTest0::test042,RegressionTest0::test043,RegressionTest0::test044,RegressionTest0::test045,RegressionTest0::test046,RegressionTest0::test047,RegressionTest0::test048,RegressionTest0::test049,RegressionTest0::test050,RegressionTest0::test051,RegressionTest0::test052,RegressionTest0::test053,RegressionTest0::test054,RegressionTest0::test055,RegressionTest0::test056,RegressionTest0::test057,RegressionTest0::test058,RegressionTest0::test059,RegressionTest0::test060,RegressionTest0::test061,RegressionTest0::test062,RegressionTest0::test063,RegressionTest0::test064,RegressionTest0::test065,RegressionTest0::test066,RegressionTest0::test067,RegressionTest0::test068,RegressionTest0::test069,RegressionTest0::test070,RegressionTest0::test071,RegressionTest0::test072,RegressionTest0::test073,RegressionTest0::test074,RegressionTest0::test075,RegressionTest0::test076,RegressionTest0::test077,RegressionTest0::test078,RegressionTest0::test079,RegressionTest0::test080,RegressionTest0::test081,RegressionTest0::test082,RegressionTest0::test083,RegressionTest0::test084,RegressionTest0::test085,RegressionTest0::test086,RegressionTest0::test087,RegressionTest0::test088,RegressionTest0::test089,RegressionTest0::test090,RegressionTest0::test091,RegressionTest0::test092,RegressionTest0::test093,RegressionTest0::test094,RegressionTest0::test095,RegressionTest0::test096,RegressionTest0::test097,RegressionTest0::test098,RegressionTest0::test099,RegressionTest0::test100,RegressionTest0::test101,RegressionTest0::test102,RegressionTest0::test103,RegressionTest0::test104,RegressionTest0::test105,RegressionTest0::test106,RegressionTest0::test107,RegressionTest0::test108,RegressionTest0::test109,RegressionTest0::test110,RegressionTest0::test111,RegressionTest0::test112,RegressionTest0::test113,RegressionTest0::test114,RegressionTest0::test115,RegressionTest0::test116,RegressionTest0::test117,RegressionTest0::test118,RegressionTest0::test119,RegressionTest0::test120,RegressionTest0::test121,RegressionTest0::test122,RegressionTest0::test123,RegressionTest0::test124,RegressionTest0::test125,RegressionTest0::test126,RegressionTest0::test127,RegressionTest0::test128,
PolygonsSetTest::testBug20040520 ,0,539,563,568,420,555,606,478,502,559,635,476,622,597,424,550,393,677,667,675,676,664,680,676,677,676,676,674,674,541,650,623,544,589,525,643,642,578,662,594,581,571,571,602,596,646,571,570,575,674,568,589,574,614,600,571,623,613,595,590,589,598,671,593,659,593,728,650,602,673,673,600,591,624,579,558,611,581,594,566,568,584,578,571,653,624,594,587,566,593,590,599,597,581,659,571,655,630,570,580,562,668,586,609,623,597,585,573,637,595,595,566,626,613,589,598,622,584,620,555,594,559,580,590,660,564,624,595,564,625,571,594,587,594,560,576,656,607,564,563,584,669,570,723,567,577,584,570,579,566,586,577,610,562,580,596,574,592,560,588,580,585,647,
PolygonsSetTest::testBug20041003 ,539,0,239,164,283,154,154,191,184,220,169,176,167,160,281,156,329,207,201,207,207,197,211,207,207,207,207,207,207,244,197,203,202,494,205,187,186,505,197,190,348,415,411,190,344,187,415,428,380,209,468,445,362,187,245,411,608,188,351,447,322,379,680,196,193,305,767,190,192,206,209,200,226,622,303,344,188,499,265,493,198,293,368,426,189,622,242,321,382,567,447,240,227,324,193,419,188,184,349,378,214,692,516,604,608,335,183,430,634,186,211,421,613,589,385,199,618,293,184,414,190,472,318,441,198,440,629,238,440,183,419,215,205,283,442,552,190,582,229,455,562,203,349,758,428,410,383,419,368,422,318,312,573,480,321,585,302,281,429,547,296,507,651,
PolygonsSetTest::testChoppedHexagon ,563,239,0,247,323,275,291,270,265,264,300,267,287,279,325,262,354,342,339,344,342,335,346,342,344,342,342,342,342,308,309,295,274,488,275,313,312,498,332,296,355,413,409,300,352,317,413,423,388,342,466,442,368,304,304,409,600,305,355,441,334,385,670,295,327,324,747,320,299,340,342,298,295,609,327,353,302,487,304,491,290,319,370,423,323,609,301,330,382,550,441,303,306,336,329,416,325,301,355,379,290,677,504,588,600,344,294,427,625,294,297,422,607,571,392,296,602,319,306,410,296,474,332,438,326,439,616,299,438,304,416,297,295,309,433,545,326,570,293,450,555,337,355,738,429,405,382,416,372,423,328,334,566,480,334,565,328,312,432,537,322,497,641,
PolygonsSetTest::testConcentric ,568,164,247,0,279,127,116,181,176,234,144,157,131,117,276,120,328,190,185,189,189,183,193,189,192,189,189,188,188,227,163,177,195,512,199,171,171,518,177,194,371,430,426,180,365,170,430,444,400,188,486,471,384,177,257,426,635,177,371,474,344,402,707,199,174,326,787,173,182,187,187,200,234,649,322,356,180,518,287,518,200,308,391,442,169,649,251,339,400,581,474,252,237,341,175,434,174,167,366,400,220,713,542,624,635,354,181,446,662,175,216,446,644,616,407,195,635,308,166,434,194,497,336,467,178,465,651,247,465,168,434,221,211,304,458,578,175,610,235,481,588,185,366,775,454,433,399,434,391,447,335,331,595,508,337,602,322,297,455,569,312,534,679,
PolygonsSetTest::testDifference ,420,283,323,279,0,237,289,165,132,275,325,193,315,289,56,206,97,372,367,373,372,365,376,372,374,372,372,371,371,274,353,342,289,492,259,346,346,494,362,329,366,417,412,332,365,346,417,425,386,373,467,450,370,337,337,412,605,338,368,453,351,393,679,328,357,349,742,349,332,371,371,331,326,619,345,354,338,494,334,483,308,342,376,426,350,619,327,347,390,558,453,336,333,352,358,418,355,335,363,386,307,676,513,588,605,361,312,430,632,328,328,421,614,586,392,329,606,342,331,413,329,467,348,446,357,437,619,328,437,334,418,330,327,340,440,541,355,576,309,453,550,367,363,739,428,412,382,418,377,422,348,344,568,475,349,570,341,341,426,536,342,505,650,
PolygonsSetTest::testDisjointPolygons ,555,154,275,127,237,0,98,117,120,208,122,108,116,110,237,93,289,169,164,169,169,162,173,169,171,169,169,166,166,205,163,190,188,517,180,154,153,512,159,182,356,421,416,167,353,151,421,434,391,169,478,456,369,155,250,416,616,156,358,457,331,392,688,189,155,313,776,150,171,164,166,192,225,630,311,348,161,507,276,502,190,299,376,432,151,630,244,325,390,577,457,245,227,334,155,424,153,149,353,386,214,705,528,613,616,345,177,437,642,164,207,430,625,599,396,185,626,299,150,422,182,482,324,452,154,450,642,239,449,151,424,209,200,290,454,563,152,593,226,462,575,162,353,769,438,419,383,424,376,431,326,320,580,494,329,595,310,287,435,559,302,518,659,
PolygonsSetTest::testEmptyDifference ,606,154,291,116,289,98,0,185,168,229,52,163,47,58,288,104,342,95,90,94,93,86,97,93,96,93,93,92,92,223,100,181,199,528,214,86,86,527,85,180,367,434,429,162,360,82,434,447,399,95,493,464,378,118,255,429,633,118,365,469,335,398,702,186,83,317,799,81,167,91,93,192,228,647,314,355,141,526,280,517,189,302,386,445,82,647,249,333,403,591,469,248,231,339,84,437,84,93,365,398,210,726,542,634,633,350,170,450,662,148,205,444,641,612,404,185,643,302,111,434,180,498,332,460,85,463,657,245,462,98,437,212,198,295,466,581,85,609,229,481,592,91,365,789,452,429,394,437,386,445,328,325,596,511,334,613,314,291,449,569,305,532,677,
PolygonsSetTest::testHole ,478,191,270,181,165,117,185,0,106,204,211,97,198,181,162,145,199,261,255,261,261,254,265,261,262,261,261,258,258,201,247,239,205,492,201,241,241,502,250,231,361,422,418,239,357,239,422,436,392,260,476,459,371,235,264,418,619,235,363,459,335,396,690,231,246,319,762,242,240,256,257,241,245,630,313,343,241,503,282,493,221,303,380,434,244,630,260,327,387,571,459,260,250,335,246,426,244,232,352,391,228,690,526,604,619,347,223,437,646,231,243,425,628,601,399,237,615,303,227,416,231,473,329,456,246,443,633,256,443,232,426,243,235,298,445,552,244,593,236,460,564,253,352,752,433,422,382,426,381,426,330,321,582,487,330,583,313,295,434,553,306,518,662,
PolygonsSetTest::testIntersection ,502,184,265,176,132,120,168,106,0,207,204,117,195,182,129,93,182,251,246,252,251,244,255,251,254,251,251,250,250,207,235,233,210,502,178,228,229,489,241,223,347,407,403,222,346,228,407,418,376,252,462,444,359,221,253,403,605,221,349,448,320,381,678,222,236,307,746,229,222,250,251,226,236,618,300,338,221,491,271,484,209,290,363,418,229,618,246,314,379,555,448,249,241,321,237,410,235,218,344,376,220,679,512,589,605,336,211,422,630,219,223,416,613,585,385,223,605,290,219,412,223,466,317,441,237,433,620,244,432,218,410,227,226,285,433,542,236,578,227,452,552,246,344,743,424,403,371,410,364,416,316,309,567,475,317,571,298,283,421,536,294,505,648,
PolygonsSetTest::testLineIntersection ,559,220,264,234,275,208,229,204,207,0,243,196,227,209,275,210,321,293,286,294,293,283,297,293,292,293,293,289,289,274,266,254,226,484,234,259,257,468,280,233,323,383,382,238,319,261,383,398,349,295,441,415,333,239,258,382,568,239,324,418,294,353,640,235,273,285,725,266,237,291,294,238,239,587,291,323,236,472,262,453,228,281,336,395,271,587,242,303,364,530,418,254,248,307,274,388,273,247,331,346,233,656,478,566,568,308,231,398,598,230,241,384,575,548,359,236,581,281,241,385,233,435,304,411,273,403,596,241,401,243,388,242,237,274,411,510,273,544,242,418,518,287,331,723,391,375,354,388,337,385,292,300,533,444,305,545,293,267,398,513,284,472,611,
PolygonsSetTest::testOppositeHyperplanes ,635,169,300,144,325,122,52,211,204,243,0,193,28,63,324,129,378,61,58,60,60,59,64,60,63,60,60,60,60,241,100,185,215,545,229,63,64,546,58,187,375,450,445,167,367,67,450,464,413,61,511,474,394,118,259,445,647,118,373,478,344,406,715,193,61,326,823,64,172,57,60,196,235,660,326,374,142,542,286,539,203,314,396,461,57,660,256,342,419,608,478,252,236,351,60,453,58,94,380,404,228,750,557,654,647,357,178,466,674,155,212,458,652,623,414,190,662,314,121,456,187,519,347,470,63,479,679,252,478,102,453,220,207,304,486,603,58,626,249,497,613,60,380,810,466,440,412,453,395,459,336,337,607,529,347,635,328,297,468,592,318,550,689,
PolygonsSetTest::testSimplyConnected ,476,176,267,157,193,108,163,97,117,196,193,0,179,153,194,129,236,245,238,243,243,236,247,243,245,243,243,240,240,203,230,226,205,496,190,225,225,501,235,217,357,416,413,221,353,223,416,431,383,243,471,456,367,223,259,413,614,223,359,460,331,391,688,218,231,313,758,225,221,240,240,226,235,627,307,340,224,503,277,487,209,295,375,428,227,627,249,326,389,568,460,252,243,329,232,420,229,219,353,386,223,688,522,601,614,344,205,432,641,220,229,417,622,596,395,221,615,295,213,411,217,467,323,453,230,436,630,247,437,219,420,233,225,291,439,544,229,588,230,456,555,238,353,753,425,416,382,420,376,418,325,315,578,480,324,580,306,288,429,548,298,514,658,
PolygonsSetTest::testSingularPoint ,622,167,287,131,315,116,47,198,195,227,28,179,0,49,309,122,365,78,76,78,78,77,82,78,81,78,78,78,78,228,100,185,210,541,220,75,76,539,77,184,372,445,440,166,365,76,445,458,408,79,506,471,389,119,260,440,641,119,370,474,339,404,710,190,79,321,812,76,171,75,78,197,231,655,325,367,142,532,284,530,195,314,393,456,74,655,252,337,412,600,474,253,236,351,79,448,75,95,374,401,219,741,551,644,641,354,174,461,668,156,213,450,648,619,411,190,653,314,117,447,184,511,343,467,78,471,669,247,470,101,448,221,204,301,477,595,74,619,240,491,605,78,374,799,458,437,404,448,392,451,334,336,601,521,346,627,326,295,459,586,318,543,684,
PolygonsSetTest::testStair ,597,160,279,117,289,110,58,181,182,209,63,153,49,0,288,121,344,115,112,116,114,113,118,114,118,114,114,114,114,231,115,178,204,526,215,108,108,520,111,180,363,431,426,162,360,109,431,443,395,118,492,464,378,121,253,426,630,121,364,467,333,398,703,186,113,316,794,110,167,113,116,193,222,645,314,356,139,521,279,513,188,301,382,442,111,645,248,331,401,587,467,247,230,339,113,434,111,111,363,392,210,722,537,627,630,350,167,447,659,149,207,437,637,609,403,186,639,301,120,434,180,493,333,460,114,457,653,242,457,113,434,214,199,295,463,576,110,603,231,478,587,111,363,784,445,425,390,434,383,438,329,323,592,505,334,609,312,290,444,568,306,527,674,
PolygonsSetTest::testUnion ,424,281,325,276,56,237,288,162,129,275,324,194,309,288,0,204,83,371,366,372,371,364,375,371,373,371,371,370,370,266,351,342,290,488,256,345,345,490,361,329,364,419,414,331,366,345,419,426,387,372,468,449,370,337,337,414,605,337,369,452,350,391,680,327,356,346,741,349,331,370,370,331,325,618,345,355,336,495,331,482,307,340,375,427,349,618,329,346,389,557,452,337,332,352,357,420,354,335,360,386,305,675,514,587,605,357,309,430,632,329,329,419,614,586,394,328,605,340,328,411,329,461,346,446,356,435,618,329,435,334,420,330,323,338,439,540,354,578,310,453,549,366,360,739,426,411,381,420,376,420,347,346,568,476,349,570,339,340,423,535,342,505,649,
PolygonsSetTest::testUnlimitedSubHyperplane ,550,156,262,120,206,93,104,145,93,210,129,129,122,121,204,0,259,173,168,174,173,166,177,173,176,173,173,172,172,219,162,185,186,509,190,156,155,500,164,180,351,412,408,167,348,155,412,424,383,175,469,452,365,157,245,408,612,157,355,454,321,386,687,185,159,306,768,155,170,172,172,187,218,629,305,337,160,499,267,492,181,290,367,423,154,629,237,319,384,565,454,238,226,323,159,415,161,149,350,381,203,696,519,603,612,339,178,427,639,162,199,421,622,593,392,183,616,290,152,415,180,473,318,449,160,440,631,232,440,151,415,207,191,284,441,558,162,585,216,460,569,169,350,758,429,408,380,415,367,421,317,316,575,487,319,585,305,277,428,547,294,512,657,
PolygonsSetTest::testXor ,393,329,354,328,97,289,342,199,182,321,378,236,365,344,83,259,0,425,420,426,425,418,429,425,428,425,425,424,424,308,405,390,332,485,306,400,399,497,415,381,391,431,427,384,395,399,431,438,406,426,474,455,394,389,386,427,608,390,399,458,385,409,680,380,410,386,742,402,384,424,424,382,375,619,375,376,389,499,381,486,355,379,394,440,403,619,378,385,400,560,458,387,382,385,411,434,408,386,382,406,354,675,515,589,608,401,362,442,632,380,377,429,614,587,411,380,603,379,380,416,381,470,382,452,410,443,619,379,444,386,434,378,376,383,441,538,408,578,356,459,547,420,382,737,435,420,401,434,395,430,385,376,569,479,384,571,370,387,434,537,377,507,650,
PolygonsSet_ESTest::test00 ,677,207,342,190,372,169,95,261,251,293,61,245,78,115,371,173,425,0,15,10,2,18,4,2,12,2,2,10,10,278,99,195,252,575,265,61,64,572,29,204,399,476,471,181,390,63,476,490,439,16,538,498,421,127,278,471,674,127,397,504,366,430,744,210,36,348,851,55,186,16,19,211,255,690,350,400,153,567,306,571,226,334,420,487,42,690,274,365,444,635,504,271,255,372,34,479,41,98,404,429,250,777,582,680,674,374,204,492,701,167,228,488,681,650,438,206,688,334,128,485,204,551,365,494,42,509,705,269,510,105,479,236,224,324,513,635,39,652,269,527,645,23,404,837,496,465,433,479,420,489,359,362,632,561,368,663,352,314,499,617,339,575,717,
PolygonsSet_ESTest::test01 ,667,201,339,185,367,164,90,255,246,286,58,238,76,112,366,168,420,15,0,9,15,7,14,15,12,15,15,17,17,274,96,187,244,568,257,51,54,564,23,200,390,468,464,170,384,57,468,483,431,22,529,492,413,121,272,464,670,121,387,494,362,424,738,206,33,344,841,50,175,20,24,201,246,686,344,395,146,557,295,561,216,328,411,480,37,686,264,354,434,627,494,265,249,366,31,472,37,90,394,421,242,768,577,670,670,368,195,484,697,159,216,482,676,640,431,195,678,328,125,477,200,541,359,488,41,503,696,259,501,97,472,225,220,320,507,625,34,647,260,522,635,23,394,827,490,456,422,472,411,483,348,356,627,552,362,652,346,309,489,608,333,570,712,
PolygonsSet_ESTest::test02 ,675,207,344,189,373,169,94,261,252,294,60,243,78,116,372,174,426,10,9,0,10,11,6,10,8,10,10,12,12,279,100,193,250,576,263,57,60,571,23,205,396,475,470,176,389,62,475,489,439,16,537,497,419,126,277,470,675,126,393,500,367,429,743,212,37,349,849,54,181,16,20,208,253,691,349,401,152,565,302,568,223,333,417,486,40,691,272,360,442,633,500,270,254,372,35,478,38,97,402,427,250,776,584,678,675,373,201,491,702,165,224,489,682,647,436,202,686,333,127,484,205,548,364,493,43,510,705,267,507,104,478,232,225,325,514,632,36,653,266,527,643,22,402,835,497,462,429,478,417,490,355,361,632,558,367,661,351,314,496,616,338,576,717,
PolygonsSet_ESTest::test03 ,676,207,342,189,372,169,93,261,251,293,60,243,78,114,371,173,425,2,15,10,0,17,4,0,12,0,0,8,8,280,98,194,250,575,263,61,64,572,29,205,399,476,471,181,390,63,476,490,440,16,538,498,421,127,277,471,674,127,397,505,367,429,744,211,36,349,852,55,186,16,19,212,255,690,349,400,153,569,307,571,226,333,420,487,42,690,275,365,446,635,505,270,255,371,34,479,41,98,406,429,251,777,583,682,674,375,204,492,702,167,228,488,680,651,438,206,690,333,127,485,205,551,366,494,42,509,706,270,510,105,479,236,225,325,513,635,39,652,269,527,645,23,406,839,496,465,433,479,420,489,360,361,632,561,367,664,351,316,499,617,338,575,718,
PolygonsSet_ESTest::test04 ,664,197,335,183,365,162,86,254,244,283,59,236,77,113,364,166,418,18,7,11,17,0,16,17,17,17,17,19,19,275,96,186,241,566,255,50,53,561,24,197,389,465,460,169,381,58,465,479,430,22,527,489,411,118,269,460,667,118,386,492,359,421,735,204,34,341,839,51,174,20,24,200,246,683,341,391,144,555,295,558,213,325,410,476,35,683,264,352,432,623,492,262,246,363,32,468,33,92,392,420,241,766,575,668,667,366,193,481,694,158,216,479,674,639,428,194,676,325,121,474,197,539,356,485,39,499,695,259,500,99,468,225,217,317,504,621,31,643,256,521,632,23,392,825,487,454,419,468,410,480,348,353,624,549,358,652,343,306,486,606,330,567,709,
PolygonsSet_ESTest::test05 ,680,211,346,193,376,173,97,265,255,297,64,247,82,118,375,177,429,4,14,6,4,16,0,4,8,4,4,12,12,280,99,195,254,578,267,62,65,574,29,207,401,478,473,181,391,63,478,492,441,17,540,500,423,128,279,473,678,128,398,505,370,431,745,214,36,351,853,55,186,16,20,212,257,694,352,404,154,569,307,573,228,336,422,489,42,694,276,365,446,636,505,272,256,374,34,481,41,98,406,431,252,780,586,682,678,376,204,494,704,167,228,492,684,651,439,206,690,336,129,486,207,553,367,496,42,513,709,271,512,105,481,236,228,327,517,637,39,656,271,530,647,23,406,839,500,467,434,481,422,493,360,364,634,563,370,665,354,317,501,620,341,579,719,
PolygonsSet_ESTest::test06 ,676,207,342,189,372,169,93,261,251,293,60,243,78,114,371,173,425,2,15,10,0,17,4,0,12,0,0,8,8,280,98,194,250,575,263,61,64,572,29,205,399,476,471,181,390,63,476,490,440,16,538,498,421,127,277,471,674,127,397,505,367,429,744,211,36,349,852,55,186,16,19,212,255,690,349,400,153,569,307,571,226,333,420,487,42,690,275,365,446,635,505,270,255,371,34,479,41,98,406,429,251,777,583,682,674,375,204,492,702,167,228,488,680,651,438,206,690,333,127,485,205,551,366,494,42,509,706,270,510,105,479,236,225,325,513,635,39,652,269,527,645,23,406,839,496,465,433,479,420,489,360,361,632,561,367,664,351,316,499,617,338,575,718,
PolygonsSet_ESTest::test07 ,677,207,344,192,374,171,96,262,254,292,63,245,81,118,373,176,428,12,12,8,12,17,8,12,0,12,12,11,11,276,97,193,251,576,264,59,62,571,29,203,397,474,470,177,387,61,474,489,438,19,536,496,420,124,275,470,674,124,394,501,366,427,741,210,33,347,850,54,182,18,21,209,254,690,348,400,150,566,303,569,225,332,418,486,41,690,272,361,443,633,501,268,252,371,31,478,39,95,403,428,249,776,583,679,674,372,200,490,700,163,224,489,679,648,436,203,687,332,125,483,203,549,363,492,41,510,705,267,508,102,478,232,224,323,513,633,37,652,268,526,644,24,403,835,497,463,430,478,418,490,356,360,630,559,366,662,350,313,498,617,337,575,715,
PolygonsSet_ESTest::test08 ,676,207,342,189,372,169,93,261,251,293,60,243,78,114,371,173,425,2,15,10,0,17,4,0,12,0,0,8,8,280,98,194,250,575,263,61,64,572,29,205,399,476,471,181,390,63,476,490,440,16,538,498,421,127,277,471,674,127,397,505,367,429,744,211,36,349,852,55,186,16,19,212,255,690,349,400,153,569,307,571,226,333,420,487,42,690,275,365,446,635,505,270,255,371,34,479,41,98,406,429,251,777,583,682,674,375,204,492,702,167,228,488,680,651,438,206,690,333,127,485,205,551,366,494,42,509,706,270,510,105,479,236,225,325,513,635,39,652,269,527,645,23,406,839,496,465,433,479,420,489,360,361,632,561,367,664,351,316,499,617,338,575,718,
PolygonsSet_ESTest::test09 ,676,207,342,189,372,169,93,261,251,293,60,243,78,114,371,173,425,2,15,10,0,17,4,0,12,0,0,8,8,280,98,194,250,575,263,61,64,572,29,205,399,476,471,181,390,63,476,490,440,16,538,498,421,127,277,471,674,127,397,505,367,429,744,211,36,349,852,55,186,16,19,212,255,690,349,400,153,569,307,571,226,333,420,487,42,690,275,365,446,635,505,270,255,371,34,479,41,98,406,429,251,777,583,682,674,375,204,492,702,167,228,488,680,651,438,206,690,333,127,485,205,551,366,494,42,509,706,270,510,105,479,236,225,325,513,635,39,652,269,527,645,23,406,839,496,465,433,479,420,489,360,361,632,561,367,664,351,316,499,617,338,575,718,
PolygonsSet_ESTest::test10 ,674,207,342,188,371,166,92,258,250,289,60,240,78,114,370,172,424,10,17,12,8,19,12,8,11,8,8,0,0,276,96,192,248,574,260,58,61,569,29,203,397,472,469,179,388,60,472,488,437,20,536,496,417,126,272,469,671,126,394,503,366,426,741,206,33,347,849,53,184,16,19,209,251,688,347,397,149,567,304,566,223,329,418,485,42,688,271,363,444,633,503,268,253,367,31,477,39,97,404,425,248,775,580,678,671,372,200,488,700,165,227,485,675,648,437,205,688,329,125,481,203,546,364,492,43,506,703,267,506,102,477,235,224,323,511,631,38,649,266,524,641,24,404,836,493,463,431,477,418,486,356,359,629,557,363,660,350,313,496,615,336,572,715,
PolygonsSet_ESTest::test11 ,674,207,342,188,371,166,92,258,250,289,60,240,78,114,370,172,424,10,17,12,8,19,12,8,11,8,8,0,0,276,96,192,248,574,260,58,61,569,29,203,397,472,469,179,388,60,472,488,437,20,536,496,417,126,272,469,671,126,394,503,366,426,741,206,33,347,849,53,184,16,19,209,251,688,347,397,149,567,304,566,223,329,418,485,42,688,271,363,444,633,503,268,253,367,31,477,39,97,404,425,248,775,580,678,671,372,200,488,700,165,227,485,675,648,437,205,688,329,125,481,203,546,364,492,43,506,703,267,506,102,477,235,224,323,511,631,38,649,266,524,641,24,404,836,493,463,431,477,418,486,356,359,629,557,363,660,350,313,496,615,336,572,715,
PolyhedronsSetTest::testBox ,541,244,308,227,274,205,223,201,207,274,241,203,228,231,266,219,308,278,274,279,280,275,280,280,276,280,280,276,276,0,255,245,248,519,225,265,265,518,273,258,368,433,429,258,363,266,433,444,399,279,489,461,385,256,276,429,630,256,372,469,340,401,695,258,273,330,774,267,259,279,276,259,268,637,322,354,257,516,290,510,248,308,384,444,270,637,270,334,401,580,469,276,268,341,274,437,269,258,364,396,256,705,534,614,630,351,255,449,650,255,257,445,636,602,401,257,627,308,248,426,258,493,335,457,268,461,643,266,462,255,437,258,258,309,454,566,269,600,263,478,577,277,364,764,452,424,385,437,384,446,331,331,588,505,336,595,321,296,446,560,313,526,668,
PolyhedronsSetTest::testBuildBox ,650,197,309,163,353,163,100,247,235,266,100,230,100,115,351,162,405,99,96,100,98,96,99,98,97,98,98,96,96,255,0,105,230,553,237,89,89,539,95,186,374,445,442,160,364,91,445,460,414,103,508,475,395,111,254,442,649,111,368,475,345,405,719,192,90,328,815,90,166,98,100,190,229,666,326,370,133,535,283,541,201,309,393,458,94,666,249,335,414,603,475,248,232,346,89,450,93,93,374,403,224,742,555,644,649,354,186,461,676,153,204,462,657,622,410,186,654,309,115,455,186,521,339,471,88,481,677,245,483,99,450,211,204,303,484,603,93,624,241,499,612,96,374,802,470,435,402,450,393,463,335,338,606,532,342,627,328,290,471,587,315,548,691,
PolyhedronsSetTest::testCross ,623,203,295,177,342,190,181,239,233,254,185,226,185,178,342,185,390,195,187,193,194,186,195,194,193,194,194,192,192,245,105,0,224,524,235,176,175,518,187,187,356,424,421,178,347,177,424,439,396,196,485,460,374,169,243,421,629,169,352,456,330,389,701,191,182,313,791,179,179,193,197,194,224,645,314,349,173,511,270,521,207,298,374,436,184,645,241,319,393,579,456,237,223,333,182,428,184,174,354,385,223,719,531,620,629,341,184,439,653,178,209,443,636,600,392,191,630,298,173,433,187,501,327,457,182,462,651,240,463,172,428,215,203,289,463,579,185,602,237,482,588,189,354,779,451,416,388,428,374,444,322,325,583,511,329,604,317,280,450,568,303,525,668,
PolyhedronsSetTest::testIsometry ,544,202,274,195,289,188,199,205,210,226,215,205,210,204,290,186,332,252,244,250,250,241,254,250,251,250,250,248,248,248,230,224,0,496,152,224,221,481,239,202,320,392,389,205,319,223,392,406,356,251,446,416,338,206,231,389,580,206,320,417,294,355,650,206,237,277,738,225,205,249,249,208,217,592,288,325,205,472,249,471,202,275,339,403,232,592,237,297,365,540,417,224,218,307,238,396,234,214,331,348,218,670,490,578,580,305,206,406,608,199,214,399,587,555,361,208,589,275,219,394,202,452,299,413,235,419,602,233,417,212,396,218,209,262,423,528,234,556,228,436,537,246,331,731,406,381,359,396,339,400,289,298,543,460,302,559,288,256,406,524,278,483,622,
PolyhedronsSetTest::testIssue780 ,589,494,488,512,492,517,528,492,502,484,545,496,541,526,488,509,485,575,568,576,575,566,578,575,576,575,575,574,574,519,553,524,496,0,500,549,549,540,562,521,515,530,531,529,518,547,530,531,513,575,537,534,510,527,516,531,623,527,519,533,513,526,680,520,559,513,764,552,528,573,577,524,515,629,505,522,528,545,513,545,515,510,518,534,554,629,517,520,523,583,532,517,517,511,559,531,557,539,517,523,516,698,549,618,623,517,510,534,642,523,523,528,624,591,526,521,624,510,539,527,521,539,509,534,561,534,636,518,531,537,531,519,516,511,533,584,559,592,516,536,589,570,517,755,528,531,528,531,519,528,514,504,584,542,510,601,505,517,525,563,507,553,654,
PolyhedronsSetTest::testTetrahedron ,525,205,275,199,259,180,214,201,178,234,229,190,220,215,256,190,306,265,257,263,263,255,267,263,264,263,263,260,260,225,237,235,152,500,0,240,239,485,252,225,340,403,400,226,333,238,403,415,373,263,455,433,353,225,250,400,595,225,337,437,309,370,671,227,251,295,746,241,226,261,264,229,240,611,296,338,225,481,267,477,223,284,355,414,248,611,246,311,373,545,437,247,236,313,251,406,247,228,341,368,235,676,499,585,595,324,220,418,625,221,226,411,605,574,374,226,596,284,229,406,225,461,303,430,249,427,611,245,428,227,406,227,223,278,433,533,249,567,237,447,544,259,341,737,418,392,366,406,356,411,305,306,560,471,310,565,297,271,416,524,287,494,641,
RegressionTest0::test001 ,643,187,313,171,346,154,86,241,228,259,63,225,75,108,345,156,400,61,51,57,61,50,62,61,59,61,61,58,58,265,89,176,224,549,240,0,3,528,40,165,358,432,429,138,348,41,432,448,401,49,496,455,379,86,233,429,633,86,339,461,328,387,700,170,36,309,807,46,143,49,55,168,211,650,309,358,110,525,262,531,184,290,379,445,38,650,234,321,402,591,461,229,212,329,36,437,34,72,362,387,212,735,541,636,633,333,165,448,660,119,185,451,638,605,397,163,646,290,103,443,165,511,325,451,45,472,662,230,470,77,437,193,186,285,474,589,36,610,227,490,599,45,362,794,459,424,390,437,379,452,312,320,588,519,324,620,311,271,457,577,298,533,675,
RegressionTest0::test002 ,642,186,312,171,346,153,86,241,229,257,64,225,76,108,345,155,399,64,54,60,64,53,65,64,62,64,64,61,61,265,89,175,221,549,239,3,0,526,43,164,356,430,427,136,346,42,430,446,399,52,494,454,377,84,231,427,631,84,336,459,326,385,699,168,39,307,805,47,141,52,58,166,209,648,307,356,108,523,259,529,182,288,377,443,40,648,232,319,400,589,459,227,210,327,39,435,37,71,360,385,210,733,539,634,631,331,164,446,658,116,183,449,636,602,395,161,644,288,102,441,164,509,323,450,46,470,659,228,468,78,435,191,185,284,472,587,39,608,225,488,597,48,360,792,457,422,388,435,377,450,309,318,586,517,322,618,309,269,455,575,296,531,673,
RegressionTest0::test003 ,578,505,498,518,494,512,527,502,489,468,546,501,539,520,490,500,497,572,564,571,572,561,574,572,571,572,572,569,569,518,539,518,481,540,485,528,526,0,550,423,385,103,103,449,307,524,103,90,363,564,93,285,387,450,358,103,377,450,350,356,357,296,444,422,546,372,500,528,445,562,566,432,409,390,332,335,435,318,375,407,429,338,365,93,543,390,396,366,343,282,356,358,371,330,546,97,542,496,352,377,425,429,328,353,377,361,461,96,421,457,415,356,413,382,291,433,383,338,476,361,423,387,369,288,535,378,373,396,374,493,98,412,403,378,352,419,543,362,402,361,421,556,352,532,359,375,331,98,367,356,359,328,390,378,331,311,333,357,373,416,334,321,427,
RegressionTest0::test004 ,662,197,332,177,362,159,85,250,241,280,58,235,77,111,361,164,415,29,23,23,29,24,29,29,29,29,29,29,29,273,95,187,239,562,252,40,43,550,0,188,379,455,450,160,372,43,455,469,421,18,516,479,398,110,258,450,657,110,375,483,350,411,725,192,15,332,827,36,165,15,22,187,230,674,331,382,132,544,281,549,203,315,399,466,29,674,251,343,421,612,483,253,237,352,13,458,23,78,381,408,231,754,565,656,657,355,181,471,684,148,205,470,662,624,420,184,665,315,111,464,188,529,345,475,27,490,682,248,488,84,458,213,208,308,493,610,23,634,246,510,621,12,381,814,478,443,410,458,399,470,333,343,614,537,348,639,333,297,475,595,320,558,699,
RegressionTest0::test005 ,594,190,296,194,329,182,180,231,223,233,187,217,184,180,329,180,381,204,200,205,205,197,207,205,203,205,205,203,203,258,186,187,202,521,225,165,164,423,188,0,259,328,322,111,240,171,328,343,299,196,387,352,276,108,134,322,521,109,253,360,164,278,590,15,182,145,711,176,114,195,197,129,130,536,201,261,104,434,175,427,153,187,280,337,178,536,130,234,320,485,360,126,128,226,182,329,179,160,285,290,155,636,427,542,521,233,135,342,547,110,145,345,528,502,288,125,550,187,165,351,0,407,228,348,181,366,558,125,366,162,329,144,23,125,374,495,181,495,191,391,506,193,285,697,353,325,305,329,280,345,230,213,473,421,221,527,205,173,353,477,191,419,562,
RegressionTest0::test006 ,581,348,355,371,366,356,367,361,347,323,375,357,372,363,364,351,391,399,390,396,399,389,401,399,397,399,399,397,397,368,374,356,320,515,340,358,356,385,379,259,0,300,294,253,209,358,300,313,215,391,339,275,218,314,226,294,423,314,207,210,187,221,480,258,377,172,578,362,248,388,392,237,227,428,252,301,303,320,212,307,288,242,23,305,373,428,228,174,231,405,210,225,239,272,377,300,373,336,223,32,285,491,351,410,423,210,300,309,442,298,237,245,425,386,230,239,405,242,330,278,259,287,260,272,361,267,460,224,252,337,300,231,259,188,353,375,374,408,285,275,385,385,223,551,250,67,249,300,24,246,205,251,376,299,268,399,253,231,279,221,245,345,456,
RegressionTest0::test007 ,571,415,413,430,417,421,434,422,407,383,450,416,445,431,419,412,431,476,468,475,476,465,478,476,474,476,476,472,472,433,445,424,392,530,403,432,430,103,455,328,300,0,13,354,215,428,1,33,316,468,68,270,300,353,264,12,383,353,256,323,289,240,461,325,449,282,527,434,354,466,471,344,319,388,250,265,337,262,300,392,336,251,318,19,448,388,315,279,266,267,323,267,274,247,450,14,447,406,265,295,338,442,314,366,383,271,364,20,424,363,347,342,404,400,247,345,354,251,388,303,328,383,282,270,440,359,371,315,360,403,15,340,321,290,294,407,448,376,309,350,418,461,265,502,345,325,288,15,318,342,294,242,374,364,248,329,252,280,329,407,251,307,439,
RegressionTest0::test008 ,571,411,409,426,412,416,429,418,403,382,445,413,440,426,414,408,427,471,464,470,471,460,473,471,470,471,471,469,469,429,442,421,389,531,400,429,427,103,450,322,294,13,0,347,209,425,12,22,311,463,68,269,299,349,264,1,383,348,251,315,282,237,461,329,445,277,527,430,346,461,466,339,316,389,246,260,335,262,295,396,331,252,313,17,443,389,313,274,264,261,315,261,269,245,445,9,443,402,263,292,335,443,317,369,383,270,363,22,426,359,343,335,408,399,247,340,355,252,383,303,322,375,281,271,435,357,368,312,355,401,9,337,316,280,291,411,443,378,305,345,425,456,263,503,338,326,287,9,313,335,288,237,375,359,246,330,247,275,332,410,246,310,440,
RegressionTest0::test009 ,602,190,300,180,332,167,162,239,222,238,167,221,166,162,331,167,384,181,170,176,181,169,181,181,177,181,181,179,179,258,160,178,205,529,226,138,136,449,160,111,253,354,347,0,273,139,354,368,317,171,413,386,302,96,172,347,559,96,277,326,255,313,626,115,157,236,674,144,7,168,175,33,127,573,240,296,88,391,189,443,145,224,274,363,157,573,144,186,268,509,326,167,155,261,157,355,154,120,228,283,160,643,466,503,559,267,140,368,584,97,50,370,563,525,322,28,512,224,122,356,111,423,256,383,140,391,578,140,382,123,355,58,133,212,404,508,156,535,181,411,518,165,228,661,378,319,255,355,274,371,240,249,510,438,256,529,242,209,379,473,229,458,598,
RegressionTest0::test010 ,596,344,352,365,365,353,360,357,346,319,367,353,365,360,366,348,395,390,384,389,390,381,391,390,387,390,390,388,388,363,364,347,319,518,333,348,346,307,372,240,209,215,209,273,0,354,215,230,249,380,268,204,227,264,168,209,388,263,142,264,185,137,437,239,365,175,608,359,268,379,383,262,248,397,158,248,247,342,199,348,291,163,230,221,361,397,252,212,282,344,263,169,175,180,366,214,364,337,269,230,299,529,302,445,388,171,289,226,406,284,258,276,391,381,51,260,441,163,338,302,240,329,221,201,366,295,457,246,294,340,214,256,239,171,326,356,365,371,291,308,365,377,268,585,281,266,282,214,230,277,189,158,311,334,181,442,158,187,274,396,160,294,420,
RegressionTest0::test011 ,646,187,317,170,346,151,82,239,228,261,67,223,76,109,345,155,399,63,57,62,63,58,63,63,61,63,63,60,60,266,91,177,223,547,238,41,42,524,43,171,358,428,425,139,354,0,428,443,383,56,492,455,372,101,242,425,630,101,361,461,332,395,708,178,40,314,797,11,144,52,57,167,211,650,303,355,124,518,267,522,179,287,378,441,45,650,228,321,397,585,461,236,220,324,40,433,42,46,357,385,195,726,539,626,630,338,172,444,667,136,185,445,646,608,403,164,638,287,92,430,171,502,318,456,33,466,656,226,461,47,433,193,191,290,467,585,42,606,219,482,594,44,357,786,453,423,382,433,378,445,315,315,596,510,320,609,307,277,450,570,293,531,681,
RegressionTest0::test012 ,571,415,413,430,417,421,434,422,407,383,450,416,445,431,419,412,431,476,468,475,476,465,478,476,474,476,476,472,472,433,445,424,392,530,403,432,430,103,455,328,300,1,12,354,215,428,0,33,316,468,68,271,300,353,263,13,383,353,256,323,289,240,461,325,449,282,527,434,354,466,471,344,319,388,250,265,337,262,300,392,336,251,318,20,448,388,315,279,266,266,323,267,274,247,450,14,447,406,265,295,338,442,314,366,383,271,364,20,424,363,347,342,404,401,247,345,355,251,388,303,328,383,282,271,440,359,371,315,360,403,15,340,321,290,294,407,448,376,309,350,418,461,265,502,345,325,288,15,318,342,294,242,374,364,248,329,252,280,329,407,251,307,439,
RegressionTest0::test013 ,570,428,423,444,425,434,447,436,418,398,464,431,458,443,426,424,438,490,483,489,490,479,492,490,489,490,490,488,488,444,460,439,406,531,415,448,446,90,469,343,313,33,22,368,230,443,33,0,309,482,80,260,319,368,285,22,386,368,271,322,279,248,464,349,464,296,512,448,367,480,485,359,336,400,258,269,354,279,296,380,350,259,301,32,462,400,329,292,283,244,322,282,289,247,464,27,461,421,282,310,346,433,316,352,386,289,382,40,430,378,350,335,412,382,248,360,370,259,403,301,343,361,290,257,454,344,350,330,344,420,27,355,329,301,287,407,462,360,324,337,410,475,282,521,339,318,278,27,301,335,287,255,384,343,248,311,253,274,320,411,258,312,444,
RegressionTest0::test014 ,575,380,388,400,386,391,399,392,376,349,413,383,408,395,387,383,406,439,431,439,440,430,441,440,438,440,440,437,437,399,414,396,356,513,373,401,399,363,421,299,215,316,311,317,249,383,316,309,0,433,357,281,187,356,271,311,395,356,235,281,212,235,498,298,416,220,582,391,312,430,433,300,261,453,266,300,343,372,251,267,318,263,214,318,413,453,256,251,290,420,281,271,282,276,416,314,413,363,284,222,272,507,299,452,395,245,336,322,439,318,295,204,414,384,259,301,443,263,367,267,299,247,269,277,409,224,468,255,206,363,314,296,292,224,334,330,415,365,313,232,341,423,284,561,211,238,263,314,214,204,236,270,383,258,274,414,266,257,222,349,265,289,453,
RegressionTest0::test015 ,674,209,342,188,373,169,95,260,252,295,61,243,79,118,372,175,426,16,22,16,16,22,17,16,19,16,16,20,20,279,103,196,251,575,263,49,52,564,18,196,391,468,463,171,380,56,468,482,433,0,530,489,414,117,268,463,667,117,385,495,359,420,734,203,29,340,844,48,176,9,8,203,248,683,341,393,143,560,297,563,218,325,412,479,30,683,267,355,437,626,495,261,245,364,27,471,29,91,397,422,244,771,576,673,667,365,194,484,693,159,219,483,673,642,428,197,681,325,121,478,196,543,358,485,37,504,699,262,502,98,471,227,217,316,507,627,27,645,261,521,638,15,397,830,491,457,424,471,412,484,350,353,623,553,359,655,343,306,491,611,330,568,708,
RegressionTest0::test016 ,568,468,466,486,467,478,493,476,462,441,511,471,506,492,468,469,474,538,529,537,538,527,540,538,536,538,538,536,536,489,508,485,446,537,455,496,494,93,516,387,339,68,68,413,268,492,68,80,357,530,0,283,345,416,322,68,357,415,312,339,342,257,441,386,511,334,498,495,410,528,533,394,371,381,302,315,401,273,354,395,393,310,355,57,509,381,356,323,307,275,339,321,334,304,511,62,510,468,322,339,388,408,311,349,357,321,425,55,395,424,400,362,380,377,256,395,343,310,449,343,387,387,337,282,501,376,363,359,380,467,61,396,381,339,323,409,510,353,367,359,424,523,322,492,363,360,323,62,355,362,343,295,364,384,303,316,304,337,359,403,305,305,409,
RegressionTest0::test017 ,589,445,442,471,450,456,464,459,444,415,474,456,471,464,449,452,455,498,492,497,498,489,500,498,496,498,498,496,496,461,475,460,416,534,433,455,454,285,479,352,275,270,269,386,204,455,271,260,281,489,283,0,287,373,272,269,340,373,254,265,247,196,270,352,474,264,555,461,382,488,491,371,355,336,239,298,358,348,289,308,386,247,262,270,470,336,349,285,321,296,265,269,279,238,475,269,471,446,324,266,395,484,283,429,340,234,390,267,352,381,358,263,330,330,194,372,414,247,434,312,352,290,281,8,469,268,408,346,262,440,270,360,340,286,341,371,473,337,386,291,380,484,323,524,266,265,312,268,262,263,260,240,306,320,238,410,241,259,278,349,242,276,368,
RegressionTest0::test018 ,574,362,368,384,370,369,378,371,359,333,394,367,389,378,370,365,394,421,413,419,421,411,423,421,420,421,421,417,417,385,395,374,338,510,353,379,377,387,398,276,218,300,299,302,227,372,300,319,187,414,345,287,0,331,239,299,407,331,220,277,213,219,498,275,394,200,600,376,298,411,414,282,254,450,253,274,317,372,226,289,285,249,238,314,392,450,247,237,283,424,277,241,255,265,396,307,394,359,284,219,298,522,316,466,407,211,317,313,442,316,287,211,416,393,256,287,449,249,355,308,276,270,275,283,394,233,468,244,229,356,307,280,277,202,348,350,396,381,292,246,357,405,284,578,218,266,288,307,238,212,214,254,376,274,267,431,252,242,83,363,251,306,455,
