: , NormalDistributionTest::testQuantiles , NormalDistributionTest::testInverseCumulativeProbabilityExtremes , NormalDistributionTest::testGetMean , NormalDistributionTest::testGetStandardDeviation , NormalDistributionTest::testPreconditions , NormalDistributionTest::testDensity , NormalDistributionTest::testExtremeValues , NormalDistributionTest::testMath280 , NormalDistributionTest::testMoments , MultivariateNormalDistribution_ESTest::test0 , MultivariateNormalDistribution_ESTest::test1 , MultivariateNormalDistribution_ESTest::test2 , MultivariateNormalDistribution_ESTest::test3 , MultivariateNormalDistribution_ESTest::test4 , MultivariateNormalDistribution_ESTest::test5 , MultivariateNormalDistribution_ESTest::test6 , RegressionTest0::test01 , RegressionTest0::test02 , RegressionTest0::test03 , RegressionTest0::test04 , RegressionTest0::test05 , RegressionTest0::test06 , RegressionTest0::test07 , RegressionTest0::test08 , RegressionTest0::test09 , RegressionTest0::test10 , RegressionTest0::test11 , RegressionTest0::test12 , RegressionTest0::test13 , RegressionTest0::test14 , RegressionTest0::test15 , RegressionTest0::test16 , MultivariateNormalDistributionTest::testGetMean , MultivariateNormalDistributionTest::testGetCovarianceMatrix , MultivariateNormalDistributionTest::testSampling , MultivariateNormalDistributionTest::testDensities , MultivariateNormalDistributionTest::testUnivariateDistribution , 
NormalDistributionTest::testQuantiles , 0 , 615 , 637 , 630 , 685 , 514 , 824 , 608 , 585 , 611 , 577 , 601 , 611 , 620 , 619 , 586 , 2447 , 2640 , 2894 , 2336 , 6312 , 3243 , 1613 , 2567 , 4500 , 5153 , 4782 , 4009 , 7122 , 6564 , 1526 , 5731 , 597 , 609 , 742 , 621 , 607 , 
NormalDistributionTest::testInverseCumulativeProbabilityExtremes , 615 , 0 , 189 , 187 , 200 , 338 , 808 , 416 , 439 , 386 , 408 , 336 , 386 , 535 , 543 , 362 , 2578 , 2812 , 3062 , 2525 , 6640 , 3460 , 1717 , 2787 , 4809 , 5487 , 5075 , 4281 , 7462 , 6878 , 1635 , 6038 , 244 , 329 , 741 , 591 , 414 , 
NormalDistributionTest::testGetMean , 637 , 189 , 0 , 30 , 101 , 344 , 834 , 428 , 417 , 369 , 389 , 318 , 369 , 520 , 542 , 344 , 2607 , 2839 , 3092 , 2548 , 6694 , 3498 , 1730 , 2820 , 4852 , 5532 , 5119 , 4318 , 7511 , 6929 , 1657 , 6082 , 210 , 290 , 747 , 598 , 393 , 
NormalDistributionTest::testGetStandardDeviation , 630 , 187 , 30 , 0 , 125 , 346 , 828 , 426 , 404 , 359 , 381 , 314 , 359 , 511 , 529 , 331 , 2584 , 2819 , 3070 , 2529 , 6671 , 3478 , 1715 , 2801 , 4829 , 5509 , 5097 , 4296 , 7489 , 6906 , 1643 , 6060 , 211 , 292 , 738 , 591 , 383 , 
NormalDistributionTest::testPreconditions , 685 , 200 , 101 , 125 , 0 , 360 , 917 , 500 , 492 , 432 , 451 , 373 , 432 , 591 , 606 , 400 , 2695 , 2926 , 3178 , 2634 , 6785 , 3585 , 1804 , 2906 , 4940 , 5620 , 5207 , 4407 , 7602 , 7020 , 1728 , 6172 , 250 , 347 , 818 , 655 , 458 , 
NormalDistributionTest::testDensity , 514 , 338 , 344 , 346 , 360 , 0 , 837 , 449 , 443 , 407 , 402 , 364 , 407 , 539 , 556 , 382 , 2555 , 2755 , 3004 , 2451 , 6515 , 3388 , 1689 , 2702 , 4686 , 5355 , 4951 , 4168 , 7319 , 6754 , 1612 , 5912 , 329 , 350 , 724 , 542 , 408 , 
NormalDistributionTest::testExtremeValues , 824 , 808 , 834 , 828 , 917 , 837 , 0 , 664 , 678 , 760 , 756 , 769 , 759 , 756 , 763 , 770 , 2196 , 2443 , 2691 , 2211 , 6142 , 3100 , 1521 , 2456 , 4373 , 5043 , 4639 , 3858 , 6949 , 6385 , 1438 , 5576 , 799 , 786 , 773 , 758 , 738 , 
NormalDistributionTest::testMath280 , 608 , 416 , 428 , 426 , 500 , 449 , 664 , 0 , 397 , 440 , 437 , 418 , 440 , 515 , 529 , 437 , 2373 , 2616 , 2867 , 2331 , 6360 , 3244 , 1608 , 2577 , 4556 , 5227 , 4822 , 4047 , 7176 , 6604 , 1498 , 5769 , 423 , 430 , 646 , 567 , 447 , 
NormalDistributionTest::testMoments , 585 , 439 , 417 , 404 , 492 , 443 , 678 , 397 , 0 , 433 , 422 , 406 , 433 , 506 , 522 , 416 , 2359 , 2597 , 2843 , 2321 , 6353 , 3239 , 1593 , 2577 , 4537 , 5215 , 4812 , 4033 , 7164 , 6589 , 1502 , 5760 , 401 , 401 , 630 , 540 , 413 , 
MultivariateNormalDistribution_ESTest::test0 , 611 , 386 , 369 , 359 , 432 , 407 , 760 , 440 , 433 , 0 , 258 , 226 , 6 , 164 , 212 , 237 , 2351 , 2570 , 2825 , 2290 , 6409 , 3231 , 1519 , 2561 , 4578 , 5251 , 4839 , 4044 , 7217 , 6645 , 1431 , 5798 , 322 , 330 , 655 , 520 , 350 , 
MultivariateNormalDistribution_ESTest::test1 , 577 , 408 , 389 , 381 , 451 , 402 , 756 , 437 , 422 , 258 , 0 , 147 , 260 , 314 , 256 , 104 , 2321 , 2555 , 2812 , 2270 , 6370 , 3213 , 1525 , 2538 , 4532 , 5203 , 4802 , 4008 , 7176 , 6605 , 1437 , 5763 , 329 , 340 , 686 , 547 , 377 , 
MultivariateNormalDistribution_ESTest::test2 , 601 , 336 , 318 , 314 , 373 , 364 , 769 , 418 , 406 , 226 , 147 , 0 , 228 , 297 , 291 , 86 , 2361 , 2594 , 2845 , 2317 , 6438 , 3261 , 1548 , 2583 , 4598 , 5277 , 4865 , 4073 , 7249 , 6673 , 1463 , 5827 , 269 , 297 , 682 , 551 , 368 , 
MultivariateNormalDistribution_ESTest::test3 , 611 , 386 , 369 , 359 , 432 , 407 , 759 , 440 , 433 , 6 , 260 , 228 , 0 , 166 , 215 , 239 , 2352 , 2572 , 2825 , 2291 , 6410 , 3232 , 1520 , 2562 , 4577 , 5253 , 4839 , 4044 , 7217 , 6646 , 1431 , 5797 , 323 , 331 , 655 , 520 , 350 , 
MultivariateNormalDistribution_ESTest::test4 , 620 , 535 , 520 , 511 , 591 , 539 , 756 , 515 , 506 , 164 , 314 , 297 , 166 , 0 , 264 , 303 , 2259 , 2484 , 2738 , 2212 , 6297 , 3148 , 1477 , 2479 , 4472 , 5143 , 4738 , 3946 , 7094 , 6528 , 1379 , 5684 , 462 , 454 , 675 , 560 , 440 , 
MultivariateNormalDistribution_ESTest::test5 , 619 , 543 , 542 , 529 , 606 , 556 , 763 , 529 , 522 , 212 , 256 , 291 , 215 , 264 , 0 , 277 , 2280 , 2495 , 2747 , 2240 , 6289 , 3151 , 1499 , 2492 , 4475 , 5143 , 4736 , 3953 , 7089 , 6513 , 1397 , 5688 , 469 , 468 , 692 , 589 , 460 , 
MultivariateNormalDistribution_ESTest::test6 , 586 , 362 , 344 , 331 , 400 , 382 , 770 , 437 , 416 , 237 , 104 , 86 , 239 , 303 , 277 , 0 , 2351 , 2584 , 2834 , 2306 , 6413 , 3249 , 1540 , 2570 , 4574 , 5247 , 4842 , 4055 , 7226 , 6653 , 1455 , 5806 , 284 , 319 , 677 , 555 , 366 , 
RegressionTest0::test01 , 2447 , 2578 , 2607 , 2584 , 2695 , 2555 , 2196 , 2373 , 2359 , 2351 , 2321 , 2361 , 2352 , 2259 , 2280 , 2351 , 0 , 951 , 1044 , 1484 , 4370 , 2124 , 1749 , 1552 , 2752 , 3375 , 3064 , 2366 , 5209 , 4651 , 1787 , 3973 , 2504 , 2453 , 2301 , 2377 , 2392 , 
RegressionTest0::test02 , 2640 , 2812 , 2839 , 2819 , 2926 , 2755 , 2443 , 2616 , 2597 , 2570 , 2555 , 2594 , 2572 , 2484 , 2495 , 2584 , 951 , 0 , 927 , 1674 , 4195 , 2230 , 1676 , 1833 , 2929 , 3427 , 3166 , 2072 , 5370 , 4797 , 1513 , 4091 , 2734 , 2683 , 2550 , 2592 , 2622 , 
RegressionTest0::test03 , 2894 , 3062 , 3092 , 3070 , 3178 , 3004 , 2691 , 2867 , 2843 , 2825 , 2812 , 2845 , 2825 , 2738 , 2747 , 2834 , 1044 , 927 , 0 , 1311 , 4153 , 1887 , 2063 , 1613 , 2656 , 3040 , 2748 , 2080 , 5054 , 4494 , 1963 , 3657 , 2985 , 2939 , 2769 , 2827 , 2877 , 
RegressionTest0::test04 , 2336 , 2525 , 2548 , 2529 , 2634 , 2451 , 2211 , 2331 , 2321 , 2290 , 2270 , 2317 , 2291 , 2212 , 2240 , 2306 , 1484 , 1674 , 1311 , 0 , 4576 , 1774 , 1672 , 1294 , 2866 , 3151 , 2751 , 1921 , 5275 , 4610 , 1629 , 3831 , 2455 , 2406 , 2276 , 2304 , 2347 , 
RegressionTest0::test05 , 6312 , 6640 , 6694 , 6671 , 6785 , 6515 , 6142 , 6360 , 6353 , 6409 , 6370 , 6438 , 6410 , 6297 , 6289 , 6413 , 4370 , 4195 , 4153 , 4576 , 0 , 3547 , 5325 , 3925 , 2574 , 3127 , 2902 , 3294 , 3376 , 2977 , 5229 , 3426 , 6567 , 6500 , 6241 , 6314 , 6416 , 
RegressionTest0::test06 , 3243 , 3460 , 3498 , 3478 , 3585 , 3388 , 3100 , 3244 , 3239 , 3231 , 3213 , 3261 , 3232 , 3148 , 3151 , 3249 , 2124 , 2230 , 1887 , 1774 , 3547 , 0 , 2565 , 864 , 2348 , 3172 , 2534 , 2402 , 4330 , 3680 , 2372 , 3135 , 3392 , 3339 , 3149 , 3209 , 3278 , 
RegressionTest0::test07 , 1613 , 1717 , 1730 , 1715 , 1804 , 1689 , 1521 , 1608 , 1593 , 1519 , 1525 , 1548 , 1520 , 1477 , 1499 , 1540 , 1749 , 1676 , 2063 , 1672 , 5325 , 2565 , 0 , 1942 , 3764 , 4348 , 3993 , 3010 , 6300 , 5746 , 992 , 4911 , 1648 , 1610 , 1561 , 1572 , 1578 , 
RegressionTest0::test08 , 2567 , 2787 , 2820 , 2801 , 2906 , 2702 , 2456 , 2577 , 2577 , 2561 , 2538 , 2583 , 2562 , 2479 , 2492 , 2570 , 1552 , 1833 , 1613 , 1294 , 3925 , 864 , 1942 , 0 , 2224 , 3046 , 2571 , 2164 , 4710 , 4133 , 1879 , 3525 , 2712 , 2668 , 2509 , 2547 , 2613 , 
RegressionTest0::test09 , 4500 , 4809 , 4852 , 4829 , 4940 , 4686 , 4373 , 4556 , 4537 , 4578 , 4532 , 4598 , 4577 , 4472 , 4475 , 4574 , 2752 , 2929 , 2656 , 2866 , 2574 , 2348 , 3764 , 2224 , 0 , 2014 , 1750 , 2340 , 3043 , 2926 , 3674 , 2667 , 4730 , 4672 , 4452 , 4508 , 4601 , 
RegressionTest0::test10 , 5153 , 5487 , 5532 , 5509 , 5620 , 5355 , 5043 , 5227 , 5215 , 5251 , 5203 , 5277 , 5253 , 5143 , 5143 , 5247 , 3375 , 3427 , 3040 , 3151 , 3127 , 3172 , 4348 , 3046 , 2014 , 0 , 2280 , 2895 , 3732 , 3519 , 4306 , 2957 , 5411 , 5353 , 5114 , 5169 , 5277 , 
RegressionTest0::test11 , 4782 , 5075 , 5119 , 5097 , 5207 , 4951 , 4639 , 4822 , 4812 , 4839 , 4802 , 4865 , 4839 , 4738 , 4736 , 4842 , 3064 , 3166 , 2748 , 2751 , 2902 , 2534 , 3993 , 2571 , 1750 , 2280 , 0 , 2130 , 3602 , 3152 , 3950 , 2812 , 4999 , 4940 , 4713 , 4768 , 4865 , 
RegressionTest0::test12 , 4009 , 4281 , 4318 , 4296 , 4407 , 4168 , 3858 , 4047 , 4033 , 4044 , 4008 , 4073 , 4044 , 3946 , 3953 , 4055 , 2366 , 2072 , 2080 , 1921 , 3294 , 2402 , 3010 , 2164 , 2340 , 2895 , 2130 , 0 , 4333 , 3736 , 2925 , 3158 , 4202 , 4147 , 3959 , 4002 , 4070 , 
RegressionTest0::test13 , 7122 , 7462 , 7511 , 7489 , 7602 , 7319 , 6949 , 7176 , 7164 , 7217 , 7176 , 7249 , 7217 , 7094 , 7089 , 7226 , 5209 , 5370 , 5054 , 5275 , 3376 , 4330 , 6300 , 4710 , 3043 , 3732 , 3602 , 4333 , 0 , 2862 , 6244 , 3447 , 7381 , 7310 , 7042 , 7108 , 7227 , 
RegressionTest0::test14 , 6564 , 6878 , 6929 , 6906 , 7020 , 6754 , 6385 , 6604 , 6589 , 6645 , 6605 , 6673 , 6646 , 6528 , 6513 , 6653 , 4651 , 4797 , 4494 , 4610 , 2977 , 3680 , 5746 , 4133 , 2926 , 3519 , 3152 , 3736 , 2862 , 0 , 5676 , 3202 , 6804 , 6726 , 6466 , 6533 , 6650 , 
RegressionTest0::test15 , 1526 , 1635 , 1657 , 1643 , 1728 , 1612 , 1438 , 1498 , 1502 , 1431 , 1437 , 1463 , 1431 , 1379 , 1397 , 1455 , 1787 , 1513 , 1963 , 1629 , 5229 , 2372 , 992 , 1879 , 3674 , 4306 , 3950 , 2925 , 6244 , 5676 , 0 , 4799 , 1565 , 1526 , 1473 , 1497 , 1494 , 
RegressionTest0::test16 , 5731 , 6038 , 6082 , 6060 , 6172 , 5912 , 5576 , 5769 , 5760 , 5798 , 5763 , 5827 , 5797 , 5684 , 5688 , 5806 , 3973 , 4091 , 3657 , 3831 , 3426 , 3135 , 4911 , 3525 , 2667 , 2957 , 2812 , 3158 , 3447 , 3202 , 4799 , 0 , 5961 , 5890 , 5640 , 5702 , 5812 , 
MultivariateNormalDistributionTest::testGetMean , 597 , 244 , 210 , 211 , 250 , 329 , 799 , 423 , 401 , 322 , 329 , 269 , 323 , 462 , 469 , 284 , 2504 , 2734 , 2985 , 2455 , 6567 , 3392 , 1648 , 2712 , 4730 , 5411 , 4999 , 4202 , 7381 , 6804 , 1565 , 5961 , 0 , 118 , 577 , 419 , 282 , 
MultivariateNormalDistributionTest::testGetCovarianceMatrix , 609 , 329 , 290 , 292 , 347 , 350 , 786 , 430 , 401 , 330 , 340 , 297 , 331 , 454 , 468 , 319 , 2453 , 2683 , 2939 , 2406 , 6500 , 3339 , 1610 , 2668 , 4672 , 5353 , 4940 , 4147 , 7310 , 6726 , 1526 , 5890 , 118 , 0 , 525 , 408 , 245 , 
MultivariateNormalDistributionTest::testSampling , 742 , 741 , 747 , 738 , 818 , 724 , 773 , 646 , 630 , 655 , 686 , 682 , 655 , 675 , 692 , 677 , 2301 , 2550 , 2769 , 2276 , 6241 , 3149 , 1561 , 2509 , 4452 , 5114 , 4713 , 3959 , 7042 , 6466 , 1473 , 5640 , 577 , 525 , 0 , 494 , 557 , 
MultivariateNormalDistributionTest::testDensities , 621 , 591 , 598 , 591 , 655 , 542 , 758 , 567 , 540 , 520 , 547 , 551 , 520 , 560 , 589 , 555 , 2377 , 2592 , 2827 , 2304 , 6314 , 3209 , 1572 , 2547 , 4508 , 5169 , 4768 , 4002 , 7108 , 6533 , 1497 , 5702 , 419 , 408 , 494 , 0 , 439 , 
MultivariateNormalDistributionTest::testUnivariateDistribution , 607 , 414 , 393 , 383 , 458 , 408 , 738 , 447 , 413 , 350 , 377 , 368 , 350 , 440 , 460 , 366 , 2392 , 2622 , 2877 , 2347 , 6416 , 3278 , 1578 , 2613 , 4601 , 5277 , 4865 , 4070 , 7227 , 6650 , 1494 , 5812 , 282 , 245 , 557 , 439 , 0 , 
