: , RegressionTest0::test01 , RegressionTest0::test02 , RegressionTest0::test03 , RegressionTest0::test04 , RegressionTest0::test05 , RegressionTest0::test06 , RegressionTest0::test07 , RegressionTest0::test08 , RegressionTest0::test09 , RegressionTest0::test10 , RegressionTest0::test11 , CholeskyDecompositionTest::testDimensions , CholeskyDecompositionTest::testNonSquare , CholeskyDecompositionTest::testNotSymmetricMatrixException , CholeskyDecompositionTest::testNotPositiveDefinite , CholeskyDecompositionTest::testMath274 , CholeskyDecompositionTest::testAEqualLLT , CholeskyDecompositionTest::testLLowerTriangular , CholeskyDecompositionTest::testLTTransposed , CholeskyDecompositionTest::testMatricesValues , RectangularCholeskyDecompositionTest::testDecomposition3x3 , RectangularCholeskyDecompositionTest::testFullRank , RectangularCholeskyDecompositionTest::testMath789 , RectangularCholeskyDecomposition_ESTest::test0 , RectangularCholeskyDecomposition_ESTest::test1 , RectangularCholeskyDecomposition_ESTest::test2 , RectangularCholeskyDecomposition_ESTest::test3 , RectangularCholeskyDecomposition_ESTest::test4 , 
RegressionTest0::test01 , 0 , 3656 , 1275 , 917 , 1353 , 8682 , 3859 , 974 , 2401 , 5048 , 3134 , 501 , 401 , 336 , 1531 , 966 , 329 , 416 , 324 , 2206 , 1252 , 1563 , 5715 , 305 , 307 , 620 , 553 , 671 , 
RegressionTest0::test02 , 3656 , 0 , 2460 , 2902 , 2553 , 5519 , 1270 , 2918 , 2168 , 2353 , 1949 , 3555 , 4007 , 3801 , 2787 , 3073 , 3706 , 3606 , 3711 , 2382 , 2897 , 2702 , 3789 , 3653 , 3662 , 3291 , 3444 , 3251 , 
RegressionTest0::test03 , 1275 , 2460 , 0 , 834 , 673 , 7443 , 2649 , 915 , 1758 , 3957 , 2409 , 1300 , 1617 , 1451 , 1052 , 995 , 1377 , 1316 , 1380 , 1492 , 947 , 1021 , 4795 , 1310 , 1312 , 1010 , 1157 , 989 , 
RegressionTest0::test04 , 917 , 2902 , 834 , 0 , 692 , 7880 , 3120 , 425 , 1654 , 4251 , 2367 , 963 , 1257 , 1107 , 1243 , 909 , 1015 , 968 , 1022 , 1809 , 997 , 1264 , 5108 , 979 , 986 , 800 , 910 , 806 , 
RegressionTest0::test05 , 1353 , 2553 , 673 , 692 , 0 , 7486 , 2754 , 654 , 1570 , 3923 , 2251 , 1360 , 1694 , 1543 , 1121 , 1110 , 1440 , 1379 , 1452 , 1594 , 1045 , 1131 , 4797 , 1394 , 1399 , 1124 , 1258 , 1112 , 
RegressionTest0::test06 , 8682 , 5519 , 7443 , 7880 , 7486 , 0 , 5263 , 7882 , 6829 , 4723 , 6368 , 8504 , 9037 , 8816 , 7495 , 7966 , 8710 , 8590 , 8723 , 6969 , 7726 , 7470 , 5493 , 8661 , 8670 , 8200 , 8372 , 8158 , 
RegressionTest0::test07 , 3859 , 1270 , 2649 , 3120 , 2754 , 5263 , 0 , 3132 , 2390 , 2471 , 2156 , 3743 , 4210 , 4000 , 2973 , 3274 , 3908 , 3811 , 3915 , 2575 , 3087 , 2864 , 3735 , 3862 , 3867 , 3485 , 3634 , 3446 , 
RegressionTest0::test08 , 974 , 2918 , 915 , 425 , 654 , 7882 , 3132 , 0 , 1653 , 4235 , 2382 , 1019 , 1312 , 1164 , 1217 , 924 , 1063 , 1019 , 1070 , 1773 , 999 , 1240 , 5075 , 1032 , 1035 , 850 , 963 , 848 , 
RegressionTest0::test09 , 2401 , 2168 , 1758 , 1654 , 1570 , 6829 , 2390 , 1653 , 0 , 3037 , 950 , 2312 , 2728 , 2542 , 1861 , 2045 , 2454 , 2358 , 2465 , 1796 , 1906 , 1816 , 4432 , 2414 , 2418 , 2145 , 2226 , 2125 , 
RegressionTest0::test10 , 5048 , 2353 , 3957 , 4251 , 3923 , 4723 , 2471 , 4235 , 3037 , 0 , 2633 , 4912 , 5395 , 5179 , 4092 , 4443 , 5080 , 4973 , 5090 , 3682 , 4226 , 4032 , 3702 , 5028 , 5038 , 4636 , 4792 , 4602 , 
RegressionTest0::test11 , 3134 , 1949 , 2409 , 2367 , 2251 , 6368 , 2156 , 2382 , 950 , 2633 , 0 , 3014 , 3469 , 3267 , 2497 , 2731 , 3177 , 3067 , 3185 , 2304 , 2552 , 2458 , 4196 , 3135 , 3138 , 2824 , 2920 , 2811 , 
CholeskyDecompositionTest::testDimensions , 501 , 3555 , 1300 , 963 , 1360 , 8504 , 3743 , 1019 , 2312 , 4912 , 3014 , 0 , 603 , 481 , 1481 , 940 , 423 , 437 , 426 , 2085 , 1146 , 1475 , 5572 , 475 , 480 , 656 , 522 , 725 , 
CholeskyDecompositionTest::testNonSquare , 401 , 4007 , 1617 , 1257 , 1694 , 9037 , 4210 , 1312 , 2728 , 5395 , 3469 , 603 , 0 , 250 , 1782 , 1175 , 373 , 503 , 362 , 2480 , 1509 , 1815 , 6055 , 409 , 400 , 900 , 711 , 958 , 
CholeskyDecompositionTest::testNotSymmetricMatrixException , 336 , 3801 , 1451 , 1107 , 1543 , 8816 , 4000 , 1164 , 2542 , 5179 , 3267 , 481 , 250 , 0 , 1606 , 1021 , 282 , 395 , 276 , 2299 , 1360 , 1656 , 5844 , 319 , 312 , 759 , 575 , 811 , 
CholeskyDecompositionTest::testNotPositiveDefinite , 1531 , 2787 , 1052 , 1243 , 1121 , 7495 , 2973 , 1217 , 1861 , 4092 , 2497 , 1481 , 1782 , 1606 , 0 , 733 , 1564 , 1495 , 1570 , 1213 , 945 , 951 , 4499 , 1492 , 1495 , 1309 , 1344 , 1276 , 
CholeskyDecompositionTest::testMath274 , 966 , 3073 , 995 , 909 , 1110 , 7966 , 3274 , 924 , 2045 , 4443 , 2731 , 940 , 1175 , 1021 , 733 , 0 , 996 , 947 , 1001 , 1544 , 839 , 996 , 4976 , 925 , 928 , 838 , 827 , 813 , 
CholeskyDecompositionTest::testAEqualLLT , 329 , 3706 , 1377 , 1015 , 1440 , 8710 , 3908 , 1063 , 2454 , 5080 , 3177 , 423 , 373 , 282 , 1564 , 996 , 0 , 281 , 22 , 2197 , 1236 , 1541 , 5738 , 240 , 250 , 707 , 532 , 768 , 
CholeskyDecompositionTest::testLLowerTriangular , 416 , 3606 , 1316 , 968 , 1379 , 8590 , 3811 , 1019 , 2358 , 4973 , 3067 , 437 , 503 , 395 , 1495 , 947 , 281 , 0 , 286 , 2126 , 1208 , 1473 , 5628 , 367 , 364 , 657 , 509 , 715 , 
CholeskyDecompositionTest::testLTTransposed , 324 , 3711 , 1380 , 1022 , 1452 , 8723 , 3915 , 1070 , 2465 , 5090 , 3185 , 426 , 362 , 276 , 1570 , 1001 , 22 , 286 , 0 , 2190 , 1243 , 1551 , 5747 , 233 , 246 , 713 , 543 , 777 , 
CholeskyDecompositionTest::testMatricesValues , 2206 , 2382 , 1492 , 1809 , 1594 , 6969 , 2575 , 1773 , 1796 , 3682 , 2304 , 2085 , 2480 , 2299 , 1213 , 1544 , 2197 , 2126 , 2190 , 0 , 1332 , 1060 , 4122 , 2149 , 2157 , 1909 , 1960 , 1872 , 
RectangularCholeskyDecompositionTest::testDecomposition3x3 , 1252 , 2897 , 947 , 997 , 1045 , 7726 , 3087 , 999 , 1906 , 4226 , 2552 , 1146 , 1509 , 1360 , 945 , 839 , 1236 , 1208 , 1243 , 1332 , 0 , 818 , 4744 , 1201 , 1208 , 1045 , 1065 , 1017 , 
RectangularCholeskyDecompositionTest::testFullRank , 1563 , 2702 , 1021 , 1264 , 1131 , 7470 , 2864 , 1240 , 1816 , 4032 , 2458 , 1475 , 1815 , 1656 , 951 , 996 , 1541 , 1473 , 1551 , 1060 , 818 , 0 , 4506 , 1501 , 1506 , 1299 , 1329 , 1282 , 
RectangularCholeskyDecompositionTest::testMath789 , 5715 , 3789 , 4795 , 5108 , 4797 , 5493 , 3735 , 5075 , 4432 , 3702 , 4196 , 5572 , 6055 , 5844 , 4499 , 4976 , 5738 , 5628 , 5747 , 4122 , 4744 , 4506 , 0 , 5689 , 5697 , 5312 , 5431 , 5273 , 
RectangularCholeskyDecomposition_ESTest::test0 , 305 , 3653 , 1310 , 979 , 1394 , 8661 , 3862 , 1032 , 2414 , 5028 , 3135 , 475 , 409 , 319 , 1492 , 925 , 240 , 367 , 233 , 2149 , 1201 , 1501 , 5689 , 0 , 27 , 608 , 425 , 658 , 
RectangularCholeskyDecomposition_ESTest::test1 , 307 , 3662 , 1312 , 986 , 1399 , 8670 , 3867 , 1035 , 2418 , 5038 , 3138 , 480 , 400 , 312 , 1495 , 928 , 250 , 364 , 246 , 2157 , 1208 , 1506 , 5697 , 27 , 0 , 602 , 429 , 652 , 
RectangularCholeskyDecomposition_ESTest::test2 , 620 , 3291 , 1010 , 800 , 1124 , 8200 , 3485 , 850 , 2145 , 4636 , 2824 , 656 , 900 , 759 , 1309 , 838 , 707 , 657 , 713 , 1909 , 1045 , 1299 , 5312 , 608 , 602 , 0 , 232 , 150 , 
RectangularCholeskyDecomposition_ESTest::test3 , 553 , 3444 , 1157 , 910 , 1258 , 8372 , 3634 , 963 , 2226 , 4792 , 2920 , 522 , 711 , 575 , 1344 , 827 , 532 , 509 , 543 , 1960 , 1065 , 1329 , 5431 , 425 , 429 , 232 , 0 , 355 , 
RectangularCholeskyDecomposition_ESTest::test4 , 671 , 3251 , 989 , 806 , 1112 , 8158 , 3446 , 848 , 2125 , 4602 , 2811 , 725 , 958 , 811 , 1276 , 813 , 768 , 715 , 777 , 1872 , 1017 , 1282 , 5273 , 658 , 652 , 150 , 355 , 0 , 
The time of execution of above matrix is :6546.828508377075
