: , PolyhedronsSetTest::testBox , PolyhedronsSetTest::testTetrahedron , PolyhedronsSetTest::testIsometry , PolyhedronsSetTest::testBuildBox , PolyhedronsSetTest::testCross , PolyhedronsSetTest::testIssue780 , PolygonsSet_ESTest::test00 , PolygonsSet_ESTest::test01 , PolygonsSet_ESTest::test02 , PolygonsSet_ESTest::test03 , PolygonsSet_ESTest::test04 , PolygonsSet_ESTest::test05 , PolygonsSet_ESTest::test06 , PolygonsSet_ESTest::test07 , PolygonsSet_ESTest::test08 , PolygonsSet_ESTest::test09 , PolygonsSet_ESTest::test10 , PolygonsSet_ESTest::test11 , PolygonsSetTest::testSimplyConnected , PolygonsSetTest::testStair , PolygonsSetTest::testHole , PolygonsSetTest::testDisjointPolygons , PolygonsSetTest::testOppositeHyperplanes , PolygonsSetTest::testSingularPoint , PolygonsSetTest::testLineIntersection , PolygonsSetTest::testUnlimitedSubHyperplane , PolygonsSetTest::testUnion , PolygonsSetTest::testIntersection , PolygonsSetTest::testXor , PolygonsSetTest::testDifference , PolygonsSetTest::testEmptyDifference , PolygonsSetTest::testChoppedHexagon , PolygonsSetTest::testConcentric , PolygonsSetTest::testBug20040520 , PolygonsSetTest::testBug20041003 , RegressionTest0::test001 , RegressionTest0::test002 , RegressionTest0::test003 , RegressionTest0::test004 , RegressionTest0::test005 , RegressionTest0::test006 , RegressionTest0::test007 , RegressionTest0::test008 , RegressionTest0::test009 , RegressionTest0::test010 , RegressionTest0::test011 , RegressionTest0::test012 , RegressionTest0::test013 , RegressionTest0::test014 , RegressionTest0::test015 , RegressionTest0::test016 , RegressionTest0::test017 , RegressionTest0::test018 , RegressionTest0::test019 , RegressionTest0::test020 , RegressionTest0::test021 , RegressionTest0::test022 , RegressionTest0::test023 , RegressionTest0::test024 , RegressionTest0::test025 , RegressionTest0::test026 , RegressionTest0::test027 , RegressionTest0::test028 , RegressionTest0::test029 , RegressionTest0::test030 , RegressionTest0::test031 , RegressionTest0::test032 , RegressionTest0::test033 , RegressionTest0::test034 , RegressionTest0::test035 , RegressionTest0::test036 , RegressionTest0::test037 , RegressionTest0::test038 , RegressionTest0::test039 , RegressionTest0::test040 , RegressionTest0::test041 , RegressionTest0::test042 , RegressionTest0::test043 , RegressionTest0::test044 , RegressionTest0::test045 , RegressionTest0::test046 , RegressionTest0::test047 , RegressionTest0::test048 , RegressionTest0::test049 , RegressionTest0::test050 , RegressionTest0::test051 , RegressionTest0::test052 , RegressionTest0::test053 , RegressionTest0::test054 , RegressionTest0::test055 , RegressionTest0::test056 , RegressionTest0::test057 , RegressionTest0::test058 , RegressionTest0::test059 , RegressionTest0::test060 , RegressionTest0::test061 , RegressionTest0::test062 , RegressionTest0::test063 , RegressionTest0::test064 , RegressionTest0::test065 , RegressionTest0::test066 , RegressionTest0::test067 , RegressionTest0::test068 , RegressionTest0::test069 , RegressionTest0::test070 , RegressionTest0::test071 , RegressionTest0::test072 , RegressionTest0::test073 , RegressionTest0::test074 , RegressionTest0::test075 , RegressionTest0::test076 , RegressionTest0::test077 , RegressionTest0::test078 , RegressionTest0::test079 , RegressionTest0::test080 , RegressionTest0::test081 , RegressionTest0::test082 , RegressionTest0::test083 , RegressionTest0::test084 , RegressionTest0::test085 , RegressionTest0::test086 , RegressionTest0::test087 , RegressionTest0::test088 , RegressionTest0::test089 , RegressionTest0::test090 , RegressionTest0::test091 , RegressionTest0::test092 , RegressionTest0::test093 , RegressionTest0::test094 , RegressionTest0::test095 , RegressionTest0::test096 , RegressionTest0::test097 , RegressionTest0::test098 , RegressionTest0::test099 , RegressionTest0::test100 , RegressionTest0::test101 , RegressionTest0::test102 , RegressionTest0::test103 , RegressionTest0::test104 , RegressionTest0::test105 , RegressionTest0::test106 , RegressionTest0::test107 , RegressionTest0::test108 , RegressionTest0::test109 , RegressionTest0::test110 , RegressionTest0::test111 , RegressionTest0::test112 , RegressionTest0::test113 , RegressionTest0::test114 , RegressionTest0::test115 , RegressionTest0::test116 , RegressionTest0::test117 , RegressionTest0::test118 , RegressionTest0::test119 , RegressionTest0::test120 , RegressionTest0::test121 , RegressionTest0::test122 , RegressionTest0::test123 , RegressionTest0::test124 , RegressionTest0::test125 , RegressionTest0::test126 , RegressionTest0::test127 , RegressionTest0::test128 , 
PolyhedronsSetTest::testBox , 0 , 967 , 1724 , 948 , 997 , 1485 , 1150 , 1132 , 1146 , 1147 , 1125 , 1171 , 1146 , 1143 , 1152 , 1155 , 1076 , 1082 , 848 , 1009 , 821 , 825 , 1048 , 1031 , 1344 , 904 , 985 , 873 , 1089 , 1009 , 991 , 1401 , 921 , 3095 , 1119 , 1350 , 1367 , 10222 , 1167 , 4012 , 8421 , 9854 , 9623 , 3465 , 7349 , 1136 , 9854 , 9530 , 7629 , 1085 , 11884 , 9905 , 7768 , 2181 , 5485 , 9627 , 12734 , 2275 , 7668 , 9933 , 7183 , 8074 , 15660 , 4197 , 1048 , 7268 , 17261 , 1059 , 3576 , 1068 , 1108 , 4535 , 6102 , 12864 , 6937 , 6058 , 3018 , 12154 , 6362 , 9472 , 2848 , 6390 , 8365 , 10067 , 1032 , 12861 , 5936 , 7452 , 10031 , 12846 , 10020 , 5366 , 4839 , 6927 , 1079 , 9972 , 1064 , 1307 , 8705 , 9526 , 3189 , 16536 , 10294 , 13779 , 12739 , 7535 , 4272 , 10316 , 13967 , 2996 , 4224 , 8436 , 13639 , 13067 , 7957 , 4263 , 14680 , 6398 , 1177 , 7776 , 4025 , 9466 , 6715 , 9758 , 1051 , 8472 , 14936 , 5710 , 8849 , 1412 , 9849 , 4433 , 3966 , 6119 , 8623 , 10084 , 1037 , 11927 , 3231 , 9623 , 10442 , 1049 , 8717 , 17551 , 8731 , 8882 , 6641 , 9938 , 8330 , 8534 , 7645 , 7259 , 12701 , 9304 , 6862 , 13493 , 7287 , 6060 , 8347 , 12987 , 6515 , 10338 , 14037 , 
PolyhedronsSetTest::testTetrahedron , 967 , 0 , 1396 , 937 , 911 , 1488 , 1184 , 1163 , 1184 , 1182 , 1154 , 1200 , 1183 , 1173 , 1182 , 1187 , 1109 , 1102 , 857 , 1030 , 897 , 889 , 1108 , 1073 , 1238 , 937 , 997 , 875 , 1108 , 1003 , 1034 , 1359 , 984 , 3126 , 1093 , 1304 , 1318 , 10097 , 1167 , 3918 , 8312 , 9721 , 9491 , 3397 , 7245 , 1125 , 9721 , 9400 , 7524 , 1129 , 11768 , 9787 , 7659 , 2105 , 5391 , 9495 , 12619 , 2197 , 7567 , 9835 , 7067 , 7963 , 15543 , 4092 , 1052 , 7158 , 17152 , 1067 , 3514 , 1104 , 1162 , 4463 , 6016 , 12746 , 6828 , 5970 , 2940 , 12038 , 6263 , 9375 , 2788 , 6284 , 8256 , 9936 , 1052 , 12743 , 5853 , 7357 , 9913 , 12716 , 9921 , 5276 , 4738 , 6816 , 1084 , 9839 , 1071 , 1291 , 8589 , 9415 , 3143 , 16419 , 10177 , 13665 , 12624 , 7417 , 4185 , 10190 , 13843 , 2918 , 4157 , 8326 , 13518 , 12957 , 7855 , 4194 , 14562 , 6292 , 1184 , 7692 , 3924 , 9370 , 6617 , 9642 , 1067 , 8364 , 14822 , 5627 , 8744 , 1389 , 9716 , 4360 , 3863 , 6004 , 8536 , 9983 , 1052 , 11810 , 3157 , 9531 , 10341 , 1064 , 8601 , 17450 , 8623 , 8772 , 6556 , 9805 , 8221 , 8425 , 7545 , 7149 , 12584 , 9196 , 6750 , 13381 , 7170 , 5945 , 8249 , 12884 , 6409 , 10222 , 13919 , 
PolyhedronsSetTest::testIsometry , 1724 , 1396 , 0 , 1839 , 1779 , 1800 , 2046 , 2016 , 2038 , 2046 , 2001 , 2070 , 2045 , 2038 , 2046 , 2048 , 1944 , 1930 , 1700 , 1810 , 1692 , 1752 , 1940 , 1906 , 1663 , 1746 , 1651 , 1676 , 1646 , 1655 , 1822 , 1706 , 1772 , 3001 , 1709 , 1728 , 1727 , 9681 , 1758 , 3660 , 7903 , 9302 , 9077 , 3162 , 6848 , 1747 , 9302 , 8991 , 7154 , 1953 , 11292 , 9340 , 7265 , 2095 , 5061 , 9081 , 12132 , 2155 , 7178 , 9402 , 6679 , 7568 , 15000 , 3833 , 1785 , 6766 , 16625 , 1776 , 3266 , 1930 , 2020 , 4149 , 5652 , 12247 , 6441 , 5654 , 2749 , 11559 , 5910 , 8918 , 2657 , 5925 , 7851 , 9509 , 1819 , 12246 , 5485 , 6972 , 9463 , 12218 , 9481 , 4946 , 4464 , 6423 , 1767 , 9414 , 1785 , 1745 , 8151 , 8967 , 2980 , 15868 , 9728 , 13169 , 12137 , 7037 , 4005 , 9759 , 13337 , 2778 , 3864 , 7914 , 13015 , 12463 , 7447 , 3899 , 14049 , 5931 , 1771 , 7290 , 3659 , 8931 , 6241 , 9198 , 1846 , 7954 , 14289 , 5270 , 8325 , 1755 , 9298 , 4064 , 3614 , 5662 , 8094 , 9535 , 1824 , 11341 , 2979 , 9096 , 9885 , 1854 , 8162 , 16879 , 8204 , 8356 , 6215 , 9375 , 7817 , 8009 , 7152 , 6739 , 12101 , 8767 , 6368 , 12879 , 6774 , 5618 , 7838 , 12373 , 6036 , 9768 , 13418 , 
PolyhedronsSetTest::testBuildBox , 948 , 937 , 1839 , 0 , 354 , 1506 , 415 , 407 , 422 , 414 , 411 , 420 , 415 , 399 , 413 , 416 , 407 , 450 , 818 , 403 , 779 , 617 , 401 , 398 , 1449 , 642 , 1237 , 935 , 1389 , 1247 , 439 , 1434 , 543 , 3528 , 1046 , 1396 , 1414 , 10592 , 1134 , 4269 , 8776 , 10214 , 9980 , 3688 , 7702 , 1061 , 10214 , 9889 , 7988 , 424 , 12275 , 10289 , 8120 , 2343 , 5793 , 9984 , 13152 , 2435 , 8032 , 10325 , 7517 , 8442 , 16090 , 4465 , 803 , 7609 , 17714 , 890 , 3807 , 426 , 421 , 4803 , 6406 , 13285 , 7268 , 6389 , 3222 , 12547 , 6684 , 9847 , 3061 , 6713 , 8719 , 10428 , 760 , 13282 , 6234 , 7790 , 10387 , 13250 , 10411 , 5667 , 5137 , 7255 , 937 , 10331 , 893 , 1304 , 9042 , 9896 , 3413 , 16977 , 10688 , 14190 , 13157 , 7887 , 4520 , 10684 , 14391 , 3211 , 4481 , 8803 , 14064 , 13482 , 8329 , 4524 , 15106 , 6720 , 1122 , 8141 , 4278 , 9844 , 7047 , 10142 , 521 , 8842 , 15366 , 6000 , 9212 , 1450 , 10206 , 4695 , 4211 , 6437 , 8996 , 10470 , 739 , 12341 , 3439 , 10006 , 10834 , 557 , 9053 , 18006 , 9099 , 9247 , 6973 , 10297 , 8683 , 8900 , 8001 , 7592 , 13127 , 9677 , 7187 , 13911 , 7625 , 6379 , 8717 , 13398 , 6838 , 10735 , 14470 , 
PolyhedronsSetTest::testCross , 997 , 911 , 1779 , 354 , 0 , 1426 , 729 , 698 , 719 , 728 , 696 , 735 , 729 , 710 , 731 , 732 , 680 , 686 , 841 , 643 , 791 , 703 , 707 , 693 , 1379 , 694 , 1187 , 920 , 1333 , 1202 , 660 , 1365 , 664 , 3370 , 1021 , 1317 , 1332 , 10362 , 1087 , 4107 , 8562 , 9987 , 9752 , 3541 , 7497 , 1015 , 9987 , 9659 , 7780 , 698 , 12035 , 10063 , 7913 , 2221 , 5609 , 9756 , 12919 , 2315 , 7825 , 10102 , 7314 , 8222 , 15846 , 4291 , 794 , 7404 , 17449 , 861 , 3658 , 668 , 709 , 4633 , 6214 , 13044 , 7060 , 6191 , 3083 , 12304 , 6485 , 9632 , 2920 , 6513 , 8505 , 10198 , 784 , 13041 , 6053 , 7583 , 10155 , 13003 , 10188 , 5486 , 4964 , 7048 , 914 , 10101 , 888 , 1225 , 8817 , 9677 , 3258 , 16722 , 10460 , 13942 , 12924 , 7681 , 4351 , 10452 , 14154 , 3074 , 4314 , 8582 , 13830 , 13249 , 8116 , 4357 , 14856 , 6520 , 1085 , 7924 , 4114 , 9629 , 6842 , 9917 , 667 , 8621 , 15116 , 5817 , 8999 , 1364 , 9978 , 4522 , 4051 , 6245 , 8766 , 10241 , 776 , 12105 , 3287 , 9786 , 10601 , 688 , 8828 , 17751 , 8876 , 9029 , 6773 , 10068 , 8469 , 8679 , 7793 , 7381 , 12892 , 9457 , 6982 , 13659 , 7414 , 6193 , 8505 , 13160 , 6635 , 10505 , 14232 , 
PolyhedronsSetTest::testIssue780 , 1485 , 1488 , 1800 , 1506 , 1426 , 0 , 1664 , 1605 , 1607 , 1664 , 1602 , 1667 , 1662 , 1649 , 1663 , 1663 , 1577 , 1573 , 1457 , 1516 , 1443 , 1483 , 1584 , 1564 , 1528 , 1472 , 1458 , 1447 , 1486 , 1464 , 1525 , 1488 , 1480 , 3203 , 1376 , 1508 , 1514 , 10001 , 1476 , 3893 , 8220 , 9628 , 9397 , 3342 , 7197 , 1487 , 9628 , 9304 , 7473 , 1580 , 11642 , 9717 , 7584 , 2152 , 5350 , 9401 , 12537 , 2220 , 7523 , 9747 , 7002 , 7927 , 15429 , 4069 , 1483 , 7095 , 17008 , 1490 , 3446 , 1576 , 1632 , 4389 , 5905 , 12673 , 6759 , 5958 , 2927 , 11910 , 6192 , 9286 , 2790 , 6229 , 8164 , 9839 , 1500 , 12669 , 5737 , 7255 , 9797 , 12619 , 9828 , 5239 , 4748 , 6750 , 1478 , 9738 , 1495 , 1540 , 8469 , 9328 , 3131 , 16270 , 10128 , 13526 , 12542 , 7382 , 4146 , 10088 , 13771 , 2940 , 4090 , 8255 , 13441 , 12873 , 7815 , 4116 , 14443 , 6237 , 1513 , 7628 , 3907 , 9279 , 6550 , 9574 , 1528 , 8295 , 14709 , 5513 , 8658 , 1565 , 9621 , 4294 , 3850 , 5966 , 8460 , 9890 , 1513 , 11743 , 3145 , 9423 , 10242 , 1528 , 8480 , 17310 , 8544 , 8679 , 6497 , 9705 , 8126 , 8353 , 7464 , 7063 , 12511 , 9094 , 6684 , 13236 , 7082 , 5929 , 8174 , 12750 , 6351 , 10167 , 13846 , 
PolygonsSet_ESTest::test00 , 1150 , 1184 , 2046 , 415 , 729 , 1664 , 0 , 161 , 131 , 55 , 163 , 57 , 49 , 107 , 47 , 55 , 256 , 360 , 908 , 413 , 852 , 683 , 231 , 276 , 1666 , 710 , 1361 , 1052 , 1517 , 1378 , 408 , 1599 , 589 , 3722 , 1124 , 1502 , 1521 , 10838 , 1201 , 4460 , 8991 , 10454 , 10219 , 3869 , 7916 , 1137 , 10454 , 10125 , 8205 , 309 , 12517 , 10513 , 8342 , 2507 , 5999 , 10223 , 13386 , 2602 , 8245 , 10549 , 7732 , 8660 , 16327 , 4656 , 834 , 7823 , 17967 , 937 , 3992 , 335 , 221 , 4996 , 6615 , 13519 , 7480 , 6621 , 3401 , 12793 , 6887 , 10076 , 3250 , 6923 , 8936 , 10666 , 802 , 13516 , 6446 , 8009 , 10622 , 13494 , 10635 , 5873 , 5338 , 7470 , 973 , 10569 , 953 , 1404 , 9269 , 10120 , 3592 , 17221 , 10922 , 14440 , 13390 , 8102 , 4712 , 10923 , 14625 , 3385 , 4676 , 9030 , 14300 , 13714 , 8544 , 4714 , 15353 , 6931 , 1245 , 8364 , 4470 , 10072 , 7259 , 10365 , 537 , 9072 , 15611 , 6211 , 9434 , 1552 , 10446 , 4893 , 4406 , 6646 , 9235 , 10705 , 775 , 12580 , 3644 , 10224 , 11069 , 561 , 9280 , 18259 , 9330 , 9468 , 7201 , 10536 , 8902 , 9130 , 8207 , 7812 , 13356 , 9902 , 7403 , 14158 , 7838 , 6590 , 8943 , 13634 , 7051 , 10970 , 14703 , 
PolygonsSet_ESTest::test01 , 1132 , 1163 , 2016 , 407 , 698 , 1605 , 161 , 0 , 139 , 166 , 144 , 133 , 164 , 154 , 163 , 171 , 307 , 395 , 898 , 418 , 838 , 664 , 245 , 289 , 1644 , 679 , 1346 , 1026 , 1505 , 1361 , 400 , 1541 , 579 , 3672 , 1080 , 1447 , 1467 , 10777 , 1145 , 4419 , 8950 , 10395 , 10159 , 3817 , 7873 , 1092 , 10395 , 10067 , 8167 , 286 , 12460 , 10472 , 8297 , 2463 , 5957 , 10163 , 13346 , 2560 , 8198 , 10506 , 7688 , 8616 , 16286 , 4613 , 785 , 7778 , 17910 , 896 , 3941 , 297 , 213 , 4946 , 6560 , 13482 , 7434 , 6579 , 3355 , 12734 , 6837 , 10038 , 3206 , 6880 , 8893 , 10608 , 760 , 13478 , 6396 , 7960 , 10562 , 13438 , 10592 , 5829 , 5295 , 7426 , 929 , 10511 , 917 , 1347 , 9211 , 10076 , 3558 , 17168 , 10881 , 14381 , 13351 , 8060 , 4660 , 10865 , 14587 , 3350 , 4623 , 8986 , 14260 , 13666 , 8500 , 4661 , 15295 , 6888 , 1201 , 8324 , 4428 , 10034 , 7215 , 10326 , 508 , 9026 , 15555 , 6159 , 9395 , 1495 , 10387 , 4841 , 4362 , 6604 , 9192 , 10671 , 739 , 12540 , 3595 , 10187 , 11035 , 520 , 9222 , 18205 , 9283 , 9423 , 7151 , 10478 , 8858 , 9082 , 8156 , 7762 , 13314 , 9862 , 7359 , 14097 , 7789 , 6548 , 8900 , 13582 , 7006 , 10928 , 14665 , 
PolygonsSet_ESTest::test02 , 1146 , 1184 , 2038 , 422 , 719 , 1607 , 131 , 139 , 0 , 140 , 158 , 114 , 134 , 147 , 133 , 144 , 312 , 414 , 916 , 432 , 860 , 682 , 243 , 290 , 1655 , 707 , 1371 , 1054 , 1529 , 1386 , 419 , 1563 , 596 , 3700 , 1101 , 1486 , 1505 , 10811 , 1144 , 4446 , 8972 , 10427 , 10191 , 3839 , 7907 , 1131 , 10427 , 10098 , 8193 , 282 , 12493 , 10504 , 8326 , 2492 , 5985 , 10195 , 13377 , 2586 , 8235 , 10529 , 7713 , 8647 , 16313 , 4636 , 827 , 7805 , 17946 , 928 , 3961 , 323 , 200 , 4969 , 6588 , 13511 , 7458 , 6603 , 3378 , 12765 , 6865 , 10063 , 3229 , 6904 , 8916 , 10640 , 791 , 13508 , 6419 , 7985 , 10594 , 13470 , 10616 , 5859 , 5324 , 7448 , 968 , 10543 , 943 , 1388 , 9243 , 10102 , 3580 , 17204 , 10908 , 14414 , 13382 , 8091 , 4686 , 10897 , 14617 , 3379 , 4647 , 9015 , 14289 , 13699 , 8532 , 4686 , 15330 , 6912 , 1224 , 8356 , 4455 , 10059 , 7237 , 10356 , 530 , 9057 , 15592 , 6184 , 9420 , 1538 , 10419 , 4865 , 4390 , 6631 , 9220 , 10698 , 767 , 12569 , 3618 , 10212 , 11063 , 547 , 9254 , 18242 , 9315 , 9450 , 7176 , 10510 , 8882 , 9114 , 8188 , 7787 , 13345 , 9888 , 7380 , 14133 , 7813 , 6573 , 8929 , 13614 , 7028 , 10952 , 14693 , 
PolygonsSet_ESTest::test03 , 1147 , 1182 , 2046 , 414 , 728 , 1664 , 55 , 166 , 140 , 0 , 170 , 73 , 57 , 119 , 59 , 60 , 258 , 360 , 912 , 413 , 852 , 685 , 237 , 283 , 1664 , 711 , 1361 , 1053 , 1520 , 1379 , 415 , 1601 , 594 , 3721 , 1123 , 1500 , 1519 , 10828 , 1202 , 4455 , 8982 , 10447 , 10211 , 3866 , 7907 , 1138 , 10447 , 10117 , 8194 , 311 , 12506 , 10501 , 8335 , 2506 , 5992 , 10215 , 13375 , 2600 , 8240 , 10542 , 7723 , 8651 , 16316 , 4649 , 838 , 7813 , 17961 , 937 , 3987 , 337 , 224 , 4991 , 6606 , 13509 , 7473 , 6611 , 3396 , 12785 , 6879 , 10064 , 3245 , 6915 , 8927 , 10659 , 806 , 13507 , 6441 , 8001 , 10614 , 13487 , 10628 , 5864 , 5329 , 7462 , 971 , 10562 , 954 , 1401 , 9261 , 10110 , 3584 , 17215 , 10913 , 14433 , 13380 , 8093 , 4706 , 10916 , 14616 , 3382 , 4671 , 9017 , 14289 , 13704 , 8534 , 4710 , 15346 , 6922 , 1245 , 8355 , 4464 , 10061 , 7250 , 10353 , 540 , 9059 , 15600 , 6205 , 9422 , 1550 , 10438 , 4888 , 4400 , 6639 , 9227 , 10693 , 778 , 12570 , 3640 , 10212 , 11057 , 563 , 9272 , 18250 , 9318 , 9458 , 7194 , 10529 , 8893 , 9117 , 8199 , 7804 , 13346 , 9891 , 7396 , 14146 , 7830 , 6582 , 8936 , 13623 , 7043 , 10960 , 14692 , 
PolygonsSet_ESTest::test04 , 1125 , 1154 , 2001 , 411 , 696 , 1602 , 163 , 144 , 158 , 170 , 0 , 146 , 166 , 200 , 166 , 171 , 304 , 394 , 896 , 419 , 838 , 665 , 250 , 291 , 1639 , 684 , 1341 , 1031 , 1498 , 1355 , 409 , 1530 , 577 , 3649 , 1065 , 1456 , 1476 , 10763 , 1142 , 4409 , 8935 , 10379 , 10143 , 3818 , 7862 , 1098 , 10379 , 10050 , 8153 , 291 , 12443 , 10459 , 8286 , 2456 , 5944 , 10147 , 13332 , 2551 , 8190 , 10493 , 7673 , 8604 , 16268 , 4603 , 790 , 7763 , 17895 , 901 , 3938 , 325 , 227 , 4940 , 6544 , 13468 , 7419 , 6566 , 3344 , 12716 , 6824 , 10025 , 3197 , 6864 , 8879 , 10590 , 770 , 13465 , 6385 , 7948 , 10543 , 13418 , 10579 , 5817 , 5283 , 7410 , 920 , 10494 , 923 , 1343 , 9192 , 10062 , 3544 , 17152 , 10868 , 14365 , 13337 , 8049 , 4646 , 10848 , 14569 , 3343 , 4620 , 8977 , 14244 , 13652 , 8489 , 4653 , 15280 , 6873 , 1188 , 8313 , 4418 , 10022 , 7200 , 10311 , 515 , 9019 , 15539 , 6150 , 9385 , 1490 , 10371 , 4835 , 4354 , 6594 , 9178 , 10657 , 753 , 12527 , 3578 , 10174 , 11021 , 534 , 9204 , 18188 , 9275 , 9409 , 7142 , 10462 , 8844 , 9073 , 8141 , 7748 , 13298 , 9850 , 7344 , 14084 , 7776 , 6535 , 8888 , 13568 , 6992 , 10914 , 14650 , 
PolygonsSet_ESTest::test05 , 1171 , 1200 , 2070 , 420 , 735 , 1667 , 57 , 133 , 114 , 73 , 146 , 0 , 65 , 80 , 63 , 79 , 267 , 374 , 930 , 436 , 871 , 695 , 243 , 295 , 1690 , 717 , 1386 , 1066 , 1546 , 1401 , 425 , 1617 , 606 , 3754 , 1145 , 1513 , 1533 , 10870 , 1208 , 4486 , 9029 , 10486 , 10250 , 3893 , 7949 , 1145 , 10486 , 10157 , 8243 , 305 , 12552 , 10548 , 8377 , 2525 , 6028 , 10254 , 13427 , 2620 , 8280 , 10586 , 7764 , 8692 , 16368 , 4682 , 840 , 7855 , 18008 , 945 , 4015 , 325 , 211 , 5023 , 6645 , 13562 , 7514 , 6653 , 3421 , 12827 , 6919 , 10120 , 3275 , 6956 , 8972 , 10699 , 806 , 13559 , 6474 , 8041 , 10655 , 13529 , 10672 , 5900 , 5364 , 7502 , 989 , 10602 , 957 , 1417 , 9301 , 10158 , 3622 , 17265 , 10961 , 14476 , 13432 , 8133 , 4739 , 10956 , 14666 , 3408 , 4701 , 9066 , 14339 , 13754 , 8579 , 4740 , 15390 , 6964 , 1251 , 8406 , 4496 , 10117 , 7291 , 10400 , 541 , 9107 , 15651 , 6240 , 9478 , 1563 , 10478 , 4919 , 4432 , 6676 , 9277 , 10751 , 779 , 12621 , 3669 , 10268 , 11116 , 555 , 9312 , 18301 , 9366 , 9506 , 7231 , 10569 , 8938 , 9165 , 8243 , 7844 , 13393 , 9945 , 7436 , 14194 , 7870 , 6619 , 8981 , 13674 , 7083 , 11006 , 14744 , 
PolygonsSet_ESTest::test06 , 1146 , 1183 , 2045 , 415 , 729 , 1662 , 49 , 164 , 134 , 57 , 166 , 65 , 0 , 114 , 49 , 62 , 259 , 360 , 908 , 411 , 850 , 683 , 234 , 281 , 1662 , 708 , 1356 , 1048 , 1515 , 1375 , 409 , 1601 , 590 , 3718 , 1122 , 1503 , 1522 , 10830 , 1201 , 4457 , 8986 , 10449 , 10214 , 3867 , 7913 , 1137 , 10449 , 10121 , 8198 , 309 , 12507 , 10506 , 8337 , 2506 , 5996 , 10218 , 13376 , 2600 , 8242 , 10544 , 7726 , 8655 , 16318 , 4651 , 836 , 7818 , 17961 , 937 , 3989 , 335 , 222 , 4991 , 6609 , 13511 , 7477 , 6613 , 3399 , 12790 , 6881 , 10068 , 3244 , 6919 , 8932 , 10661 , 803 , 13508 , 6441 , 8004 , 10618 , 13489 , 10629 , 5869 , 5335 , 7466 , 972 , 10564 , 951 , 1401 , 9264 , 10113 , 3583 , 17215 , 10918 , 14433 , 13381 , 8098 , 4707 , 10917 , 14619 , 3382 , 4671 , 9023 , 14288 , 13707 , 8539 , 4710 , 15347 , 6927 , 1242 , 8357 , 4465 , 10064 , 7254 , 10359 , 539 , 9065 , 15602 , 6206 , 9426 , 1550 , 10441 , 4887 , 4402 , 6641 , 9226 , 10698 , 775 , 12576 , 3639 , 10217 , 11061 , 560 , 9276 , 18251 , 9323 , 9462 , 7196 , 10531 , 8898 , 9123 , 8200 , 7808 , 13349 , 9893 , 7400 , 14151 , 7834 , 6590 , 8938 , 13626 , 7046 , 10961 , 14696 , 
PolygonsSet_ESTest::test07 , 1143 , 1173 , 2038 , 399 , 710 , 1649 , 107 , 154 , 147 , 119 , 200 , 80 , 114 , 0 , 112 , 126 , 273 , 376 , 900 , 407 , 842 , 666 , 223 , 271 , 1652 , 691 , 1347 , 1030 , 1506 , 1363 , 397 , 1581 , 576 , 3724 , 1115 , 1486 , 1506 , 10833 , 1190 , 4454 , 8994 , 10451 , 10215 , 3859 , 7914 , 1124 , 10451 , 10122 , 8204 , 303 , 12516 , 10511 , 8343 , 2492 , 5993 , 10219 , 13390 , 2587 , 8244 , 10549 , 7731 , 8655 , 16332 , 4649 , 811 , 7822 , 17969 , 926 , 3981 , 314 , 213 , 4987 , 6609 , 13526 , 7481 , 6616 , 3389 , 12791 , 6882 , 10084 , 3240 , 6920 , 8937 , 10664 , 764 , 13523 , 6442 , 8004 , 10621 , 13494 , 10635 , 5865 , 5330 , 7470 , 965 , 10566 , 921 , 1375 , 9267 , 10120 , 3587 , 17225 , 10924 , 14440 , 13395 , 8096 , 4701 , 10920 , 14628 , 3371 , 4666 , 9029 , 14301 , 13715 , 8538 , 4706 , 15354 , 6929 , 1210 , 8368 , 4463 , 10079 , 7257 , 10364 , 517 , 9071 , 15616 , 6206 , 9440 , 1527 , 10443 , 4882 , 4397 , 6643 , 9239 , 10711 , 739 , 12584 , 3634 , 10230 , 11076 , 541 , 9278 , 18264 , 9330 , 9467 , 7192 , 10533 , 8903 , 9128 , 8207 , 7810 , 13356 , 9907 , 7403 , 14158 , 7838 , 6583 , 8944 , 13638 , 7050 , 10969 , 14706 , 
PolygonsSet_ESTest::test08 , 1152 , 1182 , 2046 , 413 , 731 , 1663 , 47 , 163 , 133 , 59 , 166 , 63 , 49 , 112 , 0 , 59 , 261 , 356 , 917 , 417 , 857 , 688 , 237 , 286 , 1666 , 713 , 1368 , 1057 , 1523 , 1385 , 416 , 1606 , 597 , 3723 , 1125 , 1505 , 1523 , 10836 , 1204 , 4459 , 8989 , 10456 , 10221 , 3867 , 7920 , 1137 , 10456 , 10127 , 8201 , 310 , 12516 , 10516 , 8344 , 2506 , 6000 , 10225 , 13387 , 2601 , 8247 , 10549 , 7733 , 8663 , 16326 , 4654 , 837 , 7824 , 17968 , 937 , 3989 , 335 , 222 , 4993 , 6610 , 13516 , 7483 , 6618 , 3400 , 12794 , 6884 , 10074 , 3248 , 6926 , 8932 , 10668 , 805 , 13513 , 6439 , 8009 , 10623 , 13501 , 10635 , 5872 , 5339 , 7472 , 975 , 10571 , 953 , 1406 , 9269 , 10118 , 3587 , 17224 , 10924 , 14440 , 13392 , 8102 , 4709 , 10925 , 14628 , 3380 , 4673 , 9029 , 14297 , 13716 , 8546 , 4710 , 15352 , 6933 , 1245 , 8362 , 4467 , 10069 , 7254 , 10367 , 539 , 9071 , 15609 , 6204 , 9432 , 1554 , 10448 , 4890 , 4402 , 6645 , 9230 , 10704 , 777 , 12583 , 3642 , 10218 , 11068 , 562 , 9279 , 18258 , 9329 , 9466 , 7200 , 10538 , 8899 , 9128 , 8207 , 7814 , 13354 , 9900 , 7406 , 14157 , 7840 , 6590 , 8946 , 13632 , 7054 , 10967 , 14705 , 
PolygonsSet_ESTest::test09 , 1155 , 1187 , 2048 , 416 , 732 , 1663 , 55 , 171 , 144 , 60 , 171 , 79 , 62 , 126 , 59 , 0 , 270 , 360 , 914 , 418 , 855 , 686 , 242 , 288 , 1670 , 712 , 1363 , 1055 , 1518 , 1381 , 418 , 1601 , 593 , 3721 , 1126 , 1498 , 1517 , 10822 , 1202 , 4458 , 8981 , 10444 , 10209 , 3866 , 7909 , 1138 , 10444 , 10115 , 8191 , 312 , 12504 , 10501 , 8333 , 2504 , 5994 , 10213 , 13369 , 2600 , 8234 , 10539 , 7725 , 8649 , 16313 , 4652 , 840 , 7816 , 17954 , 938 , 3989 , 339 , 229 , 4992 , 6607 , 13500 , 7474 , 6610 , 3396 , 12782 , 6881 , 10064 , 3248 , 6917 , 8925 , 10655 , 805 , 13498 , 6442 , 8003 , 10612 , 13484 , 10625 , 5866 , 5330 , 7462 , 972 , 10559 , 954 , 1402 , 9264 , 10107 , 3586 , 17211 , 10910 , 14425 , 13375 , 8092 , 4709 , 10913 , 14611 , 3380 , 4671 , 9015 , 14285 , 13701 , 8534 , 4710 , 15338 , 6925 , 1244 , 8352 , 4467 , 10060 , 7253 , 10352 , 538 , 9056 , 15597 , 6206 , 9421 , 1549 , 10435 , 4887 , 4402 , 6641 , 9224 , 10694 , 779 , 12566 , 3640 , 10210 , 11059 , 562 , 9275 , 18244 , 9316 , 9455 , 7195 , 10527 , 8891 , 9115 , 8196 , 7805 , 13343 , 9888 , 7397 , 14145 , 7831 , 6584 , 8934 , 13622 , 7045 , 10954 , 14689 , 
PolygonsSet_ESTest::test10 , 1076 , 1109 , 1944 , 407 , 680 , 1577 , 256 , 307 , 312 , 258 , 304 , 267 , 259 , 273 , 261 , 270 , 0 , 186 , 846 , 425 , 799 , 631 , 328 , 340 , 1588 , 662 , 1279 , 971 , 1433 , 1293 , 424 , 1508 , 562 , 3605 , 1049 , 1398 , 1418 , 10674 , 1096 , 4319 , 8830 , 10290 , 10054 , 3733 , 7759 , 1040 , 10290 , 9961 , 8041 , 307 , 12351 , 10351 , 8180 , 2393 , 5838 , 10059 , 13222 , 2489 , 8089 , 10387 , 7574 , 8505 , 16164 , 4507 , 760 , 7665 , 17803 , 858 , 3852 , 341 , 318 , 4845 , 6461 , 13355 , 7325 , 6469 , 3252 , 12624 , 6735 , 9912 , 3117 , 6768 , 8775 , 10504 , 704 , 13351 , 6293 , 7851 , 10456 , 13328 , 10472 , 5728 , 5198 , 7308 , 880 , 10407 , 860 , 1308 , 9106 , 9958 , 3452 , 17056 , 10762 , 14272 , 13226 , 7949 , 4559 , 10758 , 14460 , 3251 , 4536 , 8863 , 14132 , 13543 , 8386 , 4573 , 15185 , 6776 , 1152 , 8206 , 4331 , 9907 , 7104 , 10206 , 512 , 8905 , 15442 , 6060 , 9270 , 1440 , 10283 , 4751 , 4267 , 6496 , 9072 , 10537 , 687 , 12414 , 3505 , 10057 , 10899 , 516 , 9115 , 18091 , 9162 , 9306 , 7046 , 10372 , 8739 , 8962 , 8052 , 7653 , 13192 , 9737 , 7246 , 13988 , 7678 , 6439 , 8779 , 13468 , 6897 , 10802 , 14538 , 
PolygonsSet_ESTest::test11 , 1082 , 1102 , 1930 , 450 , 686 , 1573 , 360 , 395 , 414 , 360 , 394 , 374 , 360 , 376 , 356 , 360 , 186 , 0 , 852 , 457 , 805 , 643 , 423 , 425 , 1574 , 673 , 1279 , 973 , 1433 , 1295 , 452 , 1500 , 576 , 3582 , 1041 , 1380 , 1398 , 10615 , 1079 , 4282 , 8775 , 10230 , 9996 , 3697 , 7712 , 1040 , 10229 , 9903 , 7988 , 378 , 12290 , 10293 , 8125 , 2361 , 5802 , 9999 , 13162 , 2457 , 8037 , 10333 , 7517 , 8452 , 16100 , 4473 , 766 , 7608 , 17735 , 861 , 3815 , 404 , 414 , 4807 , 6409 , 13295 , 7275 , 6419 , 3232 , 12561 , 6684 , 9852 , 3080 , 6689 , 8717 , 10442 , 684 , 13290 , 6246 , 7794 , 10394 , 13259 , 10417 , 5683 , 5154 , 7259 , 886 , 10344 , 834 , 1288 , 9044 , 9900 , 3415 , 16984 , 10701 , 14205 , 13167 , 7894 , 4505 , 10697 , 14399 , 3214 , 4491 , 8809 , 14073 , 13485 , 8335 , 4527 , 15116 , 6697 , 1142 , 8149 , 4293 , 9847 , 7049 , 10149 , 524 , 8849 , 15373 , 6012 , 9213 , 1432 , 10222 , 4703 , 4227 , 6447 , 9016 , 10478 , 673 , 12351 , 3471 , 10001 , 10843 , 524 , 9054 , 18020 , 9108 , 9246 , 6992 , 10309 , 8680 , 8905 , 7993 , 7597 , 13129 , 9678 , 7166 , 13915 , 7624 , 6390 , 8722 , 13396 , 6846 , 10745 , 14478 , 
PolygonsSetTest::testSimplyConnected , 848 , 857 , 1700 , 818 , 841 , 1457 , 908 , 898 , 916 , 912 , 896 , 930 , 908 , 900 , 917 , 914 , 846 , 852 , 0 , 652 , 324 , 320 , 748 , 701 , 1191 , 543 , 701 , 460 , 855 , 710 , 642 , 1325 , 599 , 3056 , 925 , 1327 , 1343 , 10340 , 1118 , 4060 , 8515 , 9963 , 9727 , 3516 , 7453 , 1064 , 9963 , 9637 , 7718 , 862 , 12013 , 10010 , 7842 , 2199 , 5576 , 9731 , 12843 , 2293 , 7776 , 10052 , 7261 , 8175 , 15781 , 4252 , 880 , 7351 , 17413 , 940 , 3631 , 843 , 889 , 4612 , 6201 , 12981 , 7046 , 6136 , 3058 , 12281 , 6448 , 9559 , 2874 , 6492 , 8461 , 10175 , 845 , 12978 , 6039 , 7550 , 10143 , 12962 , 10138 , 5450 , 4909 , 7035 , 970 , 10079 , 917 , 1280 , 8808 , 9630 , 3224 , 16668 , 10403 , 13916 , 12848 , 7625 , 4353 , 10428 , 14083 , 3031 , 4304 , 8507 , 13759 , 13187 , 8065 , 4338 , 14813 , 6500 , 1125 , 7867 , 4071 , 9554 , 6827 , 9863 , 840 , 8548 , 15076 , 5810 , 8932 , 1410 , 9954 , 4510 , 4008 , 6195 , 8731 , 10174 , 857 , 12047 , 3258 , 9713 , 10534 , 840 , 8820 , 17705 , 8804 , 8980 , 6745 , 10045 , 8427 , 8606 , 7745 , 7370 , 12823 , 9392 , 6967 , 13631 , 7397 , 6142 , 8425 , 13118 , 6619 , 10443 , 14156 , 
PolygonsSetTest::testStair , 1009 , 1030 , 1810 , 403 , 643 , 1516 , 413 , 418 , 432 , 413 , 419 , 436 , 411 , 407 , 417 , 418 , 425 , 457 , 652 , 0 , 609 , 474 , 254 , 202 , 1380 , 480 , 1109 , 785 , 1255 , 1123 , 247 , 1391 , 389 , 3460 , 949 , 1394 , 1413 , 10623 , 1134 , 4268 , 8784 , 10244 , 10009 , 3706 , 7711 , 1071 , 10244 , 9918 , 7992 , 428 , 12302 , 10298 , 8121 , 2355 , 5802 , 10013 , 13154 , 2449 , 8043 , 10342 , 7524 , 8451 , 16102 , 4462 , 801 , 7612 , 17746 , 897 , 3825 , 433 , 431 , 4823 , 6431 , 13289 , 7279 , 6402 , 3234 , 12581 , 6689 , 9852 , 3054 , 6724 , 8728 , 10457 , 764 , 13286 , 6265 , 7810 , 10419 , 13276 , 10428 , 5678 , 5147 , 7270 , 932 , 10360 , 898 , 1324 , 9071 , 9909 , 3413 , 16998 , 10697 , 14224 , 13158 , 7891 , 4540 , 10712 , 14399 , 3218 , 4504 , 8801 , 14076 , 13498 , 8335 , 4544 , 15135 , 6732 , 1156 , 8142 , 4277 , 9848 , 7059 , 10149 , 538 , 8840 , 15388 , 6031 , 9213 , 1464 , 10236 , 4721 , 4214 , 6440 , 9008 , 10471 , 743 , 12351 , 3439 , 10005 , 10833 , 567 , 9082 , 18032 , 9100 , 9255 , 7005 , 10327 , 8692 , 8900 , 8008 , 7609 , 13137 , 9682 , 7203 , 13943 , 7637 , 6390 , 8721 , 13412 , 6849 , 10744 , 14477 , 
PolygonsSetTest::testHole , 821 , 897 , 1692 , 779 , 791 , 1443 , 852 , 838 , 860 , 852 , 838 , 871 , 850 , 842 , 857 , 855 , 799 , 805 , 324 , 609 , 0 , 296 , 701 , 660 , 1184 , 509 , 665 , 506 , 785 , 685 , 604 , 1323 , 577 , 3044 , 899 , 1328 , 1346 , 10370 , 1105 , 4070 , 8541 , 9993 , 9761 , 3522 , 7475 , 1048 , 9993 , 9669 , 7746 , 809 , 12038 , 10033 , 7870 , 2202 , 5587 , 9765 , 12869 , 2297 , 7802 , 10071 , 7286 , 8203 , 15807 , 4260 , 851 , 7376 , 17447 , 912 , 3638 , 790 , 829 , 4619 , 6218 , 13004 , 7058 , 6159 , 3060 , 12314 , 6468 , 9581 , 2881 , 6504 , 8485 , 10206 , 815 , 13001 , 6055 , 7575 , 10175 , 13000 , 10157 , 5463 , 4932 , 7047 , 948 , 10108 , 906 , 1274 , 8838 , 9660 , 3221 , 16708 , 10427 , 13949 , 12875 , 7643 , 4364 , 10458 , 14111 , 3029 , 4306 , 8535 , 13790 , 13215 , 8089 , 4342 , 14852 , 6512 , 1117 , 7892 , 4081 , 9577 , 6840 , 9886 , 797 , 8577 , 15109 , 5823 , 8955 , 1399 , 9986 , 4518 , 4017 , 6212 , 8753 , 10197 , 810 , 12072 , 3259 , 9742 , 10555 , 794 , 8849 , 17745 , 8829 , 9012 , 6768 , 10074 , 8450 , 8632 , 7765 , 7382 , 12852 , 9414 , 6979 , 13665 , 7409 , 6160 , 8454 , 13146 , 6631 , 10471 , 14188 , 
PolygonsSetTest::testDisjointPolygons , 825 , 889 , 1752 , 617 , 703 , 1483 , 683 , 664 , 682 , 685 , 665 , 695 , 683 , 666 , 688 , 686 , 631 , 643 , 320 , 474 , 296 , 0 , 513 , 481 , 1250 , 472 , 824 , 557 , 969 , 825 , 455 , 1347 , 459 , 3227 , 900 , 1342 , 1361 , 10450 , 1092 , 4140 , 8626 , 10070 , 9836 , 3589 , 7559 , 1036 , 10071 , 9745 , 7829 , 642 , 12124 , 10128 , 7959 , 2255 , 5669 , 9840 , 12968 , 2348 , 7884 , 10172 , 7365 , 8284 , 15914 , 4331 , 793 , 7455 , 17547 , 873 , 3708 , 631 , 662 , 4692 , 6289 , 13107 , 7140 , 6242 , 3126 , 12396 , 6546 , 9679 , 2941 , 6587 , 8571 , 10284 , 754 , 13105 , 6129 , 7657 , 10247 , 13087 , 10258 , 5543 , 5005 , 7131 , 919 , 10188 , 867 , 1277 , 8908 , 9744 , 3284 , 16802 , 10519 , 14039 , 12974 , 7732 , 4412 , 10537 , 14211 , 3094 , 4381 , 8626 , 13887 , 13315 , 8173 , 4416 , 14939 , 6594 , 1108 , 7986 , 4151 , 9674 , 6922 , 9980 , 660 , 8670 , 15195 , 5896 , 9048 , 1409 , 10063 , 4593 , 4087 , 6292 , 8847 , 10299 , 740 , 12169 , 3331 , 9829 , 10658 , 663 , 8919 , 17834 , 8922 , 9094 , 6851 , 10154 , 8536 , 8723 , 7847 , 7466 , 12953 , 9511 , 7064 , 13749 , 7492 , 6241 , 8550 , 13234 , 6714 , 10564 , 14290 , 
PolygonsSetTest::testOppositeHyperplanes , 1048 , 1108 , 1940 , 401 , 707 , 1584 , 231 , 245 , 243 , 237 , 250 , 243 , 234 , 223 , 237 , 242 , 328 , 423 , 748 , 254 , 701 , 513 , 0 , 81 , 1533 , 541 , 1231 , 902 , 1387 , 1239 , 269 , 1504 , 434 , 3616 , 1022 , 1465 , 1484 , 10767 , 1179 , 4391 , 8918 , 10388 , 10153 , 3813 , 7847 , 1121 , 10388 , 10060 , 8134 , 320 , 12451 , 10439 , 8268 , 2453 , 5933 , 10157 , 13307 , 2547 , 8176 , 10477 , 7661 , 8588 , 16250 , 4585 , 827 , 7752 , 17893 , 930 , 3935 , 352 , 267 , 4936 , 6548 , 13443 , 7412 , 6539 , 3341 , 12722 , 6817 , 10001 , 3177 , 6856 , 8862 , 10601 , 787 , 13440 , 6384 , 7939 , 10554 , 13423 , 10563 , 5806 , 5267 , 7403 , 971 , 10503 , 931 , 1386 , 9202 , 10045 , 3531 , 17146 , 10844 , 14369 , 13312 , 8029 , 4655 , 10856 , 14547 , 3327 , 4616 , 8949 , 14220 , 13641 , 8475 , 4653 , 15281 , 6864 , 1218 , 8290 , 4400 , 9998 , 7191 , 10292 , 546 , 8990 , 15538 , 6148 , 9361 , 1531 , 10380 , 4831 , 4333 , 6573 , 9157 , 10631 , 767 , 12498 , 3567 , 10152 , 10996 , 559 , 9213 , 18186 , 9248 , 9392 , 7128 , 10470 , 8827 , 9048 , 8138 , 7742 , 13283 , 9830 , 7336 , 14087 , 7769 , 6518 , 8865 , 13560 , 6982 , 10889 , 14624 , 
PolygonsSetTest::testSingularPoint , 1031 , 1073 , 1906 , 398 , 693 , 1564 , 276 , 289 , 290 , 283 , 291 , 295 , 281 , 271 , 286 , 288 , 340 , 425 , 701 , 202 , 660 , 481 , 81 , 0 , 1476 , 520 , 1173 , 847 , 1334 , 1184 , 232 , 1472 , 398 , 3554 , 1000 , 1449 , 1468 , 10725 , 1169 , 4360 , 8886 , 10347 , 10112 , 3791 , 7811 , 1108 , 10347 , 10019 , 8094 , 337 , 12410 , 10404 , 8229 , 2431 , 5904 , 10116 , 13267 , 2526 , 8144 , 10441 , 7624 , 8551 , 16214 , 4554 , 816 , 7715 , 17854 , 922 , 3912 , 361 , 299 , 4912 , 6519 , 13402 , 7381 , 6501 , 3317 , 12684 , 6788 , 9961 , 3144 , 6825 , 8830 , 10561 , 780 , 13399 , 6356 , 7909 , 10524 , 13385 , 10527 , 5777 , 5236 , 7372 , 960 , 10462 , 921 , 1373 , 9172 , 10013 , 3503 , 17110 , 10801 , 14331 , 13271 , 7995 , 4629 , 10814 , 14512 , 3302 , 4592 , 8907 , 14180 , 13605 , 8437 , 4629 , 15243 , 6833 , 1201 , 8247 , 4369 , 9959 , 7157 , 10257 , 547 , 8948 , 15500 , 6120 , 9325 , 1512 , 10338 , 4807 , 4303 , 6537 , 9116 , 10584 , 760 , 12454 , 3537 , 10113 , 10948 , 559 , 9183 , 18146 , 9206 , 9360 , 7094 , 10428 , 8795 , 9006 , 8106 , 7711 , 13245 , 9789 , 7305 , 14049 , 7738 , 6487 , 8826 , 13522 , 6951 , 10846 , 14587 , 
PolygonsSetTest::testLineIntersection , 1344 , 1238 , 1663 , 1449 , 1379 , 1528 , 1666 , 1644 , 1655 , 1664 , 1639 , 1690 , 1662 , 1652 , 1666 , 1670 , 1588 , 1574 , 1191 , 1380 , 1184 , 1250 , 1533 , 1476 , 0 , 1308 , 1214 , 1215 , 1241 , 1223 , 1408 , 1438 , 1373 , 3021 , 1383 , 1502 , 1507 , 9880 , 1478 , 3760 , 8093 , 9513 , 9282 , 3277 , 7055 , 1462 , 9514 , 9188 , 7336 , 1596 , 11533 , 9576 , 7460 , 2069 , 5216 , 9286 , 12373 , 2150 , 7385 , 9619 , 6876 , 7771 , 15283 , 3948 , 1451 , 6959 , 16899 , 1460 , 3381 , 1565 , 1638 , 4319 , 5837 , 12521 , 6640 , 5805 , 2831 , 11812 , 6096 , 9133 , 2678 , 6102 , 8043 , 9722 , 1482 , 12517 , 5690 , 7152 , 9698 , 12480 , 9697 , 5100 , 4593 , 6630 , 1458 , 9628 , 1462 , 1472 , 8388 , 9198 , 3031 , 16150 , 9968 , 13421 , 12379 , 7238 , 4075 , 9970 , 13615 , 2826 , 4024 , 8101 , 13293 , 12722 , 7664 , 4059 , 14320 , 6110 , 1456 , 7472 , 3777 , 9130 , 6427 , 9435 , 1506 , 8142 , 14578 , 5461 , 8520 , 1536 , 9505 , 4222 , 3721 , 5827 , 8326 , 9730 , 1479 , 11594 , 3030 , 9300 , 10085 , 1522 , 8400 , 17185 , 8394 , 8552 , 6384 , 9589 , 8007 , 8200 , 7359 , 6959 , 12360 , 8969 , 6567 , 13157 , 6979 , 5782 , 8022 , 12615 , 6222 , 10014 , 13688 , 
PolygonsSetTest::testUnlimitedSubHyperplane , 904 , 937 , 1746 , 642 , 694 , 1472 , 710 , 679 , 707 , 711 , 684 , 717 , 708 , 691 , 713 , 712 , 662 , 673 , 543 , 480 , 509 , 472 , 541 , 520 , 1308 , 0 , 732 , 417 , 903 , 747 , 425 , 1342 , 505 , 3208 , 932 , 1335 , 1351 , 10400 , 1088 , 4114 , 8582 , 10024 , 9793 , 3558 , 7524 , 1038 , 10024 , 9701 , 7796 , 678 , 12082 , 10092 , 7923 , 2238 , 5632 , 9797 , 12943 , 2332 , 7849 , 10122 , 7332 , 8256 , 15879 , 4304 , 794 , 7422 , 17503 , 881 , 3673 , 655 , 685 , 4647 , 6248 , 13074 , 7096 , 6221 , 3096 , 12346 , 6512 , 9638 , 2929 , 6544 , 8524 , 10239 , 775 , 13071 , 6075 , 7616 , 10201 , 13041 , 10208 , 5511 , 4988 , 7083 , 913 , 10142 , 877 , 1255 , 8861 , 9698 , 3283 , 16750 , 10478 , 13984 , 12948 , 7700 , 4400 , 10493 , 14178 , 3077 , 4337 , 8589 , 13855 , 13273 , 8139 , 4373 , 14892 , 6552 , 1102 , 7954 , 4123 , 9633 , 6877 , 9945 , 675 , 8629 , 15151 , 5845 , 9007 , 1386 , 10019 , 4549 , 4062 , 6260 , 8811 , 10257 , 748 , 12132 , 3298 , 9797 , 10619 , 679 , 8872 , 17786 , 8889 , 9049 , 6812 , 10109 , 8489 , 8688 , 7810 , 7421 , 12914 , 9467 , 7019 , 13704 , 7448 , 6216 , 8505 , 13185 , 6669 , 10523 , 14256 , 
PolygonsSetTest::testUnion , 985 , 997 , 1651 , 1237 , 1187 , 1458 , 1361 , 1346 , 1371 , 1361 , 1341 , 1386 , 1356 , 1347 , 1368 , 1363 , 1279 , 1279 , 701 , 1109 , 665 , 824 , 1231 , 1173 , 1214 , 732 , 0 , 365 , 241 , 219 , 1052 , 1359 , 1029 , 2793 , 1163 , 1378 , 1390 , 10076 , 1275 , 3891 , 8282 , 9701 , 9473 , 3375 , 7222 , 1231 , 9701 , 9382 , 7475 , 1303 , 11743 , 9753 , 7589 , 2111 , 5365 , 9477 , 12570 , 2207 , 7545 , 9797 , 7034 , 7935 , 15502 , 4075 , 1198 , 7123 , 17120 , 1203 , 3490 , 1270 , 1336 , 4446 , 5989 , 12710 , 6824 , 5903 , 2933 , 12009 , 6234 , 9300 , 2738 , 6272 , 8225 , 9911 , 1184 , 12707 , 5844 , 7314 , 9910 , 12697 , 9883 , 5243 , 4705 , 6813 , 1226 , 9817 , 1192 , 1350 , 8585 , 9386 , 3078 , 16397 , 10141 , 13636 , 12575 , 7390 , 4188 , 10166 , 13799 , 2900 , 4143 , 8254 , 13478 , 12915 , 7829 , 4179 , 14550 , 6280 , 1264 , 7613 , 3902 , 9297 , 6605 , 9607 , 1239 , 8296 , 14805 , 5620 , 8679 , 1435 , 9696 , 4348 , 3837 , 5983 , 8488 , 9893 , 1193 , 11770 , 3113 , 9459 , 10254 , 1237 , 8596 , 17427 , 8548 , 8743 , 6520 , 9785 , 8190 , 8352 , 7508 , 7147 , 12546 , 9131 , 6744 , 13360 , 7172 , 5915 , 8168 , 12851 , 6400 , 10186 , 13872 , 
PolygonsSetTest::testIntersection , 873 , 875 , 1676 , 935 , 920 , 1447 , 1052 , 1026 , 1054 , 1053 , 1031 , 1066 , 1048 , 1030 , 1057 , 1055 , 971 , 973 , 460 , 785 , 506 , 557 , 902 , 847 , 1215 , 417 , 365 , 0 , 526 , 368 , 723 , 1291 , 751 , 2991 , 974 , 1312 , 1325 , 10215 , 1117 , 3986 , 8406 , 9844 , 9613 , 3447 , 7352 , 1084 , 9844 , 9520 , 7612 , 998 , 11880 , 9897 , 7737 , 2153 , 5477 , 9617 , 12729 , 2248 , 7672 , 9942 , 7153 , 8075 , 15662 , 4172 , 953 , 7240 , 17287 , 994 , 3562 , 968 , 1026 , 4523 , 6105 , 12871 , 6938 , 6034 , 2988 , 12155 , 6351 , 9447 , 2814 , 6387 , 8348 , 10056 , 926 , 12869 , 5935 , 7445 , 10024 , 12842 , 10028 , 5356 , 4821 , 6927 , 1007 , 9962 , 979 , 1269 , 8695 , 9517 , 3154 , 16542 , 10288 , 13785 , 12733 , 7527 , 4262 , 10307 , 13959 , 2962 , 4217 , 8405 , 13639 , 13070 , 7958 , 4254 , 14686 , 6395 , 1133 , 7769 , 3996 , 9442 , 6721 , 9750 , 953 , 8443 , 14950 , 5711 , 8825 , 1376 , 9838 , 4424 , 3930 , 6097 , 8630 , 10049 , 932 , 11924 , 3186 , 9609 , 10406 , 952 , 8706 , 17579 , 8699 , 8870 , 6643 , 9928 , 8313 , 8502 , 7635 , 7260 , 12705 , 9276 , 6859 , 13503 , 7286 , 6045 , 8315 , 12992 , 6513 , 10330 , 14037 , 
PolygonsSetTest::testXor , 1089 , 1108 , 1646 , 1389 , 1333 , 1486 , 1517 , 1505 , 1529 , 1520 , 1498 , 1546 , 1515 , 1506 , 1523 , 1518 , 1433 , 1433 , 855 , 1255 , 785 , 969 , 1387 , 1334 , 1241 , 903 , 241 , 526 , 0 , 287 , 1216 , 1436 , 1178 , 2667 , 1289 , 1424 , 1435 , 10006 , 1383 , 3846 , 8216 , 9635 , 9406 , 3340 , 7156 , 1336 , 9635 , 9315 , 7416 , 1455 , 11670 , 9683 , 7529 , 2098 , 5307 , 9410 , 12494 , 2185 , 7475 , 9720 , 6972 , 7866 , 15422 , 4025 , 1330 , 7060 , 17040 , 1335 , 3448 , 1423 , 1487 , 4397 , 5928 , 12632 , 6753 , 5837 , 2900 , 11946 , 6168 , 9228 , 2712 , 6206 , 8160 , 9844 , 1323 , 12629 , 5785 , 7259 , 9849 , 12624 , 9806 , 5189 , 4655 , 6744 , 1345 , 9750 , 1322 , 1419 , 8523 , 9319 , 3045 , 16320 , 10067 , 13569 , 12499 , 7321 , 4152 , 10097 , 13723 , 2857 , 4091 , 8186 , 13397 , 12838 , 7758 , 4131 , 14472 , 6214 , 1366 , 7546 , 3856 , 9224 , 6541 , 9536 , 1383 , 8227 , 14730 , 5559 , 8612 , 1479 , 9629 , 4296 , 3791 , 5921 , 8416 , 9822 , 1325 , 11698 , 3074 , 9392 , 10181 , 1381 , 8536 , 17349 , 8479 , 8676 , 6460 , 9718 , 8125 , 8284 , 7452 , 7074 , 12468 , 9062 , 6677 , 13286 , 7100 , 5860 , 8099 , 12779 , 6334 , 10112 , 13795 , 
