: , EigenDecompositionImplTest::testDimension1 , EigenDecompositionImplTest::testDimension2 , EigenDecompositionImplTest::testDimension3 , EigenDecompositionImplTest::testDimension4WithSplit , EigenDecompositionImplTest::testDimension4WithoutSplit , EigenDecompositionImplTest::testMath308 , EigenDecompositionImplTest::testTridiagonal , EigenDecompositionImplTest::testDimensions , EigenDecompositionImplTest::testEigenvalues , EigenDecompositionImplTest::testBigMatrix , EigenDecompositionImplTest::testEigenvectors , EigenDecompositionImplTest::testAEqualVDVt , EigenDecompositionImplTest::testVOrthogonal , EigenDecompositionImplTest::testDiagonal , EigenDecompositionImplTest::testRepeatedEigenvalue , EigenDecompositionImplTest::testDistinctEigenvalues , EigenDecompositionImplTest::testZeroDivide , RegressionTest0::test01 , RegressionTest0::test02 , RegressionTest0::test03 , RegressionTest0::test04 , RegressionTest0::test05 , RegressionTest0::test06 , RegressionTest0::test07 , RegressionTest0::test08 , RegressionTest0::test09 , RegressionTest0::test10 , EigenDecompositionImpl_ESTest::test00 , EigenDecompositionImpl_ESTest::test01 , EigenDecompositionImpl_ESTest::test02 , EigenDecompositionImpl_ESTest::test03 , EigenDecompositionImpl_ESTest::test04 , EigenDecompositionImpl_ESTest::test05 , EigenDecompositionImpl_ESTest::test06 , EigenDecompositionImpl_ESTest::test07 , EigenDecompositionImpl_ESTest::test08 , EigenDecompositionImpl_ESTest::test09 , EigenDecompositionImpl_ESTest::test10 , EigenDecompositionImpl_ESTest::test11 , EigenDecompositionImpl_ESTest::test12 , EigenDecompositionImpl_ESTest::test13 , EigenDecompositionImpl_ESTest::test14 , EigenDecompositionImpl_ESTest::test15 , EigenDecompositionImpl_ESTest::test16 , EigenDecompositionImpl_ESTest::test17 , EigenDecompositionImpl_ESTest::test18 , EigenDecompositionImpl_ESTest::test19 , EigenDecompositionImpl_ESTest::test20 , EigenDecompositionImpl_ESTest::test21 , EigenDecompositionImpl_ESTest::test22 , EigenDecompositionImpl_ESTest::test23 , EigenDecompositionImpl_ESTest::test24 , EigenDecompositionImpl_ESTest::test25 , EigenDecompositionImpl_ESTest::test26 , EigenDecompositionImpl_ESTest::test27 , EigenDecompositionImpl_ESTest::test28 , EigenDecompositionImpl_ESTest::test29 , EigenDecompositionImpl_ESTest::test30 , EigenDecompositionImpl_ESTest::test31 , EigenDecompositionImpl_ESTest::test32 , EigenDecompositionImpl_ESTest::test33 , EigenDecompositionImpl_ESTest::test34 , EigenDecompositionImpl_ESTest::test35 , EigenDecompositionImpl_ESTest::test36 , EigenDecompositionImpl_ESTest::test37 , EigenDecompositionImpl_ESTest::test38 , EigenDecompositionImpl_ESTest::test39 , EigenDecompositionImpl_ESTest::test40 , EigenDecompositionImpl_ESTest::test41 , EigenDecompositionImpl_ESTest::test42 , EigenDecompositionImpl_ESTest::test43 , 
EigenDecompositionImplTest::testDimension1 , 0 , 78 , 207 , 297 , 315 , 1405 , 467 , 303 , 205 , 364 , 237 , 204 , 182 , 304 , 143 , 245 , 399 , 1162 , 1782 , 6992 , 1109 , 893 , 1049 , 11097 , 2139 , 1095 , 1378 , 269 , 396 , 434 , 289 , 629 , 324 , 335 , 286 , 304 , 314 , 414 , 307 , 290 , 309 , 280 , 310 , 434 , 352 , 346 , 347 , 443 , 597 , 527 , 513 , 417 , 391 , 382 , 474 , 477 , 457 , 568 , 398 , 410 , 499 , 560 , 456 , 455 , 469 , 420 , 406 , 405 , 252 , 350 , 213 , 
EigenDecompositionImplTest::testDimension2 , 78 , 0 , 137 , 232 , 247 , 1356 , 445 , 294 , 232 , 338 , 262 , 239 , 212 , 264 , 144 , 223 , 363 , 1133 , 1750 , 6933 , 1091 , 876 , 1025 , 11037 , 2102 , 1077 , 1358 , 274 , 389 , 420 , 301 , 617 , 316 , 334 , 281 , 301 , 313 , 407 , 312 , 296 , 308 , 298 , 326 , 430 , 368 , 369 , 361 , 451 , 596 , 525 , 527 , 423 , 406 , 403 , 474 , 485 , 466 , 566 , 405 , 413 , 500 , 564 , 470 , 463 , 479 , 431 , 415 , 417 , 271 , 365 , 220 , 
EigenDecompositionImplTest::testDimension3 , 207 , 137 , 0 , 169 , 185 , 1289 , 432 , 317 , 294 , 331 , 335 , 315 , 319 , 239 , 228 , 275 , 364 , 1111 , 1724 , 6857 , 1070 , 862 , 1010 , 10951 , 2067 , 1057 , 1330 , 319 , 405 , 424 , 337 , 618 , 349 , 353 , 317 , 334 , 352 , 423 , 356 , 341 , 351 , 339 , 363 , 444 , 392 , 395 , 388 , 448 , 583 , 534 , 514 , 434 , 408 , 413 , 486 , 476 , 458 , 548 , 415 , 415 , 498 , 546 , 463 , 459 , 471 , 431 , 424 , 423 , 318 , 395 , 301 , 
EigenDecompositionImplTest::testDimension4WithSplit , 297 , 232 , 169 , 0 , 65 , 1245 , 439 , 355 , 347 , 364 , 387 , 375 , 384 , 229 , 306 , 325 , 409 , 1099 , 1702 , 6803 , 1056 , 852 , 998 , 10896 , 2038 , 1043 , 1313 , 386 , 443 , 443 , 383 , 624 , 400 , 408 , 384 , 399 , 391 , 458 , 417 , 389 , 387 , 380 , 408 , 463 , 429 , 434 , 427 , 470 , 578 , 545 , 525 , 460 , 443 , 446 , 493 , 485 , 478 , 549 , 444 , 443 , 497 , 561 , 484 , 481 , 487 , 458 , 453 , 452 , 373 , 425 , 384 , 
EigenDecompositionImplTest::testDimension4WithoutSplit , 315 , 247 , 185 , 65 , 0 , 1233 , 446 , 372 , 366 , 382 , 406 , 393 , 402 , 248 , 322 , 337 , 428 , 1101 , 1699 , 6788 , 1052 , 851 , 998 , 10880 , 2033 , 1037 , 1310 , 404 , 461 , 457 , 396 , 624 , 418 , 426 , 402 , 417 , 404 , 462 , 432 , 402 , 400 , 393 , 418 , 472 , 439 , 441 , 438 , 476 , 571 , 543 , 524 , 470 , 451 , 456 , 497 , 494 , 481 , 552 , 456 , 447 , 504 , 555 , 494 , 489 , 492 , 467 , 464 , 463 , 390 , 432 , 402 , 
EigenDecompositionImplTest::testMath308 , 1405 , 1356 , 1289 , 1245 , 1233 , 0 , 1257 , 1401 , 1379 , 1289 , 1397 , 1434 , 1425 , 1331 , 1363 , 1356 , 1322 , 1381 , 1660 , 6482 , 1377 , 1349 , 1366 , 10484 , 1946 , 1380 , 1435 , 1365 , 1370 , 1336 , 1330 , 1280 , 1358 , 1361 , 1358 , 1364 , 1313 , 1355 , 1398 , 1341 , 1312 , 1323 , 1319 , 1331 , 1312 , 1303 , 1310 , 1282 , 1258 , 1300 , 1265 , 1301 , 1289 , 1295 , 1318 , 1273 , 1278 , 1264 , 1295 , 1283 , 1278 , 1266 , 1284 , 1274 , 1274 , 1282 , 1292 , 1291 , 1349 , 1303 , 1377 , 
EigenDecompositionImplTest::testTridiagonal , 467 , 445 , 432 , 439 , 446 , 1257 , 0 , 474 , 376 , 245 , 487 , 497 , 493 , 423 , 462 , 492 , 519 , 1057 , 1639 , 6703 , 1022 , 833 , 957 , 10773 , 1977 , 1013 , 1270 , 451 , 488 , 491 , 443 , 587 , 466 , 458 , 447 , 459 , 446 , 490 , 492 , 443 , 445 , 438 , 453 , 481 , 470 , 456 , 471 , 509 , 589 , 531 , 544 , 500 , 492 , 479 , 497 , 520 , 514 , 577 , 488 , 490 , 524 , 576 , 521 , 511 , 514 , 500 , 489 , 488 , 443 , 454 , 452 , 
EigenDecompositionImplTest::testDimensions , 303 , 294 , 317 , 355 , 372 , 1401 , 474 , 0 , 249 , 397 , 243 , 250 , 263 , 315 , 345 , 341 , 423 , 1109 , 1711 , 6831 , 1071 , 861 , 1007 , 10925 , 2047 , 1057 , 1326 , 352 , 418 , 451 , 356 , 613 , 379 , 387 , 333 , 368 , 370 , 422 , 349 , 356 , 364 , 357 , 366 , 447 , 389 , 392 , 384 , 469 , 605 , 539 , 541 , 431 , 426 , 421 , 478 , 500 , 483 , 583 , 429 , 439 , 511 , 578 , 486 , 479 , 494 , 447 , 437 , 436 , 347 , 390 , 310 , 
EigenDecompositionImplTest::testEigenvalues , 205 , 232 , 294 , 347 , 366 , 1379 , 376 , 249 , 0 , 242 , 182 , 165 , 181 , 289 , 256 , 301 , 428 , 1167 , 1759 , 6933 , 1108 , 897 , 1054 , 11034 , 2115 , 1096 , 1370 , 315 , 401 , 442 , 328 , 637 , 353 , 359 , 316 , 334 , 348 , 420 , 325 , 324 , 343 , 316 , 335 , 451 , 370 , 383 , 368 , 463 , 608 , 542 , 538 , 430 , 413 , 412 , 486 , 497 , 478 , 581 , 416 , 425 , 511 , 578 , 477 , 475 , 490 , 441 , 428 , 426 , 301 , 379 , 253 , 
EigenDecompositionImplTest::testBigMatrix , 364 , 338 , 331 , 364 , 382 , 1289 , 245 , 397 , 242 , 0 , 386 , 382 , 392 , 331 , 360 , 381 , 472 , 1078 , 1686 , 6779 , 1054 , 847 , 974 , 10856 , 2027 , 1038 , 1304 , 370 , 409 , 426 , 390 , 597 , 378 , 379 , 367 , 373 , 395 , 418 , 402 , 395 , 394 , 391 , 395 , 445 , 412 , 420 , 409 , 467 , 580 , 517 , 525 , 451 , 438 , 433 , 478 , 493 , 479 , 559 , 436 , 446 , 502 , 553 , 478 , 479 , 491 , 456 , 446 , 445 , 375 , 412 , 357 , 
EigenDecompositionImplTest::testEigenvectors , 237 , 262 , 335 , 387 , 406 , 1397 , 487 , 243 , 182 , 386 , 0 , 171 , 190 , 328 , 283 , 325 , 430 , 1129 , 1735 , 6900 , 1084 , 877 , 1028 , 10998 , 2077 , 1063 , 1345 , 316 , 409 , 445 , 329 , 633 , 345 , 363 , 321 , 332 , 345 , 423 , 336 , 324 , 342 , 319 , 337 , 451 , 368 , 379 , 366 , 459 , 594 , 535 , 527 , 427 , 414 , 409 , 479 , 491 , 473 , 568 , 415 , 420 , 507 , 565 , 468 , 474 , 485 , 439 , 427 , 424 , 300 , 378 , 277 , 
EigenDecompositionImplTest::testAEqualVDVt , 204 , 239 , 315 , 375 , 393 , 1434 , 497 , 250 , 165 , 382 , 171 , 0 , 157 , 324 , 267 , 308 , 429 , 1162 , 1765 , 6951 , 1102 , 892 , 1056 , 11055 , 2109 , 1089 , 1363 , 296 , 415 , 454 , 312 , 641 , 339 , 349 , 311 , 328 , 341 , 422 , 329 , 302 , 333 , 307 , 330 , 457 , 368 , 376 , 361 , 460 , 609 , 547 , 530 , 423 , 408 , 407 , 491 , 494 , 474 , 580 , 413 , 419 , 508 , 576 , 476 , 472 , 486 , 438 , 424 , 423 , 280 , 370 , 250 , 
EigenDecompositionImplTest::testVOrthogonal , 182 , 212 , 319 , 384 , 402 , 1425 , 493 , 263 , 181 , 392 , 190 , 157 , 0 , 334 , 254 , 324 , 452 , 1166 , 1766 , 6960 , 1101 , 893 , 1056 , 11063 , 2112 , 1094 , 1362 , 299 , 405 , 447 , 323 , 635 , 334 , 347 , 302 , 323 , 331 , 421 , 316 , 314 , 325 , 299 , 324 , 447 , 359 , 368 , 353 , 453 , 598 , 540 , 529 , 416 , 406 , 401 , 481 , 486 , 468 , 572 , 405 , 417 , 497 , 570 , 472 , 465 , 480 , 431 , 417 , 417 , 279 , 365 , 238 , 
EigenDecompositionImplTest::testDiagonal , 304 , 264 , 239 , 229 , 248 , 1331 , 423 , 315 , 289 , 331 , 328 , 324 , 334 , 0 , 324 , 323 , 425 , 1060 , 1691 , 6797 , 1050 , 843 , 955 , 10890 , 2036 , 1038 , 1304 , 316 , 364 , 403 , 347 , 589 , 331 , 337 , 320 , 333 , 353 , 386 , 344 , 353 , 351 , 345 , 357 , 414 , 373 , 386 , 369 , 447 , 576 , 505 , 515 , 411 , 409 , 403 , 465 , 476 , 461 , 545 , 409 , 416 , 479 , 545 , 461 , 456 , 471 , 429 , 416 , 417 , 317 , 386 , 325 , 
EigenDecompositionImplTest::testRepeatedEigenvalue , 143 , 144 , 228 , 306 , 322 , 1363 , 462 , 345 , 256 , 360 , 283 , 267 , 254 , 324 , 0 , 149 , 315 , 1143 , 1752 , 6931 , 1086 , 872 , 1037 , 11033 , 2111 , 1073 , 1356 , 281 , 395 , 428 , 312 , 614 , 333 , 342 , 301 , 310 , 328 , 413 , 318 , 305 , 324 , 309 , 340 , 427 , 378 , 375 , 373 , 467 , 608 , 522 , 538 , 438 , 422 , 410 , 469 , 499 , 482 , 582 , 423 , 427 , 518 , 579 , 478 , 476 , 493 , 447 , 432 , 432 , 281 , 378 , 248 , 
EigenDecompositionImplTest::testDistinctEigenvalues , 245 , 223 , 275 , 325 , 337 , 1356 , 492 , 341 , 301 , 381 , 325 , 308 , 324 , 323 , 149 , 0 , 221 , 1120 , 1724 , 6868 , 1080 , 862 , 1017 , 10958 , 2079 , 1066 , 1342 , 341 , 399 , 436 , 372 , 621 , 360 , 371 , 347 , 349 , 377 , 410 , 339 , 364 , 370 , 362 , 376 , 445 , 399 , 404 , 393 , 476 , 616 , 537 , 541 , 445 , 433 , 432 , 487 , 507 , 490 , 584 , 433 , 440 , 513 , 585 , 496 , 485 , 501 , 457 , 442 , 443 , 357 , 400 , 322 , 
EigenDecompositionImplTest::testZeroDivide , 399 , 363 , 364 , 409 , 428 , 1322 , 519 , 423 , 428 , 472 , 430 , 429 , 452 , 425 , 315 , 221 , 0 , 1086 , 1675 , 6769 , 1054 , 855 , 981 , 10846 , 2022 , 1047 , 1303 , 458 , 475 , 505 , 471 , 632 , 461 , 458 , 457 , 460 , 471 , 476 , 439 , 463 , 464 , 463 , 465 , 510 , 475 , 475 , 472 , 514 , 612 , 562 , 554 , 497 , 485 , 484 , 533 , 536 , 524 , 590 , 487 , 493 , 538 , 586 , 523 , 524 , 536 , 503 , 493 , 493 , 464 , 477 , 437 , 
RegressionTest0::test01 , 1162 , 1133 , 1111 , 1099 , 1101 , 1381 , 1057 , 1109 , 1167 , 1078 , 1129 , 1162 , 1166 , 1060 , 1143 , 1120 , 1086 , 0 , 1092 , 6000 , 750 , 686 , 117 , 10071 , 1317 , 672 , 824 , 1049 , 1030 , 996 , 1029 , 986 , 1025 , 1026 , 1050 , 1043 , 1017 , 1026 , 1072 , 1048 , 1024 , 1040 , 1046 , 987 , 1039 , 1035 , 1045 , 1046 , 1040 , 991 , 1050 , 1050 , 1044 , 1030 , 992 , 1049 , 1051 , 1047 , 1035 , 1048 , 1031 , 1053 , 1044 , 1047 , 1054 , 1044 , 1036 , 1037 , 1054 , 1026 , 1076 , 
RegressionTest0::test02 , 1782 , 1750 , 1724 , 1702 , 1699 , 1660 , 1639 , 1711 , 1759 , 1686 , 1735 , 1765 , 1766 , 1691 , 1752 , 1724 , 1675 , 1092 , 0 , 5501 , 708 , 990 , 1087 , 9544 , 757 , 723 , 502 , 1661 , 1603 , 1596 , 1635 , 1507 , 1620 , 1620 , 1648 , 1642 , 1626 , 1586 , 1651 , 1648 , 1631 , 1645 , 1625 , 1567 , 1599 , 1620 , 1602 , 1601 , 1566 , 1548 , 1601 , 1566 , 1623 , 1611 , 1540 , 1596 , 1602 , 1583 , 1605 , 1614 , 1552 , 1586 , 1601 , 1601 , 1603 , 1609 , 1608 , 1608 , 1666 , 1628 , 1720 , 
RegressionTest0::test03 , 6992 , 6933 , 6857 , 6803 , 6788 , 6482 , 6703 , 6831 , 6933 , 6779 , 6900 , 6951 , 6960 , 6797 , 6931 , 6868 , 6769 , 6000 , 5501 , 0 , 6106 , 6275 , 6087 , 4561 , 5351 , 6127 , 5887 , 6840 , 6751 , 6704 , 6803 , 6590 , 6806 , 6792 , 6841 , 6830 , 6790 , 6733 , 6820 , 6820 , 6796 , 6818 , 6793 , 6712 , 6753 , 6775 , 6757 , 6725 , 6645 , 6685 , 6702 , 6693 , 6759 , 6756 , 6682 , 6709 , 6724 , 6668 , 6745 , 6748 , 6663 , 6677 , 6716 , 6716 , 6720 , 6738 , 6741 , 6742 , 6856 , 6788 , 6895 , 
RegressionTest0::test04 , 1109 , 1091 , 1070 , 1056 , 1052 , 1377 , 1022 , 1071 , 1108 , 1054 , 1084 , 1102 , 1101 , 1050 , 1086 , 1080 , 1054 , 750 , 708 , 6106 , 0 , 314 , 684 , 10170 , 1127 , 110 , 287 , 989 , 958 , 955 , 992 , 917 , 968 , 962 , 978 , 971 , 984 , 945 , 1002 , 997 , 988 , 992 , 985 , 932 , 972 , 986 , 975 , 988 , 989 , 935 , 994 , 960 , 996 , 984 , 921 , 988 , 989 , 988 , 986 , 991 , 969 , 988 , 985 , 990 , 992 , 988 , 987 , 987 , 990 , 987 , 1054 , 
RegressionTest0::test05 , 893 , 876 , 862 , 852 , 851 , 1349 , 833 , 861 , 897 , 847 , 877 , 892 , 893 , 843 , 872 , 862 , 855 , 686 , 990 , 6275 , 314 , 0 , 606 , 10352 , 1410 , 325 , 577 , 784 , 757 , 747 , 782 , 728 , 766 , 759 , 775 , 767 , 778 , 743 , 790 , 788 , 780 , 784 , 777 , 733 , 765 , 780 , 765 , 792 , 835 , 732 , 824 , 771 , 790 , 778 , 715 , 805 , 798 , 830 , 781 , 795 , 792 , 828 , 789 , 795 , 801 , 788 , 782 , 783 , 785 , 778 , 840 , 
RegressionTest0::test06 , 1049 , 1025 , 1010 , 998 , 998 , 1366 , 957 , 1007 , 1054 , 974 , 1028 , 1056 , 1056 , 955 , 1037 , 1017 , 981 , 117 , 1087 , 6087 , 684 , 606 , 0 , 10170 , 1325 , 668 , 768 , 935 , 923 , 891 , 918 , 888 , 913 , 915 , 938 , 931 , 908 , 920 , 963 , 935 , 915 , 931 , 944 , 881 , 941 , 939 , 945 , 950 , 944 , 893 , 951 , 946 , 944 , 933 , 893 , 948 , 951 , 947 , 940 , 947 , 929 , 951 , 948 , 949 , 953 , 948 , 940 , 941 , 944 , 928 , 964 , 
RegressionTest0::test07 , 11097 , 11037 , 10951 , 10896 , 10880 , 10484 , 10773 , 10925 , 11034 , 10856 , 10998 , 11055 , 11063 , 10890 , 11033 , 10958 , 10846 , 10071 , 9544 , 4561 , 10170 , 10352 , 10170 , 0 , 9338 , 10180 , 9936 , 10940 , 10846 , 10801 , 10904 , 10679 , 10902 , 10890 , 10936 , 10925 , 10890 , 10827 , 10923 , 10920 , 10894 , 10916 , 10896 , 10804 , 10857 , 10876 , 10861 , 10816 , 10723 , 10769 , 10783 , 10795 , 10850 , 10852 , 10775 , 10796 , 10811 , 10747 , 10840 , 10841 , 10755 , 10748 , 10809 , 10805 , 10806 , 10831 , 10832 , 10836 , 10954 , 10885 , 11001 , 
RegressionTest0::test08 , 2139 , 2102 , 2067 , 2038 , 2033 , 1946 , 1977 , 2047 , 2115 , 2027 , 2077 , 2109 , 2112 , 2036 , 2111 , 2079 , 2022 , 1317 , 757 , 5351 , 1127 , 1410 , 1325 , 9338 , 0 , 1128 , 915 , 2015 , 1954 , 1950 , 1986 , 1870 , 1959 , 1949 , 1992 , 1979 , 1979 , 1934 , 2004 , 2004 , 1982 , 1996 , 1986 , 1931 , 1965 , 1979 , 1967 , 1960 , 1922 , 1919 , 1952 , 1936 , 1977 , 1972 , 1909 , 1954 , 1961 , 1939 , 1968 , 1968 , 1919 , 1944 , 1962 , 1960 , 1962 , 1968 , 1968 , 1969 , 2025 , 1980 , 2079 , 
RegressionTest0::test09 , 1095 , 1077 , 1057 , 1043 , 1037 , 1380 , 1013 , 1057 , 1096 , 1038 , 1063 , 1089 , 1094 , 1038 , 1073 , 1066 , 1047 , 672 , 723 , 6127 , 110 , 325 , 668 , 10180 , 1128 , 0 , 343 , 985 , 951 , 944 , 984 , 914 , 955 , 958 , 967 , 964 , 973 , 935 , 990 , 991 , 979 , 984 , 976 , 923 , 965 , 975 , 967 , 981 , 998 , 925 , 991 , 958 , 991 , 973 , 915 , 985 , 982 , 988 , 976 , 988 , 969 , 988 , 979 , 983 , 987 , 980 , 977 , 978 , 978 , 978 , 1043 , 
RegressionTest0::test10 , 1378 , 1358 , 1330 , 1313 , 1310 , 1435 , 1270 , 1326 , 1370 , 1304 , 1345 , 1363 , 1362 , 1304 , 1356 , 1342 , 1303 , 824 , 502 , 5887 , 287 , 577 , 768 , 9936 , 915 , 343 , 0 , 1261 , 1220 , 1216 , 1251 , 1162 , 1212 , 1221 , 1246 , 1235 , 1244 , 1198 , 1261 , 1262 , 1250 , 1260 , 1243 , 1191 , 1223 , 1240 , 1228 , 1234 , 1222 , 1187 , 1237 , 1210 , 1248 , 1239 , 1171 , 1233 , 1236 , 1228 , 1234 , 1244 , 1216 , 1232 , 1234 , 1235 , 1237 , 1239 , 1237 , 1237 , 1260 , 1248 , 1319 , 
EigenDecompositionImpl_ESTest::test00 , 269 , 274 , 319 , 386 , 404 , 1365 , 451 , 352 , 315 , 370 , 316 , 296 , 299 , 316 , 281 , 341 , 458 , 1049 , 1661 , 6840 , 989 , 784 , 935 , 10940 , 2015 , 985 , 1261 , 0 , 205 , 314 , 160 , 501 , 116 , 137 , 118 , 106 , 217 , 222 , 291 , 179 , 213 , 210 , 264 , 344 , 297 , 297 , 298 , 380 , 519 , 422 , 442 , 353 , 329 , 328 , 380 , 414 , 396 , 492 , 339 , 339 , 426 , 492 , 391 , 392 , 409 , 360 , 345 , 344 , 126 , 276 , 173 , 
EigenDecompositionImpl_ESTest::test01 , 396 , 389 , 405 , 443 , 461 , 1370 , 488 , 418 , 401 , 409 , 409 , 415 , 405 , 364 , 395 , 399 , 475 , 1030 , 1603 , 6751 , 958 , 757 , 923 , 10846 , 1954 , 951 , 1220 , 205 , 0 , 138 , 332 , 441 , 208 , 229 , 204 , 208 , 312 , 76 , 127 , 342 , 308 , 320 , 347 , 275 , 355 , 376 , 353 , 422 , 531 , 360 , 477 , 387 , 394 , 382 , 316 , 449 , 437 , 515 , 388 , 405 , 442 , 512 , 428 , 432 , 446 , 407 , 395 , 394 , 234 , 376 , 307 , 
EigenDecompositionImpl_ESTest::test02 , 434 , 420 , 424 , 443 , 457 , 1336 , 491 , 451 , 442 , 426 , 445 , 454 , 447 , 403 , 428 , 436 , 505 , 996 , 1596 , 6704 , 955 , 747 , 891 , 10801 , 1950 , 944 , 1216 , 314 , 138 , 0 , 209 , 364 , 307 , 329 , 302 , 306 , 193 , 176 , 176 , 219 , 192 , 203 , 302 , 171 , 322 , 330 , 322 , 428 , 535 , 267 , 479 , 343 , 361 , 365 , 220 , 448 , 434 , 515 , 389 , 382 , 449 , 518 , 425 , 436 , 444 , 406 , 391 , 391 , 309 , 278 , 348 , 
EigenDecompositionImpl_ESTest::test03 , 289 , 301 , 337 , 383 , 396 , 1330 , 443 , 356 , 328 , 390 , 329 , 312 , 323 , 347 , 312 , 372 , 471 , 1029 , 1635 , 6803 , 992 , 782 , 918 , 10904 , 1986 , 984 , 1251 , 160 , 332 , 209 , 0 , 432 , 245 , 261 , 218 , 226 , 96 , 335 , 324 , 52 , 96 , 94 , 153 , 238 , 191 , 184 , 193 , 284 , 440 , 344 , 337 , 266 , 218 , 220 , 296 , 319 , 299 , 407 , 236 , 234 , 344 , 402 , 298 , 296 , 311 , 261 , 247 , 246 , 203 , 170 , 205 , 
EigenDecompositionImpl_ESTest::test04 , 629 , 617 , 618 , 624 , 624 , 1280 , 587 , 613 , 637 , 597 , 633 , 641 , 635 , 589 , 614 , 621 , 632 , 986 , 1507 , 6590 , 917 , 728 , 888 , 10679 , 1870 , 914 , 1162 , 501 , 441 , 364 , 432 , 0 , 500 , 518 , 495 , 499 , 422 , 431 , 466 , 434 , 422 , 429 , 374 , 232 , 338 , 361 , 340 , 368 , 471 , 196 , 451 , 363 , 393 , 340 , 185 , 390 , 381 , 443 , 355 , 390 , 361 , 440 , 366 , 369 , 377 , 360 , 357 , 357 , 486 , 377 , 531 , 
EigenDecompositionImpl_ESTest::test05 , 324 , 316 , 349 , 400 , 418 , 1358 , 466 , 379 , 353 , 378 , 345 , 339 , 334 , 331 , 333 , 360 , 461 , 1025 , 1620 , 6806 , 968 , 766 , 913 , 10902 , 1959 , 955 , 1212 , 116 , 208 , 307 , 245 , 500 , 0 , 96 , 64 , 29 , 228 , 196 , 279 , 247 , 230 , 238 , 275 , 353 , 299 , 323 , 297 , 375 , 511 , 439 , 444 , 349 , 333 , 337 , 393 , 407 , 390 , 484 , 338 , 345 , 421 , 481 , 388 , 386 , 403 , 360 , 348 , 347 , 147 , 298 , 195 , 
EigenDecompositionImpl_ESTest::test06 , 335 , 334 , 353 , 408 , 426 , 1361 , 458 , 387 , 359 , 379 , 363 , 349 , 347 , 337 , 342 , 371 , 458 , 1026 , 1620 , 6792 , 962 , 759 , 915 , 10890 , 1949 , 958 , 1221 , 137 , 229 , 329 , 261 , 518 , 96 , 0 , 90 , 70 , 239 , 206 , 298 , 262 , 246 , 247 , 289 , 353 , 307 , 331 , 302 , 386 , 501 , 446 , 450 , 349 , 345 , 347 , 402 , 414 , 401 , 489 , 347 , 350 , 421 , 489 , 399 , 394 , 411 , 370 , 359 , 357 , 157 , 306 , 210 , 
EigenDecompositionImpl_ESTest::test07 , 286 , 281 , 317 , 384 , 402 , 1358 , 447 , 333 , 316 , 367 , 321 , 311 , 302 , 320 , 301 , 347 , 457 , 1050 , 1648 , 6841 , 978 , 775 , 938 , 10936 , 1992 , 967 , 1246 , 118 , 204 , 302 , 218 , 495 , 64 , 90 , 0 , 44 , 205 , 196 , 274 , 216 , 202 , 199 , 260 , 338 , 284 , 302 , 280 , 363 , 498 , 418 , 432 , 332 , 320 , 327 , 381 , 394 , 378 , 475 , 324 , 325 , 405 , 472 , 380 , 374 , 389 , 347 , 336 , 334 , 109 , 260 , 136 , 
EigenDecompositionImpl_ESTest::test08 , 304 , 301 , 334 , 399 , 417 , 1364 , 459 , 368 , 334 , 373 , 332 , 328 , 323 , 333 , 310 , 349 , 460 , 1043 , 1642 , 6830 , 971 , 767 , 931 , 10925 , 1979 , 964 , 1235 , 106 , 208 , 306 , 226 , 499 , 29 , 70 , 44 , 0 , 212 , 198 , 278 , 229 , 214 , 213 , 273 , 343 , 296 , 314 , 294 , 376 , 511 , 427 , 443 , 346 , 333 , 339 , 392 , 407 , 391 , 484 , 337 , 339 , 418 , 483 , 391 , 387 , 404 , 360 , 349 , 348 , 123 , 274 , 175 , 
EigenDecompositionImpl_ESTest::test09 , 314 , 313 , 352 , 391 , 404 , 1313 , 446 , 370 , 348 , 395 , 345 , 341 , 331 , 353 , 328 , 377 , 471 , 1017 , 1626 , 6790 , 984 , 778 , 908 , 10890 , 1979 , 973 , 1244 , 217 , 312 , 193 , 96 , 422 , 228 , 239 , 205 , 212 , 0 , 308 , 316 , 98 , 28 , 52 , 157 , 228 , 176 , 176 , 186 , 281 , 445 , 340 , 329 , 236 , 215 , 211 , 292 , 317 , 295 , 408 , 242 , 239 , 325 , 394 , 290 , 293 , 309 , 259 , 243 , 244 , 157 , 126 , 216 , 
EigenDecompositionImpl_ESTest::test10 , 414 , 407 , 423 , 458 , 462 , 1355 , 490 , 422 , 420 , 418 , 423 , 422 , 421 , 386 , 413 , 410 , 476 , 1026 , 1586 , 6733 , 945 , 743 , 920 , 10827 , 1934 , 935 , 1198 , 222 , 76 , 176 , 335 , 431 , 196 , 206 , 196 , 198 , 308 , 0 , 142 , 339 , 305 , 334 , 343 , 273 , 354 , 374 , 352 , 421 , 527 , 347 , 478 , 394 , 388 , 381 , 297 , 452 , 437 , 514 , 392 , 404 , 447 , 513 , 428 , 433 , 449 , 407 , 395 , 393 , 249 , 370 , 311 , 
EigenDecompositionImpl_ESTest::test11 , 307 , 312 , 356 , 417 , 432 , 1398 , 492 , 349 , 325 , 402 , 336 , 329 , 316 , 344 , 318 , 339 , 439 , 1072 , 1651 , 6820 , 1002 , 790 , 963 , 10923 , 2004 , 990 , 1261 , 291 , 127 , 176 , 324 , 466 , 279 , 298 , 274 , 278 , 316 , 142 , 0 , 321 , 313 , 317 , 326 , 282 , 344 , 363 , 344 , 444 , 574 , 377 , 509 , 386 , 402 , 395 , 319 , 475 , 457 , 551 , 400 , 409 , 469 , 553 , 457 , 456 , 468 , 424 , 412 , 412 , 293 , 368 , 279 , 
EigenDecompositionImpl_ESTest::test12 , 290 , 296 , 341 , 389 , 402 , 1341 , 443 , 356 , 324 , 395 , 324 , 302 , 314 , 353 , 305 , 364 , 463 , 1048 , 1648 , 6820 , 997 , 788 , 935 , 10920 , 2004 , 991 , 1262 , 179 , 342 , 219 , 52 , 434 , 247 , 262 , 216 , 229 , 98 , 339 , 321 , 0 , 84 , 79 , 131 , 250 , 169 , 168 , 171 , 259 , 420 , 341 , 324 , 245 , 193 , 205 , 298 , 294 , 274 , 389 , 218 , 212 , 324 , 377 , 273 , 271 , 286 , 236 , 222 , 221 , 188 , 154 , 209 , 
EigenDecompositionImpl_ESTest::test13 , 309 , 308 , 351 , 387 , 400 , 1312 , 445 , 364 , 343 , 394 , 342 , 333 , 325 , 351 , 324 , 370 , 464 , 1024 , 1631 , 6796 , 988 , 780 , 915 , 10894 , 1982 , 979 , 1250 , 213 , 308 , 192 , 96 , 422 , 230 , 246 , 202 , 214 , 28 , 305 , 313 , 84 , 0 , 34 , 145 , 235 , 180 , 173 , 173 , 274 , 438 , 334 , 328 , 227 , 207 , 210 , 279 , 309 , 289 , 395 , 233 , 227 , 315 , 387 , 284 , 286 , 301 , 251 , 237 , 236 , 154 , 114 , 217 , 
EigenDecompositionImpl_ESTest::test14 , 280 , 298 , 339 , 380 , 393 , 1323 , 438 , 357 , 316 , 391 , 319 , 307 , 299 , 345 , 309 , 362 , 463 , 1040 , 1645 , 6818 , 992 , 784 , 931 , 10916 , 1996 , 984 , 1260 , 210 , 320 , 203 , 94 , 429 , 238 , 247 , 199 , 213 , 52 , 334 , 317 , 79 , 34 , 0 , 115 , 238 , 162 , 144 , 153 , 243 , 407 , 333 , 300 , 226 , 177 , 180 , 278 , 278 , 258 , 365 , 203 , 195 , 307 , 361 , 257 , 255 , 270 , 220 , 206 , 205 , 127 , 82 , 217 , 
EigenDecompositionImpl_ESTest::test15 , 310 , 326 , 363 , 408 , 418 , 1319 , 453 , 366 , 335 , 395 , 337 , 330 , 324 , 357 , 340 , 376 , 465 , 1046 , 1625 , 6793 , 985 , 777 , 944 , 10896 , 1986 , 976 , 1243 , 264 , 347 , 302 , 153 , 374 , 275 , 289 , 260 , 273 , 157 , 343 , 326 , 131 , 145 , 115 , 0 , 244 , 55 , 121 , 44 , 202 , 305 , 330 , 327 , 118 , 206 , 152 , 216 , 235 , 216 , 316 , 158 , 211 , 197 , 318 , 222 , 213 , 230 , 184 , 168 , 169 , 205 , 182 , 267 , 
EigenDecompositionImpl_ESTest::test16 , 434 , 430 , 444 , 463 , 472 , 1331 , 481 , 447 , 451 , 445 , 451 , 457 , 447 , 414 , 427 , 445 , 510 , 987 , 1567 , 6712 , 932 , 733 , 881 , 10804 , 1931 , 923 , 1191 , 344 , 275 , 171 , 238 , 232 , 353 , 353 , 338 , 343 , 228 , 273 , 282 , 250 , 235 , 238 , 244 , 0 , 275 , 267 , 279 , 370 , 525 , 166 , 472 , 302 , 384 , 302 , 119 , 406 , 385 , 486 , 328 , 404 , 407 , 474 , 368 , 381 , 398 , 348 , 333 , 333 , 328 , 313 , 352 , 
EigenDecompositionImpl_ESTest::test17 , 352 , 368 , 392 , 429 , 439 , 1312 , 470 , 389 , 370 , 412 , 368 , 368 , 359 , 373 , 378 , 399 , 475 , 1039 , 1599 , 6753 , 972 , 765 , 941 , 10857 , 1965 , 965 , 1223 , 297 , 355 , 322 , 191 , 338 , 299 , 307 , 284 , 296 , 176 , 354 , 344 , 169 , 180 , 162 , 55 , 275 , 0 , 124 , 18 , 184 , 314 , 302 , 321 , 88 , 201 , 138 , 172 , 216 , 198 , 292 , 140 , 205 , 169 , 293 , 196 , 195 , 210 , 165 , 150 , 150 , 244 , 178 , 307 , 
EigenDecompositionImpl_ESTest::test18 , 346 , 369 , 395 , 434 , 441 , 1303 , 456 , 392 , 383 , 420 , 379 , 376 , 368 , 386 , 375 , 404 , 475 , 1035 , 1620 , 6775 , 986 , 780 , 939 , 10876 , 1979 , 975 , 1240 , 297 , 376 , 330 , 184 , 361 , 323 , 331 , 302 , 314 , 176 , 374 , 363 , 168 , 173 , 144 , 121 , 267 , 124 , 0 , 117 , 133 , 287 , 254 , 242 , 172 , 141 , 38 , 270 , 167 , 143 , 260 , 99 , 159 , 205 , 247 , 144 , 147 , 156 , 107 , 101 , 97 , 213 , 115 , 293 , 
EigenDecompositionImpl_ESTest::test19 , 347 , 361 , 388 , 427 , 438 , 1310 , 471 , 384 , 368 , 409 , 366 , 361 , 353 , 369 , 373 , 393 , 472 , 1045 , 1602 , 6757 , 975 , 765 , 945 , 10861 , 1967 , 967 , 1228 , 298 , 353 , 322 , 193 , 340 , 297 , 302 , 280 , 294 , 186 , 352 , 344 , 171 , 173 , 153 , 44 , 279 , 18 , 117 , 0 , 178 , 311 , 305 , 315 , 77 , 195 , 132 , 174 , 209 , 191 , 292 , 134 , 199 , 159 , 293 , 197 , 189 , 204 , 158 , 143 , 143 , 238 , 169 , 301 , 
EigenDecompositionImpl_ESTest::test20 , 443 , 451 , 448 , 470 , 476 , 1282 , 509 , 469 , 463 , 467 , 459 , 460 , 453 , 447 , 467 , 476 , 514 , 1046 , 1601 , 6725 , 988 , 792 , 950 , 10816 , 1960 , 981 , 1234 , 380 , 422 , 428 , 284 , 368 , 375 , 386 , 363 , 376 , 281 , 421 , 444 , 259 , 274 , 243 , 202 , 370 , 184 , 133 , 178 , 0 , 212 , 233 , 199 , 180 , 119 , 106 , 335 , 38 , 33 , 193 , 79 , 135 , 173 , 179 , 108 , 61 , 48 , 52 , 68 , 50 , 299 , 195 , 373 , 
EigenDecompositionImpl_ESTest::test21 , 597 , 596 , 583 , 578 , 571 , 1258 , 589 , 605 , 608 , 580 , 594 , 609 , 598 , 576 , 608 , 616 , 612 , 1040 , 1566 , 6645 , 989 , 835 , 944 , 10723 , 1922 , 998 , 1222 , 519 , 531 , 535 , 440 , 471 , 511 , 501 , 498 , 511 , 445 , 527 , 574 , 420 , 438 , 407 , 305 , 525 , 314 , 287 , 311 , 212 , 0 , 417 , 202 , 302 , 260 , 250 , 473 , 189 , 207 , 178 , 226 , 218 , 217 , 193 , 227 , 212 , 207 , 233 , 230 , 238 , 451 , 346 , 514 , 
EigenDecompositionImpl_ESTest::test22 , 527 , 525 , 534 , 545 , 543 , 1300 , 531 , 539 , 542 , 517 , 535 , 547 , 540 , 505 , 522 , 537 , 562 , 991 , 1548 , 6685 , 935 , 732 , 893 , 10769 , 1919 , 925 , 1187 , 422 , 360 , 267 , 344 , 196 , 439 , 446 , 418 , 427 , 340 , 347 , 377 , 341 , 334 , 333 , 330 , 166 , 302 , 254 , 305 , 233 , 417 , 0 , 401 , 335 , 292 , 230 , 135 , 266 , 248 , 376 , 231 , 309 , 344 , 359 , 283 , 255 , 254 , 222 , 217 , 215 , 399 , 291 , 444 , 
EigenDecompositionImpl_ESTest::test23 , 513 , 527 , 514 , 525 , 524 , 1265 , 544 , 541 , 538 , 525 , 527 , 530 , 529 , 515 , 538 , 541 , 554 , 1050 , 1601 , 6702 , 994 , 824 , 951 , 10783 , 1952 , 991 , 1237 , 442 , 477 , 479 , 337 , 451 , 444 , 450 , 432 , 443 , 329 , 478 , 509 , 324 , 328 , 300 , 327 , 472 , 321 , 242 , 315 , 199 , 202 , 401 , 0 , 310 , 156 , 206 , 463 , 181 , 199 , 197 , 223 , 134 , 252 , 207 , 209 , 204 , 196 , 224 , 222 , 228 , 370 , 242 , 441 , 
EigenDecompositionImpl_ESTest::test24 , 417 , 423 , 434 , 460 , 470 , 1301 , 500 , 431 , 430 , 451 , 427 , 423 , 416 , 411 , 438 , 445 , 497 , 1050 , 1566 , 6693 , 960 , 771 , 946 , 10795 , 1936 , 958 , 1210 , 353 , 387 , 343 , 266 , 363 , 349 , 349 , 332 , 346 , 236 , 394 , 386 , 245 , 227 , 226 , 118 , 302 , 88 , 172 , 77 , 180 , 302 , 335 , 310 , 0 , 209 , 169 , 241 , 208 , 191 , 286 , 160 , 202 , 165 , 288 , 197 , 194 , 202 , 171 , 168 , 169 , 305 , 221 , 360 , 
EigenDecompositionImpl_ESTest::test25 , 391 , 406 , 408 , 443 , 451 , 1289 , 492 , 426 , 413 , 438 , 414 , 408 , 406 , 409 , 422 , 433 , 485 , 1044 , 1623 , 6759 , 996 , 790 , 944 , 10850 , 1977 , 991 , 1248 , 329 , 394 , 361 , 218 , 393 , 333 , 345 , 320 , 333 , 215 , 388 , 402 , 193 , 207 , 177 , 206 , 384 , 201 , 141 , 195 , 119 , 260 , 292 , 156 , 209 , 0 , 105 , 352 , 152 , 132 , 250 , 106 , 81 , 212 , 223 , 133 , 136 , 148 , 104 , 105 , 102 , 248 , 127 , 322 , 
EigenDecompositionImpl_ESTest::test26 , 382 , 403 , 413 , 446 , 456 , 1295 , 479 , 421 , 412 , 433 , 409 , 407 , 401 , 403 , 410 , 432 , 484 , 1030 , 1611 , 6756 , 984 , 778 , 933 , 10852 , 1972 , 973 , 1239 , 328 , 382 , 365 , 220 , 340 , 337 , 347 , 327 , 339 , 211 , 381 , 395 , 205 , 210 , 180 , 152 , 302 , 138 , 38 , 132 , 106 , 250 , 230 , 206 , 169 , 105 , 0 , 282 , 141 , 119 , 225 , 85 , 123 , 189 , 214 , 123 , 120 , 130 , 91 , 87 , 81 , 244 , 137 , 320 , 
EigenDecompositionImpl_ESTest::test27 , 474 , 474 , 486 , 493 , 497 , 1318 , 497 , 478 , 486 , 478 , 479 , 491 , 481 , 465 , 469 , 487 , 533 , 992 , 1540 , 6682 , 921 , 715 , 893 , 10775 , 1909 , 915 , 1171 , 380 , 316 , 220 , 296 , 185 , 393 , 402 , 381 , 392 , 292 , 297 , 319 , 298 , 279 , 278 , 216 , 119 , 172 , 270 , 174 , 335 , 473 , 135 , 463 , 241 , 352 , 282 , 0 , 367 , 349 , 438 , 299 , 365 , 327 , 433 , 335 , 347 , 362 , 317 , 302 , 302 , 366 , 297 , 399 , 
EigenDecompositionImpl_ESTest::test28 , 477 , 485 , 476 , 485 , 494 , 1273 , 520 , 500 , 497 , 493 , 491 , 494 , 486 , 476 , 499 , 507 , 536 , 1049 , 1596 , 6709 , 988 , 805 , 948 , 10796 , 1954 , 985 , 1233 , 414 , 449 , 448 , 319 , 390 , 407 , 414 , 394 , 407 , 317 , 452 , 475 , 294 , 309 , 278 , 235 , 406 , 216 , 167 , 209 , 38 , 189 , 266 , 181 , 208 , 152 , 141 , 367 , 0 , 39 , 177 , 93 , 148 , 165 , 163 , 124 , 70 , 45 , 82 , 87 , 86 , 332 , 228 , 407 , 
EigenDecompositionImpl_ESTest::test29 , 457 , 466 , 458 , 478 , 481 , 1278 , 514 , 483 , 478 , 479 , 473 , 474 , 468 , 461 , 482 , 490 , 524 , 1051 , 1602 , 6724 , 989 , 798 , 951 , 10811 , 1961 , 982 , 1236 , 396 , 437 , 434 , 299 , 381 , 390 , 401 , 378 , 391 , 295 , 437 , 457 , 274 , 289 , 258 , 216 , 385 , 198 , 143 , 191 , 33 , 207 , 248 , 199 , 191 , 132 , 119 , 349 , 39 , 0 , 191 , 74 , 129 , 169 , 177 , 100 , 64 , 31 , 51 , 67 , 68 , 314 , 210 , 388 , 
EigenDecompositionImpl_ESTest::test30 , 568 , 566 , 548 , 549 , 552 , 1264 , 577 , 583 , 581 , 559 , 568 , 580 , 572 , 545 , 582 , 584 , 590 , 1047 , 1583 , 6668 , 988 , 830 , 947 , 10747 , 1939 , 988 , 1228 , 492 , 515 , 515 , 407 , 443 , 484 , 489 , 475 , 484 , 408 , 514 , 551 , 389 , 395 , 365 , 316 , 486 , 292 , 260 , 292 , 193 , 178 , 376 , 197 , 286 , 250 , 225 , 438 , 177 , 191 , 0 , 210 , 202 , 225 , 148 , 191 , 196 , 181 , 210 , 218 , 215 , 424 , 307 , 487 , 
EigenDecompositionImpl_ESTest::test31 , 398 , 405 , 415 , 444 , 456 , 1295 , 488 , 429 , 416 , 436 , 415 , 413 , 405 , 409 , 423 , 433 , 487 , 1035 , 1605 , 6745 , 986 , 781 , 940 , 10840 , 1968 , 976 , 1234 , 339 , 388 , 389 , 236 , 355 , 338 , 347 , 324 , 337 , 242 , 392 , 400 , 218 , 233 , 203 , 158 , 328 , 140 , 99 , 134 , 79 , 226 , 231 , 223 , 160 , 106 , 85 , 299 , 93 , 74 , 210 , 0 , 124 , 139 , 197 , 110 , 77 , 89 , 70 , 25 , 53 , 260 , 157 , 326 , 
EigenDecompositionImpl_ESTest::test32 , 410 , 413 , 415 , 443 , 447 , 1283 , 490 , 439 , 425 , 446 , 420 , 419 , 417 , 416 , 427 , 440 , 493 , 1048 , 1614 , 6748 , 991 , 795 , 947 , 10841 , 1968 , 988 , 1244 , 339 , 405 , 382 , 234 , 390 , 345 , 350 , 325 , 339 , 239 , 404 , 409 , 212 , 227 , 195 , 211 , 404 , 205 , 159 , 199 , 135 , 218 , 309 , 134 , 202 , 81 , 123 , 365 , 148 , 129 , 202 , 124 , 0 , 210 , 202 , 109 , 129 , 128 , 137 , 133 , 136 , 273 , 142 , 332 , 
EigenDecompositionImpl_ESTest::test33 , 499 , 500 , 498 , 497 , 504 , 1278 , 524 , 511 , 511 , 502 , 507 , 508 , 497 , 479 , 518 , 513 , 538 , 1031 , 1552 , 6663 , 969 , 792 , 929 , 10755 , 1919 , 969 , 1216 , 426 , 442 , 449 , 344 , 361 , 421 , 421 , 405 , 418 , 325 , 447 , 469 , 324 , 315 , 307 , 197 , 407 , 169 , 205 , 159 , 173 , 217 , 344 , 252 , 165 , 212 , 189 , 327 , 165 , 169 , 225 , 139 , 210 , 0 , 233 , 205 , 180 , 177 , 175 , 155 , 158 , 361 , 261 , 418 , 
EigenDecompositionImpl_ESTest::test34 , 560 , 564 , 546 , 561 , 555 , 1266 , 576 , 578 , 578 , 553 , 565 , 576 , 570 , 545 , 579 , 585 , 586 , 1053 , 1586 , 6677 , 988 , 828 , 951 , 10748 , 1944 , 988 , 1232 , 492 , 512 , 518 , 402 , 440 , 481 , 489 , 472 , 483 , 394 , 513 , 553 , 377 , 387 , 361 , 318 , 474 , 293 , 247 , 293 , 179 , 193 , 359 , 207 , 288 , 223 , 214 , 433 , 163 , 177 , 148 , 197 , 202 , 233 , 0 , 156 , 176 , 173 , 196 , 197 , 203 , 413 , 308 , 488 , 
EigenDecompositionImpl_ESTest::test35 , 456 , 470 , 463 , 484 , 494 , 1284 , 521 , 486 , 477 , 478 , 468 , 476 , 472 , 461 , 478 , 496 , 523 , 1044 , 1601 , 6716 , 985 , 789 , 948 , 10809 , 1962 , 979 , 1234 , 391 , 428 , 425 , 298 , 366 , 388 , 399 , 380 , 391 , 290 , 428 , 457 , 273 , 284 , 257 , 222 , 368 , 196 , 144 , 197 , 108 , 227 , 283 , 209 , 197 , 133 , 123 , 335 , 124 , 100 , 191 , 110 , 109 , 205 , 156 , 0 , 121 , 112 , 106 , 110 , 111 , 310 , 207 , 388 , 
EigenDecompositionImpl_ESTest::test36 , 455 , 463 , 459 , 481 , 489 , 1274 , 511 , 479 , 475 , 479 , 474 , 472 , 465 , 456 , 476 , 485 , 524 , 1047 , 1601 , 6716 , 990 , 795 , 949 , 10805 , 1960 , 983 , 1235 , 392 , 432 , 436 , 296 , 369 , 386 , 394 , 374 , 387 , 293 , 433 , 456 , 271 , 286 , 255 , 213 , 381 , 195 , 147 , 189 , 61 , 212 , 255 , 204 , 194 , 136 , 120 , 347 , 70 , 64 , 196 , 77 , 129 , 180 , 176 , 121 , 0 , 66 , 62 , 62 , 64 , 311 , 209 , 385 , 
EigenDecompositionImpl_ESTest::test37 , 469 , 479 , 471 , 487 , 492 , 1274 , 514 , 494 , 490 , 491 , 485 , 486 , 480 , 471 , 493 , 501 , 536 , 1054 , 1603 , 6720 , 992 , 801 , 953 , 10806 , 1962 , 987 , 1237 , 409 , 446 , 444 , 311 , 377 , 403 , 411 , 389 , 404 , 309 , 449 , 468 , 286 , 301 , 270 , 230 , 398 , 210 , 156 , 204 , 48 , 207 , 254 , 196 , 202 , 148 , 130 , 362 , 45 , 31 , 181 , 89 , 128 , 177 , 173 , 112 , 66 , 0 , 72 , 83 , 81 , 328 , 221 , 400 , 
EigenDecompositionImpl_ESTest::test38 , 420 , 431 , 431 , 458 , 467 , 1282 , 500 , 447 , 441 , 456 , 439 , 438 , 431 , 429 , 447 , 457 , 503 , 1044 , 1609 , 6738 , 988 , 788 , 948 , 10831 , 1968 , 980 , 1239 , 360 , 407 , 406 , 261 , 360 , 360 , 370 , 347 , 360 , 259 , 407 , 424 , 236 , 251 , 220 , 184 , 348 , 165 , 107 , 158 , 52 , 233 , 222 , 224 , 171 , 104 , 91 , 317 , 82 , 51 , 210 , 70 , 137 , 175 , 196 , 106 , 62 , 72 , 0 , 56 , 20 , 277 , 175 , 352 , 
EigenDecompositionImpl_ESTest::test39 , 406 , 415 , 424 , 453 , 464 , 1292 , 489 , 437 , 428 , 446 , 427 , 424 , 417 , 416 , 432 , 442 , 493 , 1036 , 1608 , 6741 , 987 , 782 , 940 , 10832 , 1968 , 977 , 1237 , 345 , 395 , 391 , 247 , 357 , 348 , 359 , 336 , 349 , 243 , 395 , 412 , 222 , 237 , 206 , 168 , 333 , 150 , 101 , 143 , 68 , 230 , 217 , 222 , 168 , 105 , 87 , 302 , 87 , 67 , 218 , 25 , 133 , 155 , 197 , 110 , 62 , 83 , 56 , 0 , 39 , 264 , 162 , 338 , 
EigenDecompositionImpl_ESTest::test40 , 405 , 417 , 423 , 452 , 463 , 1291 , 488 , 436 , 426 , 445 , 424 , 423 , 417 , 417 , 432 , 443 , 493 , 1037 , 1608 , 6742 , 987 , 783 , 941 , 10836 , 1969 , 978 , 1237 , 344 , 394 , 391 , 246 , 357 , 347 , 357 , 334 , 348 , 244 , 393 , 412 , 221 , 236 , 205 , 169 , 333 , 150 , 97 , 143 , 50 , 238 , 215 , 228 , 169 , 102 , 81 , 302 , 86 , 68 , 215 , 53 , 136 , 158 , 203 , 111 , 64 , 81 , 20 , 39 , 0 , 262 , 161 , 336 , 
EigenDecompositionImpl_ESTest::test41 , 252 , 271 , 318 , 373 , 390 , 1349 , 443 , 347 , 301 , 375 , 300 , 280 , 279 , 317 , 281 , 357 , 464 , 1054 , 1666 , 6856 , 990 , 785 , 944 , 10954 , 2025 , 978 , 1260 , 126 , 234 , 309 , 203 , 486 , 147 , 157 , 109 , 123 , 157 , 249 , 293 , 188 , 154 , 127 , 205 , 328 , 244 , 213 , 238 , 299 , 451 , 399 , 370 , 305 , 248 , 244 , 366 , 332 , 314 , 424 , 260 , 273 , 361 , 413 , 310 , 311 , 328 , 277 , 264 , 262 , 0 , 170 , 166 , 
EigenDecompositionImpl_ESTest::test42 , 350 , 365 , 395 , 425 , 432 , 1303 , 454 , 390 , 379 , 412 , 378 , 370 , 365 , 386 , 378 , 400 , 477 , 1026 , 1628 , 6788 , 987 , 778 , 928 , 10885 , 1980 , 978 , 1248 , 276 , 376 , 278 , 170 , 377 , 298 , 306 , 260 , 274 , 126 , 370 , 368 , 154 , 114 , 82 , 182 , 313 , 178 , 115 , 169 , 195 , 346 , 291 , 242 , 221 , 127 , 137 , 297 , 228 , 210 , 307 , 157 , 142 , 261 , 308 , 207 , 209 , 221 , 175 , 162 , 161 , 170 , 0 , 275 , 
EigenDecompositionImpl_ESTest::test43 , 213 , 220 , 301 , 384 , 402 , 1377 , 452 , 310 , 253 , 357 , 277 , 250 , 238 , 325 , 248 , 322 , 437 , 1076 , 1720 , 6895 , 1054 , 840 , 964 , 11001 , 2079 , 1043 , 1319 , 173 , 307 , 348 , 205 , 531 , 195 , 210 , 136 , 175 , 216 , 311 , 279 , 209 , 217 , 217 , 267 , 352 , 307 , 293 , 301 , 373 , 514 , 444 , 441 , 360 , 322 , 320 , 399 , 407 , 388 , 487 , 326 , 332 , 418 , 488 , 388 , 385 , 400 , 352 , 338 , 336 , 166 , 275 , 0 , 
