: , NormalDistributionImpl_ESTest::test00 , NormalDistributionImpl_ESTest::test01 , NormalDistributionImpl_ESTest::test03 , NormalDistributionImpl_ESTest::test04 , NormalDistributionImpl_ESTest::test05 , NormalDistributionImpl_ESTest::test06 , NormalDistributionImpl_ESTest::test07 , NormalDistributionImpl_ESTest::test08 , NormalDistributionImpl_ESTest::test09 , NormalDistributionImpl_ESTest::test10 , 
NormalDistributionImpl_ESTest::test00 , 0 , 78 , 69 , 67 , 277 , 107 , 80 , 110 , 110 , 73 , 
NormalDistributionImpl_ESTest::test01 , 78 , 0 , 94 , 75 , 254 , 164 , 100 , 83 , 82 , 95 , 
NormalDistributionImpl_ESTest::test03 , 69 , 94 , 0 , 43 , 278 , 107 , 96 , 121 , 121 , 35 , 
NormalDistributionImpl_ESTest::test04 , 67 , 75 , 43 , 0 , 274 , 100 , 91 , 113 , 114 , 55 , 
NormalDistributionImpl_ESTest::test05 , 277 , 254 , 278 , 274 , 0 , 290 , 268 , 275 , 276 , 280 , 
NormalDistributionImpl_ESTest::test06 , 107 , 164 , 107 , 100 , 290 , 0 , 167 , 178 , 177 , 121 , 
NormalDistributionImpl_ESTest::test07 , 80 , 100 , 96 , 91 , 268 , 167 , 0 , 79 , 79 , 111 , 
NormalDistributionImpl_ESTest::test08 , 110 , 83 , 121 , 113 , 275 , 178 , 79 , 0 , 6 , 103 , 
NormalDistributionImpl_ESTest::test09 , 110 , 82 , 121 , 114 , 276 , 177 , 79 , 6 , 0 , 99 , 
NormalDistributionImpl_ESTest::test10 , 73 , 95 , 35 , 55 , 280 , 121 , 111 , 103 , 99 , 0 , 
