: , ElitisticListPopulationTest::testNextGeneration , ElitisticListPopulationTest::testSetElitismRate , ElitisticListPopulationTest::testSetElitismRateTooLow , ElitisticListPopulationTest::testSetElitismRateTooHigh , ElitisticListPopulationTest::testConstructorTooLow , ElitisticListPopulationTest::testConstructorTooHigh , ElitisticListPopulationTest::testChromosomeListConstructorTooLow , ElitisticListPopulationTest::testChromosomeListConstructorTooHigh , ListPopulation_ESTest::test00 , ListPopulation_ESTest::test01 , ListPopulation_ESTest::test02 , ListPopulation_ESTest::test03 , ListPopulation_ESTest::test04 , ListPopulation_ESTest::test05 , ListPopulation_ESTest::test06 , ListPopulation_ESTest::test07 , ListPopulation_ESTest::test08 , ListPopulation_ESTest::test09 , ListPopulation_ESTest::test10 , ListPopulation_ESTest::test11 , ListPopulation_ESTest::test12 , ListPopulation_ESTest::test13 , ListPopulation_ESTest::test14 , ListPopulation_ESTest::test15 , ListPopulation_ESTest::test16 , ListPopulationTest::testGetFittestChromosome , ListPopulationTest::testChromosomes , ListPopulationTest::testSetPopulationLimit , ListPopulationTest::testConstructorPopulationLimitNotPositive , ListPopulationTest::testChromosomeListConstructorPopulationLimitNotPositive , ListPopulationTest::testConstructorListOfChromosomesBiggerThanPopulationSize , ListPopulationTest::testAddTooManyChromosomes , ListPopulationTest::testAddTooManyChromosomesSingleCall , ListPopulationTest::testIterator , ListPopulationTest::testSetPopulationLimitTooSmall , 
ElitisticListPopulationTest::testNextGeneration , 0 , 189 , 215 , 215 , 238 , 238 , 223 , 223 , 181 , 216 , 179 , 172 , 172 , 254 , 249 , 388 , 255 , 379 , 181 , 369 , 321 , 311 , 173 , 255 , 482 , 399 , 566 , 180 , 203 , 241 , 375 , 397 , 226 , 476 , 393 , 
ElitisticListPopulationTest::testSetElitismRate , 189 , 0 , 61 , 62 , 132 , 133 , 162 , 162 , 189 , 188 , 123 , 129 , 136 , 262 , 255 , 394 , 291 , 438 , 190 , 420 , 364 , 348 , 137 , 294 , 531 , 436 , 607 , 142 , 146 , 258 , 412 , 442 , 243 , 514 , 447 , 
ElitisticListPopulationTest::testSetElitismRateTooLow , 215 , 61 , 0 , 6 , 75 , 81 , 112 , 116 , 204 , 198 , 120 , 138 , 148 , 280 , 273 , 409 , 309 , 452 , 204 , 434 , 381 , 367 , 148 , 311 , 549 , 455 , 639 , 127 , 118 , 252 , 418 , 443 , 245 , 528 , 451 , 
ElitisticListPopulationTest::testSetElitismRateTooHigh , 215 , 62 , 6 , 0 , 81 , 75 , 116 , 112 , 203 , 198 , 120 , 137 , 148 , 279 , 272 , 410 , 308 , 454 , 203 , 435 , 381 , 367 , 148 , 310 , 550 , 456 , 639 , 127 , 117 , 252 , 417 , 443 , 242 , 528 , 451 , 
ElitisticListPopulationTest::testConstructorTooLow , 238 , 132 , 75 , 81 , 0 , 6 , 88 , 94 , 233 , 239 , 143 , 162 , 174 , 316 , 312 , 453 , 342 , 487 , 233 , 472 , 420 , 405 , 173 , 346 , 602 , 487 , 675 , 139 , 94 , 256 , 436 , 472 , 268 , 565 , 484 , 
ElitisticListPopulationTest::testConstructorTooHigh , 238 , 133 , 81 , 75 , 6 , 0 , 94 , 88 , 234 , 240 , 142 , 162 , 174 , 315 , 311 , 452 , 341 , 488 , 234 , 473 , 420 , 404 , 173 , 345 , 601 , 487 , 675 , 139 , 96 , 257 , 434 , 472 , 268 , 565 , 484 , 
ElitisticListPopulationTest::testChromosomeListConstructorTooLow , 223 , 162 , 112 , 116 , 88 , 94 , 0 , 6 , 205 , 210 , 145 , 152 , 161 , 283 , 285 , 403 , 301 , 431 , 205 , 418 , 367 , 356 , 161 , 313 , 545 , 433 , 614 , 145 , 136 , 195 , 379 , 415 , 240 , 506 , 430 , 
ElitisticListPopulationTest::testChromosomeListConstructorTooHigh , 223 , 162 , 116 , 112 , 94 , 88 , 6 , 0 , 205 , 210 , 145 , 151 , 161 , 283 , 285 , 404 , 301 , 431 , 204 , 418 , 367 , 356 , 160 , 313 , 545 , 433 , 615 , 146 , 136 , 196 , 378 , 416 , 241 , 506 , 430 , 
ListPopulation_ESTest::test00 , 181 , 189 , 204 , 203 , 233 , 234 , 205 , 205 , 0 , 122 , 105 , 81 , 79 , 208 , 206 , 349 , 196 , 299 , 4 , 275 , 260 , 246 , 74 , 207 , 403 , 406 , 553 , 177 , 210 , 241 , 378 , 411 , 217 , 481 , 404 , 
ListPopulation_ESTest::test01 , 216 , 188 , 198 , 198 , 239 , 240 , 210 , 210 , 122 , 0 , 144 , 95 , 99 , 247 , 240 , 286 , 266 , 360 , 124 , 355 , 321 , 306 , 103 , 268 , 438 , 412 , 547 , 192 , 219 , 244 , 376 , 398 , 250 , 474 , 392 , 
ListPopulation_ESTest::test02 , 179 , 123 , 120 , 120 , 143 , 142 , 145 , 145 , 105 , 144 , 0 , 68 , 64 , 225 , 214 , 363 , 226 , 376 , 106 , 358 , 307 , 291 , 57 , 224 , 486 , 441 , 600 , 123 , 128 , 251 , 408 , 429 , 216 , 508 , 438 , 
ListPopulation_ESTest::test03 , 172 , 129 , 138 , 137 , 162 , 162 , 152 , 151 , 81 , 95 , 68 , 0 , 20 , 205 , 198 , 348 , 219 , 368 , 82 , 342 , 289 , 273 , 17 , 222 , 467 , 437 , 585 , 115 , 139 , 250 , 404 , 427 , 229 , 504 , 423 , 
ListPopulation_ESTest::test04 , 172 , 136 , 148 , 148 , 174 , 174 , 161 , 161 , 79 , 99 , 64 , 20 , 0 , 205 , 199 , 349 , 219 , 367 , 80 , 340 , 290 , 277 , 13 , 217 , 463 , 435 , 581 , 121 , 147 , 252 , 406 , 425 , 220 , 501 , 420 , 
ListPopulation_ESTest::test05 , 254 , 262 , 280 , 279 , 316 , 315 , 283 , 283 , 208 , 247 , 225 , 205 , 205 , 0 , 57 , 205 , 70 , 233 , 210 , 209 , 156 , 178 , 202 , 100 , 328 , 433 , 588 , 262 , 281 , 290 , 402 , 424 , 273 , 496 , 430 , 
ListPopulation_ESTest::test06 , 249 , 255 , 273 , 272 , 312 , 311 , 285 , 285 , 206 , 240 , 214 , 198 , 199 , 57 , 0 , 192 , 105 , 238 , 208 , 217 , 159 , 179 , 197 , 68 , 348 , 433 , 585 , 255 , 275 , 287 , 404 , 426 , 260 , 496 , 430 , 
ListPopulation_ESTest::test07 , 388 , 394 , 409 , 410 , 453 , 452 , 403 , 404 , 349 , 286 , 363 , 348 , 349 , 205 , 192 , 0 , 227 , 163 , 351 , 186 , 189 , 256 , 347 , 216 , 292 , 436 , 533 , 396 , 422 , 390 , 406 , 415 , 381 , 459 , 402 , 
ListPopulation_ESTest::test08 , 255 , 291 , 309 , 308 , 342 , 341 , 301 , 301 , 196 , 266 , 226 , 219 , 219 , 70 , 105 , 227 , 0 , 199 , 198 , 182 , 111 , 150 , 214 , 59 , 310 , 426 , 578 , 284 , 301 , 304 , 394 , 418 , 285 , 485 , 423 , 
ListPopulation_ESTest::test09 , 379 , 438 , 452 , 454 , 487 , 488 , 431 , 431 , 299 , 360 , 376 , 368 , 367 , 233 , 238 , 163 , 199 , 0 , 303 , 108 , 108 , 179 , 364 , 198 , 247 , 452 , 551 , 430 , 451 , 381 , 418 , 440 , 397 , 476 , 427 , 
ListPopulation_ESTest::test10 , 181 , 190 , 204 , 203 , 233 , 234 , 205 , 204 , 4 , 124 , 106 , 82 , 80 , 210 , 208 , 351 , 198 , 303 , 0 , 271 , 260 , 246 , 73 , 207 , 400 , 407 , 555 , 178 , 210 , 241 , 377 , 410 , 214 , 478 , 404 , 
ListPopulation_ESTest::test11 , 369 , 420 , 434 , 435 , 472 , 473 , 418 , 418 , 275 , 355 , 358 , 342 , 340 , 209 , 217 , 186 , 182 , 108 , 271 , 0 , 87 , 157 , 334 , 190 , 207 , 449 , 550 , 411 , 435 , 373 , 419 , 431 , 374 , 475 , 418 , 
ListPopulation_ESTest::test12 , 321 , 364 , 381 , 381 , 420 , 420 , 367 , 367 , 260 , 321 , 307 , 289 , 290 , 156 , 159 , 189 , 111 , 108 , 260 , 87 , 0 , 91 , 284 , 126 , 258 , 420 , 555 , 357 , 378 , 338 , 387 , 408 , 338 , 472 , 408 , 
ListPopulation_ESTest::test13 , 311 , 348 , 367 , 367 , 405 , 404 , 356 , 356 , 246 , 306 , 291 , 273 , 277 , 178 , 179 , 256 , 150 , 179 , 246 , 157 , 91 , 0 , 273 , 147 , 303 , 426 , 562 , 339 , 362 , 343 , 400 , 419 , 328 , 474 , 419 , 
ListPopulation_ESTest::test14 , 173 , 137 , 148 , 148 , 173 , 173 , 161 , 160 , 74 , 103 , 57 , 17 , 13 , 202 , 197 , 347 , 214 , 364 , 73 , 334 , 284 , 273 , 0 , 207 , 459 , 434 , 579 , 121 , 147 , 252 , 404 , 425 , 217 , 501 , 419 , 
ListPopulation_ESTest::test15 , 255 , 294 , 311 , 310 , 346 , 345 , 313 , 313 , 207 , 268 , 224 , 222 , 217 , 100 , 68 , 216 , 59 , 198 , 207 , 190 , 126 , 147 , 207 , 0 , 314 , 438 , 572 , 285 , 305 , 312 , 403 , 428 , 280 , 493 , 427 , 
ListPopulation_ESTest::test16 , 482 , 531 , 549 , 550 , 602 , 601 , 545 , 545 , 403 , 438 , 486 , 467 , 463 , 328 , 348 , 292 , 310 , 247 , 400 , 207 , 258 , 303 , 459 , 314 , 0 , 502 , 578 , 532 , 563 , 488 , 499 , 486 , 489 , 517 , 491 , 
ListPopulationTest::testGetFittestChromosome , 399 , 436 , 455 , 456 , 487 , 487 , 433 , 433 , 406 , 412 , 441 , 437 , 435 , 433 , 433 , 436 , 426 , 452 , 407 , 449 , 420 , 426 , 434 , 438 , 502 , 0 , 484 , 399 , 435 , 320 , 346 , 324 , 418 , 386 , 321 , 
ListPopulationTest::testChromosomes , 566 , 607 , 639 , 639 , 675 , 675 , 614 , 615 , 553 , 547 , 600 , 585 , 581 , 588 , 585 , 533 , 578 , 551 , 555 , 550 , 555 , 562 , 579 , 572 , 578 , 484 , 0 , 568 , 623 , 487 , 335 , 232 , 532 , 179 , 263 , 
ListPopulationTest::testSetPopulationLimit , 180 , 142 , 127 , 127 , 139 , 139 , 145 , 146 , 177 , 192 , 123 , 115 , 121 , 262 , 255 , 396 , 284 , 430 , 178 , 411 , 357 , 339 , 121 , 285 , 532 , 399 , 568 , 0 , 78 , 222 , 401 , 379 , 159 , 456 , 369 , 
ListPopulationTest::testConstructorPopulationLimitNotPositive , 203 , 146 , 118 , 117 , 94 , 96 , 136 , 136 , 210 , 219 , 128 , 139 , 147 , 281 , 275 , 422 , 301 , 451 , 210 , 435 , 378 , 362 , 147 , 305 , 563 , 435 , 623 , 78 , 0 , 189 , 378 , 415 , 219 , 507 , 426 , 
ListPopulationTest::testChromosomeListConstructorPopulationLimitNotPositive , 241 , 258 , 252 , 252 , 256 , 257 , 195 , 196 , 241 , 244 , 251 , 250 , 252 , 290 , 287 , 390 , 304 , 381 , 241 , 373 , 338 , 343 , 252 , 312 , 488 , 320 , 487 , 222 , 189 , 0 , 227 , 278 , 265 , 378 , 283 , 
ListPopulationTest::testConstructorListOfChromosomesBiggerThanPopulationSize , 375 , 412 , 418 , 417 , 436 , 434 , 379 , 378 , 378 , 376 , 408 , 404 , 406 , 402 , 404 , 406 , 394 , 418 , 377 , 419 , 387 , 400 , 404 , 403 , 499 , 346 , 335 , 401 , 378 , 227 , 0 , 114 , 343 , 228 , 111 , 
ListPopulationTest::testAddTooManyChromosomes , 397 , 442 , 443 , 443 , 472 , 472 , 415 , 416 , 411 , 398 , 429 , 427 , 425 , 424 , 426 , 415 , 418 , 440 , 410 , 431 , 408 , 419 , 425 , 428 , 486 , 324 , 232 , 379 , 415 , 278 , 114 , 0 , 377 , 129 , 59 , 
ListPopulationTest::testAddTooManyChromosomesSingleCall , 226 , 243 , 245 , 242 , 268 , 268 , 240 , 241 , 217 , 250 , 216 , 229 , 220 , 273 , 260 , 381 , 285 , 397 , 214 , 374 , 338 , 328 , 217 , 280 , 489 , 418 , 532 , 159 , 219 , 265 , 343 , 377 , 0 , 458 , 399 , 
ListPopulationTest::testIterator , 476 , 514 , 528 , 528 , 565 , 565 , 506 , 506 , 481 , 474 , 508 , 504 , 501 , 496 , 496 , 459 , 485 , 476 , 478 , 475 , 472 , 474 , 501 , 493 , 517 , 386 , 179 , 456 , 507 , 378 , 228 , 129 , 458 , 0 , 154 , 
ListPopulationTest::testSetPopulationLimitTooSmall , 393 , 447 , 451 , 451 , 484 , 484 , 430 , 430 , 404 , 392 , 438 , 423 , 420 , 430 , 430 , 402 , 423 , 427 , 404 , 418 , 408 , 419 , 419 , 427 , 491 , 321 , 263 , 369 , 426 , 283 , 111 , 59 , 399 , 154 , 0 , 
