:,RegressionTest0::test001,RegressionTest0::test002,RegressionTest0::test003,RegressionTest0::test004,RegressionTest0::test005,RegressionTest0::test006,RegressionTest0::test007,RegressionTest0::test008,RegressionTest0::test009,RegressionTest0::test010,RegressionTest0::test011,RegressionTest0::test012,RegressionTest0::test013,RegressionTest0::test014,RegressionTest0::test015,RegressionTest0::test016,RegressionTest0::test017,RegressionTest0::test018,RegressionTest0::test019,RegressionTest0::test020,RegressionTest0::test021,RegressionTest0::test022,RegressionTest0::test023,RegressionTest0::test024,RegressionTest0::test025,RegressionTest0::test026,RegressionTest0::test027,RegressionTest0::test028,RegressionTest0::test029,RegressionTest0::test030,RegressionTest0::test031,RegressionTest0::test032,RegressionTest0::test033,RegressionTest0::test034,RegressionTest0::test035,RegressionTest0::test036,RegressionTest0::test037,RegressionTest0::test038,RegressionTest0::test039,RegressionTest0::test040,RegressionTest0::test041,RegressionTest0::test042,RegressionTest0::test043,RegressionTest0::test044,RegressionTest0::test045,RegressionTest0::test046,RegressionTest0::test047,RegressionTest0::test048,RegressionTest0::test049,RegressionTest0::test050,RegressionTest0::test051,RegressionTest0::test052,RegressionTest0::test053,RegressionTest0::test054,RegressionTest0::test055,RegressionTest0::test056,RegressionTest0::test057,RegressionTest0::test058,RegressionTest0::test059,RegressionTest0::test060,RegressionTest0::test061,RegressionTest0::test062,RegressionTest0::test063,RegressionTest0::test064,RegressionTest0::test065,RegressionTest0::test066,RegressionTest0::test067,RegressionTest0::test068,RegressionTest0::test069,RegressionTest0::test070,RegressionTest0::test071,RegressionTest0::test072,RegressionTest0::test073,RegressionTest0::test074,RegressionTest0::test075,RegressionTest0::test076,RegressionTest0::test077,RegressionTest0::test078,RegressionTest0::test079,RegressionTest0::test080,RegressionTest0::test081,RegressionTest0::test082,RegressionTest0::test083,RegressionTest0::test084,RegressionTest0::test085,RegressionTest0::test086,RegressionTest0::test087,RegressionTest0::test088,RegressionTest0::test089,RegressionTest0::test090,RegressionTest0::test091,RegressionTest0::test092,RegressionTest0::test093,RegressionTest0::test094,RegressionTest0::test095,RegressionTest0::test096,RegressionTest0::test097,RegressionTest0::test098,RegressionTest0::test099,RegressionTest0::test100,RegressionTest0::test101,RegressionTest0::test102,RegressionTest0::test103,RegressionTest0::test104,RegressionTest0::test105,TypeUtilsTest::testDetermineTypeVariableAssignments,TypeUtilsTest::testGetArrayComponentType,TypeUtilsTest::testGetPrimitiveArrayComponentType,TypeUtilsTest::testGetRawType,TypeUtilsTest::testGetTypeArguments,TypeUtilsTest::testIsArrayGenericTypes,TypeUtilsTest::testIsArrayTypeClasses,TypeUtilsTest::testTypesSatisfyVariables,TypeUtils_ESTest::test00,TypeUtils_ESTest::test01,TypeUtils_ESTest::test02,TypeUtils_ESTest::test03,TypeUtils_ESTest::test04,TypeUtils_ESTest::test05,TypeUtils_ESTest::test06,TypeUtils_ESTest::test07,TypeUtils_ESTest::test08,TypeUtils_ESTest::test09,TypeUtils_ESTest::test10,TypeUtils_ESTest::test11,TypeUtils_ESTest::test12,TypeUtils_ESTest::test13,TypeUtils_ESTest::test14,TypeUtils_ESTest::test15,TypeUtils_ESTest::test16,TypeUtils_ESTest::test17,TypeUtils_ESTest::test18,TypeUtils_ESTest::test19,TypeUtils_ESTest::test20,TypeUtils_ESTest::test21,TypeUtils_ESTest::test22,TypeUtils_ESTest::test23,TypeUtils_ESTest::test24,TypeUtils_ESTest::test25,TypeUtils_ESTest::test26,TypeUtils_ESTest::test27,TypeUtils_ESTest::test28,TypeUtils_ESTest::test29,TypeUtils_ESTest::test30,TypeUtils_ESTest::test31,TypeUtils_ESTest::test32,TypeUtils_ESTest::test33,TypeUtils_ESTest::test34,TypeUtils_ESTest::test35,
RegressionTest0::test001 ,0,21,7,12,0,0,5,0,210,303,766,375,81,200,188,319,104,76,484,399,237,26,806,336,471,453,757,93,519,225,224,60,432,403,558,193,291,777,405,547,176,86,770,315,199,201,192,791,557,488,592,173,85,768,480,184,315,866,144,590,276,159,176,781,190,208,520,143,445,493,578,287,609,260,69,741,726,202,96,295,28,229,777,70,512,819,236,229,97,389,314,267,62,261,71,833,429,310,764,567,98,63,408,848,392,31,186,49,76,178,157,55,61,26,20,43,22,56,33,23,33,26,26,20,18,17,26,18,17,29,31,28,30,19,28,22,17,18,21,21,23,23,17,16,20,18,22,20,17,
RegressionTest0::test002 ,21,0,21,27,21,21,21,21,193,286,750,358,79,183,171,301,88,76,467,382,220,5,788,318,454,436,741,90,502,208,207,60,415,386,541,176,274,761,388,530,171,68,754,298,195,184,175,774,540,471,575,156,67,752,463,167,298,860,128,573,259,142,175,765,189,191,502,127,428,477,561,270,592,243,69,725,709,185,79,279,11,212,759,71,495,803,219,212,78,372,297,250,61,244,72,817,413,293,747,550,81,47,391,831,375,34,184,49,70,166,156,55,57,31,37,42,39,53,34,33,34,33,31,32,31,30,31,31,30,32,34,31,37,34,31,36,30,31,35,30,34,34,32,32,36,31,37,37,33,
RegressionTest0::test003 ,7,21,0,16,7,7,11,7,206,299,763,371,77,196,183,314,101,73,480,395,233,24,802,332,467,449,754,90,515,220,219,58,428,399,554,189,287,774,401,543,172,83,767,311,194,197,188,788,552,484,588,169,82,765,475,180,311,860,139,585,272,153,174,777,185,204,516,138,441,488,574,282,605,255,66,738,722,198,92,292,22,225,774,67,508,815,232,225,91,385,310,263,59,257,68,829,426,307,760,563,95,59,404,845,388,30,183,50,72,173,155,55,60,24,24,41,27,55,32,25,32,23,26,22,22,22,24,22,22,29,31,28,28,18,27,26,22,23,23,21,25,25,22,21,24,24,27,25,22,
RegressionTest0::test004 ,12,27,16,0,12,12,10,12,218,311,774,383,84,208,190,326,113,83,492,407,245,31,814,345,479,461,765,96,527,233,232,68,440,411,566,201,299,785,413,555,179,93,778,323,203,209,200,800,565,496,600,181,92,776,488,192,323,870,149,598,284,167,183,789,195,216,528,148,453,502,587,295,617,268,75,750,734,210,103,301,33,237,786,78,520,827,244,237,102,397,322,275,69,269,79,841,438,318,772,575,106,69,416,857,400,34,191,52,80,184,162,58,65,28,16,49,12,59,38,29,38,32,28,20,18,18,28,18,18,31,36,30,34,16,30,17,17,16,23,21,30,30,16,18,16,16,17,17,16,
RegressionTest0::test005 ,0,21,7,12,0,0,5,0,210,303,766,375,81,200,188,319,104,76,484,399,237,26,806,336,471,453,757,93,519,225,224,60,432,403,558,193,291,777,405,547,176,86,770,315,199,201,192,791,557,488,592,173,85,768,480,184,315,866,144,590,276,159,176,781,190,208,520,143,445,493,578,287,609,260,69,741,726,202,96,295,28,229,777,70,512,819,236,229,97,389,314,267,62,261,71,833,429,310,764,567,98,63,408,848,392,31,186,49,76,178,157,55,61,26,20,43,22,56,33,23,33,26,26,20,18,17,26,18,17,29,31,28,30,19,28,22,17,18,21,21,23,23,17,16,20,18,22,20,17,
RegressionTest0::test006 ,0,21,7,12,0,0,5,0,210,303,766,375,81,200,188,319,104,76,484,399,237,26,806,336,471,453,757,93,519,225,224,60,432,403,558,193,291,777,405,547,176,86,770,315,199,201,192,791,557,488,592,173,85,768,480,184,315,866,144,590,276,159,176,781,190,208,520,143,445,493,578,287,609,260,69,741,726,202,96,295,28,229,777,70,512,819,236,229,97,389,314,267,62,261,71,833,429,310,764,567,98,63,408,848,392,31,186,49,76,178,157,55,61,26,20,43,22,56,33,23,33,26,26,20,18,17,26,18,17,29,31,28,30,19,28,22,17,18,21,21,23,23,17,16,20,18,22,20,17,
RegressionTest0::test007 ,5,21,11,10,5,5,0,5,211,304,768,376,81,201,188,319,106,76,485,400,238,25,807,337,472,454,759,92,520,226,225,60,433,404,559,194,292,779,406,548,176,86,772,316,200,202,193,792,557,488,593,173,85,770,480,185,316,867,145,590,277,159,178,783,192,209,521,144,446,494,579,288,610,261,71,742,727,203,96,296,29,230,778,70,513,821,237,230,97,390,315,268,62,262,71,835,430,311,764,568,99,63,409,849,393,29,185,50,76,179,156,56,60,24,18,42,20,55,31,22,31,26,24,17,14,13,24,14,13,26,32,25,30,16,25,19,13,14,19,20,22,22,13,11,18,14,20,18,12,
RegressionTest0::test008 ,0,21,7,12,0,0,5,0,210,303,766,375,81,200,188,319,104,76,484,399,237,26,806,336,471,453,757,93,519,225,224,60,432,403,558,193,291,777,405,547,176,86,770,315,199,201,192,791,557,488,592,173,85,768,480,184,315,866,144,590,276,159,176,781,190,208,520,143,445,493,578,287,609,260,69,741,726,202,96,295,28,229,777,70,512,819,236,229,97,389,314,267,62,261,71,833,429,310,764,567,98,63,408,848,392,31,186,49,76,178,157,55,61,26,20,43,22,56,33,23,33,26,26,20,18,17,26,18,17,29,31,28,30,19,28,22,17,18,21,21,23,23,17,16,20,18,22,20,17,
RegressionTest0::test009 ,210,193,206,218,210,210,211,210,0,100,563,213,187,64,171,200,117,178,282,221,65,191,643,205,268,292,554,185,341,72,72,176,254,228,355,62,88,574,230,344,175,132,567,112,187,64,63,626,354,356,414,122,133,565,302,68,112,786,144,387,118,108,183,578,178,65,379,144,282,334,403,166,405,165,189,562,522,65,146,207,188,123,630,165,358,661,125,123,145,245,181,152,177,147,164,676,294,195,603,414,143,158,256,692,247,210,201,208,185,182,200,206,193,214,224,204,230,201,210,211,211,208,214,218,219,219,214,219,219,211,211,212,205,219,212,225,220,222,215,215,211,211,220,219,222,223,226,225,223,
RegressionTest0::test010 ,303,286,299,311,303,303,304,303,100,0,468,162,277,148,245,209,207,267,202,149,126,284,569,199,172,218,459,273,266,148,149,267,180,176,258,153,27,479,150,247,254,225,472,34,259,148,153,555,257,326,336,194,226,470,227,157,21,761,224,289,150,187,255,483,246,145,339,224,211,276,340,190,310,205,278,485,426,147,237,241,280,162,571,256,303,592,158,162,236,194,188,168,267,169,255,603,264,221,534,355,235,250,220,630,212,302,279,294,272,249,279,291,284,306,316,295,323,290,302,304,303,300,307,311,312,312,306,312,312,303,301,304,297,312,305,317,313,315,307,308,304,304,313,312,314,316,318,318,316,
RegressionTest0::test011 ,766,750,763,774,766,766,768,766,563,468,0,483,733,600,680,583,671,719,362,448,569,747,407,567,337,431,10,725,352,591,592,722,431,454,282,604,479,15,418,290,689,687,18,457,682,598,605,416,285,538,329,632,689,15,404,610,457,703,674,265,557,640,687,27,677,594,523,674,430,425,438,597,265,613,736,353,138,597,691,622,745,588,503,714,428,408,586,588,693,502,545,565,722,567,713,449,497,581,416,410,690,712,482,477,500,764,710,748,725,684,718,741,745,768,780,758,786,750,763,767,763,764,769,774,775,775,768,775,775,766,762,767,759,776,767,781,776,779,771,771,767,767,777,775,778,780,782,782,780,
RegressionTest0::test012 ,375,358,371,383,375,375,376,375,213,162,483,0,346,224,304,237,290,335,250,173,198,356,521,222,232,216,474,335,246,201,202,331,194,189,292,228,168,494,183,281,314,307,487,167,312,222,229,503,290,298,318,252,309,485,237,234,154,736,288,321,100,254,309,498,298,218,298,289,209,262,339,230,335,242,349,463,447,222,305,277,353,227,525,326,293,555,222,227,304,225,209,223,334,222,326,570,250,253,481,337,304,322,234,598,212,373,339,360,337,315,339,352,355,378,388,367,395,360,374,376,374,372,378,382,383,383,378,383,383,374,371,375,368,384,375,389,384,387,379,380,376,376,385,383,386,388,390,390,387,
RegressionTest0::test013 ,81,79,77,84,81,81,81,81,187,277,733,346,0,175,132,287,97,68,455,371,211,79,770,307,443,426,725,32,488,201,201,67,404,376,529,169,264,744,376,517,113,73,738,288,138,175,168,751,526,450,561,151,73,735,449,161,289,797,115,559,248,142,121,749,113,183,477,115,417,467,539,248,578,221,26,710,694,176,89,239,76,207,742,58,484,789,214,207,85,364,285,244,65,238,59,803,404,278,730,537,89,69,377,816,366,84,157,93,84,157,130,94,84,85,95,82,96,80,83,87,83,86,85,88,90,90,85,90,90,83,83,83,80,88,83,96,91,94,86,88,87,87,91,89,94,94,97,95,92,
RegressionTest0::test014 ,200,183,196,208,200,200,201,200,64,148,600,224,175,0,165,210,106,163,319,201,41,182,654,211,308,304,591,170,324,83,82,165,234,235,393,9,135,611,222,382,164,120,603,157,174,3,15,638,392,362,394,104,120,602,282,17,158,776,129,424,126,104,166,615,160,10,385,128,296,343,381,175,443,161,177,544,561,4,137,207,179,111,639,152,369,669,117,111,134,261,191,143,164,142,153,688,298,196,616,424,136,148,268,703,260,200,189,195,176,177,186,193,183,204,213,194,220,191,200,201,201,199,205,208,209,209,204,209,209,201,201,202,196,209,203,215,210,212,206,205,202,202,210,209,211,213,216,215,213,
RegressionTest0::test015 ,188,171,183,190,188,188,188,188,171,245,680,304,132,165,0,252,143,150,406,325,185,169,709,267,395,375,671,129,437,183,183,156,355,327,479,159,233,691,330,468,100,150,684,256,122,166,158,701,477,403,508,152,149,682,400,152,255,729,133,507,217,145,121,694,140,171,418,132,369,415,490,222,524,199,139,650,639,167,150,189,163,182,684,152,433,733,179,182,134,319,246,213,160,211,151,746,358,251,677,488,147,147,334,754,320,188,176,196,174,167,166,195,177,188,201,184,202,174,186,193,186,192,188,191,196,195,188,196,195,186,185,186,184,193,186,201,196,198,190,192,193,193,197,196,201,198,202,202,199,
RegressionTest0::test016 ,319,301,314,326,319,319,319,319,200,209,583,237,287,210,252,0,250,275,312,261,203,299,613,206,320,304,574,282,353,193,191,279,288,267,389,213,222,594,263,379,261,263,586,217,261,210,215,589,389,321,419,209,263,585,316,216,203,760,239,416,196,215,269,596,246,210,331,239,292,329,405,172,439,182,290,532,547,211,249,241,296,217,542,279,356,642,220,217,257,256,233,218,273,216,279,653,308,205,575,401,239,277,273,645,270,319,270,300,279,268,269,289,298,321,331,313,338,305,316,321,316,318,321,325,329,328,321,329,328,318,315,318,314,326,319,334,329,330,322,322,321,321,328,327,330,331,335,334,330,
RegressionTest0::test017 ,104,88,101,113,104,104,106,104,117,207,671,290,97,106,143,250,0,93,388,303,140,87,722,262,374,367,662,100,423,146,145,85,336,307,462,100,195,682,307,451,148,34,675,219,169,107,101,705,461,416,495,113,34,673,384,91,219,815,83,493,191,87,149,686,155,114,444,82,361,411,482,213,513,188,94,645,629,108,59,236,84,154,703,73,432,737,160,154,65,312,237,190,85,185,74,751,353,236,681,486,62,60,323,768,315,108,169,112,96,148,147,113,99,109,118,103,125,101,107,108,108,105,110,114,114,114,109,114,114,107,106,108,105,115,108,120,115,117,113,110,108,108,115,114,116,118,121,120,118,
RegressionTest0::test018 ,76,76,73,83,76,76,76,76,178,267,719,335,68,163,150,275,93,0,441,358,199,72,753,284,429,410,710,74,475,189,188,34,388,361,514,156,251,730,363,502,137,69,723,275,155,164,157,737,511,435,547,144,70,721,435,150,277,808,113,544,238,131,135,734,145,171,455,112,404,450,523,218,565,191,63,695,680,165,74,249,74,194,729,54,471,775,201,194,76,350,270,230,49,225,55,789,390,265,718,525,81,66,366,804,352,78,149,76,76,154,121,76,79,79,89,76,95,73,78,80,78,78,80,85,86,86,79,86,86,78,77,78,77,84,79,92,87,89,82,81,80,80,86,84,88,89,93,91,87,
RegressionTest0::test019 ,484,467,480,492,484,484,485,484,282,202,362,250,455,319,406,312,388,441,0,173,294,464,457,315,121,209,354,448,196,308,308,441,159,231,168,323,213,374,175,157,418,404,367,199,410,318,323,463,165,334,244,358,406,365,163,328,192,723,400,193,277,363,415,377,400,313,336,399,232,200,284,328,216,345,456,367,324,318,412,366,462,321,499,433,261,501,317,321,411,271,295,311,442,306,433,511,276,340,445,285,411,429,269,546,276,482,436,466,446,412,441,458,462,486,497,475,504,468,482,485,483,481,487,491,492,492,486,492,492,484,481,485,477,493,485,498,493,496,488,489,485,485,494,492,495,497,499,499,497,
RegressionTest0::test020 ,399,382,395,407,399,399,400,399,221,149,448,173,371,201,325,261,303,358,173,0,176,380,504,250,176,193,439,365,174,231,231,357,76,181,239,206,165,459,109,228,335,318,452,152,335,200,212,484,238,314,236,278,319,450,106,216,142,736,316,271,208,278,335,462,322,195,314,316,193,234,257,256,298,272,373,385,413,199,327,304,377,244,533,347,263,543,239,244,326,215,232,240,359,234,347,553,248,270,483,305,327,344,218,586,221,397,364,385,364,336,364,378,377,402,412,391,419,384,398,400,398,396,403,407,407,407,402,407,407,399,396,400,393,408,400,413,408,411,404,404,400,400,409,407,410,412,414,414,412,
RegressionTest0::test021 ,237,220,233,245,237,237,238,237,65,126,569,198,211,41,185,203,140,199,294,176,0,219,627,192,280,277,559,205,293,78,79,200,203,208,365,45,110,580,194,353,194,157,573,133,201,38,51,606,362,348,361,134,157,571,252,54,135,771,161,395,108,120,198,584,191,32,361,161,269,318,343,171,415,174,213,512,530,38,173,210,214,123,612,188,342,641,120,122,170,237,173,139,199,139,187,658,275,187,586,395,172,182,241,674,240,236,221,228,207,203,220,226,219,241,250,230,257,226,237,239,237,234,242,245,246,246,241,246,246,238,236,239,232,246,239,252,247,249,243,242,239,239,247,246,248,250,253,252,250,
RegressionTest0::test022 ,26,5,24,31,26,26,25,26,191,284,747,356,79,182,169,299,87,72,464,380,219,0,785,314,451,433,738,91,499,206,205,55,413,383,538,175,272,758,386,527,170,67,751,296,193,183,174,771,536,468,572,154,66,749,460,166,296,858,126,569,257,141,174,762,188,190,499,125,425,474,559,268,589,241,69,722,706,184,76,276,14,212,758,72,494,800,219,212,77,371,296,250,57,244,73,814,412,290,744,548,79,45,389,830,374,37,181,47,66,164,153,53,57,34,39,43,43,52,36,35,36,35,35,34,34,33,34,34,33,35,36,35,38,37,35,40,34,35,38,33,36,36,35,34,39,35,40,40,36,
RegressionTest0::test023 ,806,788,802,814,806,806,807,806,643,569,407,521,770,654,709,613,722,753,457,504,627,785,0,594,451,470,408,761,439,631,632,758,487,524,390,659,582,402,508,388,728,737,403,562,720,654,659,424,391,553,414,671,740,410,464,664,559,721,713,388,594,677,725,397,710,649,527,713,469,463,515,624,416,644,774,407,409,653,726,657,785,627,524,751,474,445,622,627,731,538,584,607,759,606,750,434,545,613,415,449,728,753,522,517,541,805,740,788,764,723,749,778,784,808,820,797,826,787,802,806,803,803,809,813,814,814,808,814,814,806,802,807,799,815,807,822,815,818,810,809,806,806,816,814,818,819,823,822,819,
RegressionTest0::test024 ,336,318,332,345,336,336,337,336,205,199,567,222,307,211,267,206,262,284,315,250,192,314,594,0,307,283,558,302,339,199,199,285,274,246,380,216,200,578,248,369,277,279,570,212,277,210,215,585,377,252,405,212,278,569,303,220,205,750,259,403,211,230,281,580,246,209,308,259,276,322,373,185,425,181,310,537,524,211,257,261,313,207,541,297,332,618,199,207,276,240,217,210,290,204,297,630,282,196,560,392,260,289,257,638,242,335,286,319,298,279,287,310,320,339,351,331,357,322,334,338,335,335,339,344,346,345,339,346,345,335,332,336,333,344,336,353,346,348,342,340,338,338,346,345,350,349,354,353,349,
RegressionTest0::test025 ,471,454,467,479,471,471,472,471,268,172,337,232,443,308,395,320,374,429,121,176,280,451,451,307,0,204,328,436,202,300,300,431,166,202,135,311,186,348,158,124,408,391,341,168,405,307,311,460,134,343,242,349,393,339,184,315,159,724,385,167,275,346,404,352,395,303,343,385,188,237,294,318,185,341,444,379,297,307,398,366,448,303,499,422,253,491,301,303,401,245,281,297,431,294,421,499,287,327,446,270,399,415,236,541,265,469,432,456,435,400,433,448,450,473,484,463,491,455,469,471,469,468,474,479,479,479,473,479,479,471,467,472,464,480,472,485,480,483,475,476,471,471,481,479,482,484,486,486,484,
RegressionTest0::test026 ,453,436,449,461,453,453,454,453,292,218,431,216,426,304,375,304,367,410,209,193,277,433,470,283,204,0,422,417,239,284,284,411,145,218,233,305,237,442,144,222,390,385,435,230,386,302,307,459,231,322,256,327,387,433,201,310,219,735,368,256,253,330,386,444,375,299,333,368,150,197,347,295,285,318,426,404,392,301,381,341,430,289,520,404,232,491,282,289,381,229,261,277,412,271,403,495,270,318,448,280,380,397,238,538,247,451,413,439,416,388,412,431,431,456,466,445,473,436,451,453,452,450,456,460,461,461,456,461,461,452,449,453,446,462,453,467,462,465,457,458,453,453,463,461,464,466,468,468,466,
RegressionTest0::test027 ,757,741,754,765,757,757,759,757,554,459,10,474,725,591,671,574,662,710,354,439,559,738,408,558,328,422,0,717,344,582,583,713,422,445,273,595,470,21,409,281,681,678,14,448,673,589,596,412,276,530,321,623,680,12,395,601,448,702,666,256,548,631,679,29,668,585,515,666,421,419,429,588,256,605,727,352,130,588,682,613,736,579,500,705,420,407,577,579,684,493,536,556,713,559,704,447,490,573,411,404,681,703,475,474,491,755,701,739,716,675,709,732,736,759,771,749,777,741,754,758,754,755,760,765,766,766,759,766,766,757,753,758,750,767,758,772,767,770,762,762,758,758,768,766,769,771,773,773,771,
RegressionTest0::test028 ,93,90,90,96,93,93,92,93,185,273,725,335,32,170,129,282,100,74,448,365,205,91,761,302,436,417,717,0,480,194,193,76,397,367,522,164,260,737,369,510,110,79,730,283,132,170,163,743,520,443,553,149,76,727,443,157,284,790,117,553,239,137,112,741,125,177,468,117,408,458,532,243,571,216,45,702,686,170,96,230,89,200,734,65,473,778,205,200,84,353,277,233,72,230,67,792,395,274,722,525,96,81,367,807,355,94,156,103,92,155,129,104,97,96,106,94,108,90,94,99,94,99,96,100,101,101,96,101,101,95,95,95,92,101,95,108,102,106,97,100,99,99,103,99,105,106,108,106,104,
RegressionTest0::test029 ,519,502,515,527,519,519,520,519,341,266,352,246,488,324,437,353,423,475,196,174,293,499,439,339,202,239,344,480,0,347,348,475,169,237,200,328,279,364,171,189,451,438,357,261,443,322,333,437,199,350,168,391,439,355,146,336,257,702,429,213,315,391,448,363,435,318,350,429,194,248,245,360,234,377,491,306,314,321,445,395,497,350,484,464,280,470,349,351,443,290,313,335,475,335,463,489,322,364,428,274,444,464,279,527,301,517,474,502,480,446,476,496,497,521,532,510,539,502,517,519,517,516,522,526,527,527,521,527,527,518,515,519,512,528,520,533,528,531,524,524,519,519,529,527,530,532,534,534,532,
RegressionTest0::test030 ,225,208,220,233,225,225,226,225,72,148,591,201,201,83,183,193,146,189,308,231,78,206,631,199,300,284,582,194,347,0,2,191,263,220,385,84,141,602,236,374,187,162,595,163,196,81,87,619,383,345,419,129,164,593,307,88,157,776,154,416,106,117,194,605,181,82,364,154,276,319,412,173,433,172,200,568,551,82,162,210,202,120,611,176,341,642,120,120,157,230,157,133,188,126,176,659,275,194,591,395,159,175,246,674,235,224,208,220,196,195,207,217,209,228,238,218,245,214,224,228,225,224,228,233,234,234,228,234,234,226,224,227,220,233,227,240,235,237,228,230,228,228,235,235,236,238,241,240,238,
RegressionTest0::test031 ,224,207,219,232,224,224,225,224,72,149,592,202,201,82,183,191,145,188,308,231,79,205,632,199,300,284,583,193,348,2,0,190,264,221,385,83,141,603,237,374,187,161,595,162,195,81,86,620,383,345,420,127,163,594,307,87,157,776,154,415,105,117,194,605,180,80,364,154,275,319,413,173,434,171,199,568,552,82,161,210,201,119,611,175,342,643,120,119,157,231,158,134,186,124,176,660,275,193,592,395,159,174,247,675,235,223,208,218,195,194,207,216,208,227,237,217,244,213,223,227,224,223,227,232,233,233,227,233,233,225,223,226,219,232,226,239,234,236,227,229,227,227,234,234,235,237,240,239,237,
RegressionTest0::test032 ,60,60,58,68,60,60,60,60,176,267,722,331,67,165,156,279,85,34,441,357,200,55,758,285,431,411,713,76,475,191,190,0,389,362,514,158,253,733,365,502,146,61,726,276,164,165,156,743,512,437,548,139,61,724,436,150,278,822,111,545,234,131,147,737,154,173,476,110,401,449,536,242,565,215,60,697,681,166,62,257,58,196,734,49,472,777,204,196,73,353,278,232,31,228,50,791,392,267,717,526,64,49,367,809,355,62,156,61,61,149,128,61,66,64,74,58,80,60,60,64,61,61,65,69,70,70,64,70,70,63,63,64,59,69,63,77,71,73,67,65,64,64,70,68,73,74,78,76,72,
RegressionTest0::test033 ,432,415,428,440,432,432,433,432,254,180,431,194,404,234,355,288,336,388,159,76,203,413,487,274,166,145,422,397,169,263,264,389,0,206,229,239,190,442,129,219,367,351,435,179,363,232,245,464,226,320,162,309,352,433,111,249,172,726,348,259,233,309,363,446,352,226,322,347,199,250,252,282,293,299,405,311,396,231,360,321,410,274,528,379,254,528,266,274,358,232,259,265,390,263,380,540,253,293,483,296,360,377,228,575,233,430,392,417,395,369,393,410,410,435,445,424,452,417,431,433,431,429,436,440,440,440,435,440,440,432,429,433,426,441,433,446,441,444,437,437,433,433,442,440,443,445,447,447,445,
RegressionTest0::test034 ,403,386,399,411,403,403,404,403,228,176,454,189,376,235,327,267,307,361,231,181,208,383,524,246,202,218,445,367,237,220,221,362,206,0,264,240,193,465,137,252,344,320,458,180,339,234,241,517,260,308,292,285,323,456,209,245,175,720,318,284,209,282,339,464,323,229,333,318,192,257,294,256,307,279,377,428,414,234,333,301,380,244,522,351,272,537,242,244,331,259,217,225,361,222,352,549,249,249,485,333,331,348,211,572,241,402,361,386,368,335,359,380,381,405,416,395,423,387,401,403,401,399,406,410,411,411,405,411,411,402,399,403,396,412,403,417,412,415,407,408,403,403,413,411,414,416,418,418,416,
RegressionTest0::test035 ,558,541,554,566,558,558,559,558,355,258,282,292,529,393,479,389,462,514,168,239,365,538,390,380,135,233,273,522,200,385,385,514,229,264,0,398,269,292,232,14,490,478,284,247,484,392,397,440,20,374,249,429,480,283,217,402,246,710,470,38,352,433,488,296,474,387,380,470,259,260,313,399,107,417,530,332,248,392,484,433,536,392,490,506,303,462,384,392,485,310,355,377,516,370,506,466,333,392,411,299,483,503,310,504,320,556,511,540,520,484,513,533,536,560,570,549,578,541,556,558,556,554,561,565,566,566,560,566,566,557,553,558,551,567,558,572,567,570,562,563,558,558,568,566,568,571,573,573,571,
RegressionTest0::test036 ,193,176,189,201,193,193,194,193,62,153,604,228,169,9,159,213,100,156,323,206,45,175,659,216,311,305,595,164,328,84,83,158,239,240,398,0,138,615,225,386,162,113,608,158,173,9,6,642,396,366,399,103,113,606,287,10,162,780,123,429,130,99,166,619,158,17,391,123,300,348,387,175,447,158,170,549,564,10,130,205,172,115,646,145,373,673,112,115,127,261,193,146,156,144,144,691,303,199,619,425,130,141,267,708,262,194,186,190,170,174,180,188,176,197,207,187,213,184,193,195,193,192,198,202,202,202,197,202,202,194,194,195,189,202,196,208,203,205,199,198,195,195,203,202,205,206,209,208,206,
RegressionTest0::test037 ,291,274,287,299,291,291,292,291,88,27,479,168,264,135,233,222,195,251,213,165,110,272,582,200,186,237,470,260,279,141,141,253,190,193,269,138,0,490,168,258,241,211,483,25,244,134,138,565,268,322,351,180,214,481,238,142,31,756,211,301,145,173,241,494,231,131,342,210,222,291,353,202,319,197,265,499,439,133,225,230,269,148,584,242,319,606,142,148,224,206,178,168,254,167,242,620,261,212,548,363,223,236,233,645,208,290,267,280,260,243,266,278,271,294,304,283,311,278,290,292,291,288,295,299,300,300,294,300,300,291,289,292,285,300,292,305,301,303,295,296,292,292,301,300,302,304,306,306,304,
RegressionTest0::test038 ,777,761,774,785,777,777,779,777,574,479,15,494,744,611,691,594,682,730,374,459,580,758,402,578,348,442,21,737,364,602,603,733,442,465,292,615,490,0,429,301,700,698,10,468,693,609,616,425,296,544,341,642,700,17,415,621,468,708,686,276,568,651,698,19,688,605,534,686,441,436,449,608,276,624,747,345,138,608,702,633,756,599,493,725,439,402,596,599,704,513,556,576,733,575,724,449,506,592,413,423,701,723,494,478,510,775,720,759,736,695,729,751,756,779,791,769,797,761,774,777,774,775,780,785,786,786,779,786,786,777,773,778,770,787,778,792,787,790,782,782,777,777,788,786,789,791,793,793,791,
RegressionTest0::test039 ,405,388,401,413,405,405,406,405,230,150,418,183,376,222,330,263,307,363,175,109,194,386,508,248,158,144,409,369,171,236,237,365,129,137,232,225,168,429,0,221,343,322,422,154,343,220,226,494,231,325,249,288,325,420,147,230,148,731,321,258,211,281,342,433,330,217,323,322,178,219,280,253,278,274,378,397,375,219,334,310,382,246,530,353,272,533,241,246,332,233,234,244,364,240,352,539,272,274,482,316,332,350,220,580,252,403,367,391,371,343,366,385,384,408,418,397,425,390,403,406,404,402,408,413,413,413,408,413,413,404,402,405,398,414,405,419,414,417,410,410,406,406,415,413,416,418,420,420,418,
RegressionTest0::test040 ,547,530,543,555,547,547,548,547,344,247,290,281,517,382,468,379,451,502,157,228,353,527,388,369,124,222,281,510,189,374,374,502,219,252,14,386,258,301,221,0,479,467,294,236,472,380,385,430,10,371,250,419,469,292,206,390,235,707,458,43,341,422,477,305,463,377,369,458,248,249,301,388,117,406,518,340,256,379,473,423,525,382,494,495,292,468,373,382,474,298,344,365,504,364,495,472,324,382,418,291,472,492,299,512,311,545,500,530,509,474,502,523,525,549,560,538,567,530,545,547,545,544,550,554,555,555,549,555,555,546,542,547,539,556,547,561,556,559,551,552,547,547,557,555,558,560,562,562,560,
RegressionTest0::test041 ,176,171,172,179,176,176,176,176,175,254,689,314,113,164,100,261,148,137,418,335,194,170,728,277,408,390,681,110,451,187,187,146,367,344,490,162,241,700,343,479,0,144,693,260,54,166,162,709,489,408,523,157,143,692,411,157,263,736,134,522,223,157,67,705,112,172,427,134,380,430,501,230,540,206,112,668,654,167,154,168,166,192,697,139,449,746,190,192,137,329,255,225,146,213,138,763,369,261,689,502,152,156,346,771,332,178,166,182,163,169,154,181,167,180,188,174,191,166,177,179,177,178,180,183,185,185,180,185,185,176,174,176,172,182,176,191,186,189,179,183,179,179,185,184,187,189,192,190,187,
RegressionTest0::test042 ,86,68,83,93,86,86,86,86,132,225,687,307,73,120,150,263,34,69,404,318,157,67,737,279,391,385,678,79,438,162,161,61,351,320,478,113,211,698,322,467,144,0,691,235,163,121,113,722,477,430,511,123,6,689,399,105,236,815,91,510,208,100,143,702,152,128,460,90,377,427,497,231,529,204,73,660,646,122,70,242,69,169,718,42,449,754,177,169,57,328,252,206,58,200,44,769,369,250,697,503,69,41,341,784,332,88,164,92,81,151,141,93,82,89,99,84,105,83,86,89,87,86,90,94,95,95,89,95,95,89,89,90,85,95,89,100,96,97,93,90,89,89,95,94,97,98,101,100,98,
RegressionTest0::test043 ,770,754,767,778,770,770,772,770,567,472,18,487,738,603,684,586,675,723,367,452,573,751,403,570,341,435,14,730,357,595,595,726,435,458,284,608,483,10,422,294,693,691,0,461,686,601,609,424,289,536,334,634,693,11,408,614,461,710,679,269,561,644,691,19,680,597,528,679,434,432,442,600,269,618,740,343,134,600,695,626,749,591,491,718,433,403,590,591,697,506,549,569,726,567,717,450,500,584,411,416,694,716,487,476,503,768,714,752,728,688,722,744,749,772,783,761,790,754,767,770,767,767,773,778,779,779,772,779,779,770,766,771,763,780,771,785,780,783,775,775,770,770,781,779,781,784,786,786,784,
RegressionTest0::test044 ,315,298,311,323,315,315,316,315,112,34,457,167,288,157,256,217,219,275,199,152,133,296,562,212,168,230,448,283,261,163,162,276,179,180,247,158,25,468,154,236,260,235,461,0,263,155,159,552,246,314,333,199,237,459,224,163,25,747,233,279,159,197,262,472,249,152,348,233,210,280,339,213,296,214,289,478,417,154,248,248,293,162,568,265,304,586,163,162,245,206,195,167,276,166,265,605,253,220,536,358,246,260,224,629,217,314,286,302,282,261,285,299,295,318,328,307,335,301,314,316,315,312,319,323,324,324,318,324,324,315,312,316,309,324,316,329,325,327,319,320,316,316,325,324,326,328,330,330,328,
RegressionTest0::test045 ,199,195,194,203,199,199,200,199,187,259,682,312,138,174,122,261,169,155,410,335,201,193,720,277,405,386,673,132,443,196,195,164,363,339,484,173,244,693,343,472,54,163,686,263,0,176,171,697,481,400,515,170,162,684,408,169,266,708,145,513,230,173,83,696,117,177,422,145,377,424,490,236,532,214,136,658,645,176,173,157,189,197,691,160,443,739,202,197,166,329,252,218,167,221,161,754,363,253,681,496,173,176,345,764,326,201,180,203,188,187,173,203,190,203,212,196,215,188,200,203,200,202,203,206,208,208,203,208,208,198,197,198,195,205,198,214,209,212,203,206,203,203,210,207,211,212,215,214,211,
RegressionTest0::test046 ,201,184,197,209,201,201,202,201,64,148,598,222,175,3,166,210,107,164,318,200,38,183,654,210,307,302,589,170,322,81,81,165,232,234,392,9,134,609,220,380,166,121,601,155,176,0,15,636,390,361,392,104,121,600,281,18,157,776,127,423,125,104,168,613,161,9,386,127,294,341,379,175,442,162,178,542,559,1,138,206,180,111,640,153,367,668,117,110,134,259,189,141,163,140,152,686,297,193,614,422,137,149,268,702,258,201,190,195,177,178,187,193,184,205,214,195,221,192,201,203,201,200,206,209,210,210,205,210,210,202,202,203,197,210,204,216,211,213,207,206,203,203,211,210,212,214,217,216,214,
RegressionTest0::test047 ,192,175,188,200,192,192,193,192,63,153,605,229,168,15,158,215,101,157,323,212,51,174,659,215,311,307,596,163,333,87,86,156,245,241,397,6,138,616,226,385,162,113,609,159,171,15,0,643,395,365,405,103,112,607,292,12,162,781,124,428,132,101,165,620,157,23,391,124,299,350,393,175,448,158,168,555,564,16,129,205,171,116,645,147,374,674,112,117,128,262,195,148,156,147,146,692,302,199,620,426,129,140,268,709,261,193,186,189,169,172,180,187,175,196,206,186,212,183,192,194,193,191,197,201,201,201,196,201,201,193,193,194,188,201,195,207,202,204,198,197,194,194,202,201,204,205,208,207,205,
RegressionTest0::test048 ,791,774,788,800,791,791,792,791,626,555,416,503,751,638,701,589,705,737,463,484,606,771,424,585,460,459,412,743,437,619,620,743,464,517,440,642,565,425,494,430,709,722,424,552,697,636,643,0,430,540,411,657,725,421,459,648,547,720,695,433,578,664,703,421,684,632,510,694,460,468,514,598,431,620,755,465,427,635,711,633,769,617,494,737,494,511,612,617,716,539,580,602,740,600,736,494,553,605,437,446,706,738,512,552,540,790,723,774,749,716,730,763,769,792,806,782,812,774,788,791,788,789,793,797,799,799,792,799,799,791,787,791,783,801,791,807,800,803,796,795,791,791,801,799,804,804,808,807,804,
RegressionTest0::test049 ,557,540,552,565,557,557,557,557,354,257,285,290,526,392,477,389,461,511,165,238,362,536,391,377,134,231,276,520,199,383,383,512,226,260,20,396,268,296,231,10,489,477,289,246,481,390,395,430,0,378,252,429,479,287,216,400,245,704,468,33,350,431,487,301,472,386,375,468,257,252,307,396,116,416,527,337,252,389,482,430,534,387,496,505,301,464,382,387,484,308,353,374,514,372,505,471,330,389,420,292,481,502,304,512,316,555,508,540,519,483,511,533,534,558,570,547,577,539,554,557,554,553,559,564,565,565,558,565,565,556,552,557,548,565,556,571,566,569,560,561,557,557,566,564,568,570,572,572,569,
RegressionTest0::test050 ,488,471,484,496,488,488,488,488,356,326,538,298,450,362,403,321,416,435,334,314,348,468,553,252,343,322,530,443,350,345,345,437,320,308,374,366,322,544,325,371,408,430,536,314,400,361,365,540,378,0,395,362,429,539,343,368,320,697,403,404,317,378,408,551,392,359,261,403,322,358,362,317,411,321,453,513,510,361,403,332,466,343,496,443,368,593,342,343,422,311,299,331,439,326,443,601,288,301,521,393,414,440,329,592,282,487,415,470,446,415,420,459,469,491,501,483,508,474,486,491,487,487,491,495,498,497,491,498,497,487,484,488,482,496,488,503,498,500,492,492,491,491,497,496,500,501,504,504,500,
RegressionTest0::test051 ,592,575,588,600,592,592,593,592,414,336,329,318,561,394,508,419,495,547,244,236,361,572,414,405,242,256,321,553,168,419,420,548,162,292,249,399,351,341,249,250,523,511,334,333,515,392,405,411,252,395,0,462,512,332,185,409,327,700,503,243,386,465,518,337,506,386,380,503,273,291,275,422,224,444,563,218,278,391,517,462,569,418,466,539,313,438,417,418,517,347,383,405,549,402,538,456,375,423,412,319,517,536,330,505,360,590,543,575,553,518,548,567,570,594,605,583,612,575,590,592,590,589,595,599,600,600,594,600,600,592,589,593,585,601,593,606,601,604,597,597,592,592,602,600,603,605,607,607,605,
RegressionTest0::test052 ,173,156,169,181,173,173,173,173,122,194,632,252,151,104,152,209,113,144,358,278,134,154,671,212,349,327,623,149,391,129,127,139,309,285,429,103,180,642,288,419,157,123,634,199,170,104,103,657,429,362,462,0,123,633,353,101,203,794,113,460,166,98,153,645,154,111,386,113,319,369,450,184,479,164,155,607,593,105,110,222,151,126,641,140,385,686,131,126,118,266,202,163,135,157,140,701,305,187,626,440,106,130,288,716,265,174,176,162,146,156,166,160,159,177,186,171,193,163,174,176,174,172,178,181,184,183,177,184,183,175,172,175,172,182,176,188,184,185,180,177,176,176,182,182,185,186,189,188,185,
RegressionTest0::test053 ,85,67,82,92,85,85,85,85,133,226,689,309,73,120,149,263,34,70,406,319,157,66,740,278,393,387,680,76,439,164,163,61,352,323,480,113,214,700,325,469,143,6,693,237,162,121,112,725,479,429,512,123,0,691,400,104,238,815,93,512,210,102,141,704,150,128,461,92,378,429,497,228,531,201,72,662,648,122,70,242,68,170,718,45,450,756,177,170,57,329,253,207,59,201,43,771,370,251,699,504,69,39,342,785,332,88,162,91,82,152,140,92,81,88,98,83,104,83,86,89,87,87,89,93,94,94,88,94,94,89,89,90,84,94,89,99,95,96,92,89,89,89,94,94,96,97,100,100,97,
RegressionTest0::test054 ,768,752,765,776,768,768,770,768,565,470,15,485,735,602,682,585,673,721,365,450,571,749,410,569,339,433,12,727,355,593,594,724,433,456,283,606,481,17,420,292,692,689,11,459,684,600,607,421,287,539,332,633,691,0,406,612,459,704,676,267,559,642,690,28,679,596,526,677,432,430,440,599,267,616,738,349,135,599,693,624,747,590,500,716,431,408,587,590,695,504,547,567,724,568,715,448,496,582,416,413,692,714,484,476,501,766,711,750,727,686,720,741,747,770,782,760,788,752,765,768,765,766,771,776,777,777,770,777,777,768,764,769,761,778,769,783,778,781,773,773,768,768,779,777,780,782,784,784,782,
RegressionTest0::test055 ,480,463,475,488,480,480,480,480,302,227,404,237,449,282,400,316,384,435,163,106,252,460,464,303,184,201,395,443,146,307,307,436,111,209,217,287,238,415,147,206,411,399,408,224,408,281,292,459,216,343,185,353,400,406,0,297,218,718,391,236,280,356,412,415,394,276,337,391,206,183,250,325,241,341,451,334,365,280,407,364,457,313,507,425,258,506,310,314,406,276,286,304,437,302,425,523,284,326,460,299,407,425,258,534,274,478,435,463,441,410,437,458,458,482,493,471,500,464,478,481,478,476,483,487,488,488,482,488,488,479,475,480,472,488,480,494,489,492,484,484,481,481,489,487,491,493,495,495,492,
RegressionTest0::test056 ,184,167,180,192,184,184,185,184,68,157,610,234,161,17,152,216,91,150,328,216,54,166,664,220,315,310,601,157,336,88,87,150,249,245,402,10,142,621,230,390,157,105,614,163,169,18,12,648,400,368,409,101,104,612,297,0,166,784,120,433,135,95,160,625,155,25,395,119,305,353,396,174,452,156,162,559,569,19,122,205,163,120,651,139,378,679,116,120,120,263,198,151,150,149,138,696,308,203,624,430,121,132,272,714,266,185,181,182,162,168,174,180,168,188,198,178,204,175,184,186,185,183,189,193,193,193,188,193,193,185,185,186,180,193,187,199,194,196,190,189,186,186,194,193,196,197,200,199,197,
RegressionTest0::test057 ,315,298,311,323,315,315,316,315,112,21,457,154,289,158,255,203,219,277,192,142,135,296,559,205,159,219,448,284,257,157,157,278,172,175,246,162,31,468,148,235,263,236,461,25,266,157,162,547,245,320,327,203,238,459,218,166,0,753,235,278,152,198,264,472,252,154,335,235,203,271,334,198,298,210,290,476,416,157,247,247,293,170,564,267,302,586,165,170,247,197,189,172,278,175,267,600,258,226,527,354,245,260,219,625,208,314,287,304,282,259,287,301,294,319,328,308,335,302,315,316,316,312,319,323,323,323,319,323,323,315,312,316,310,324,316,329,324,327,319,320,316,316,325,324,326,328,330,330,328,
RegressionTest0::test058 ,866,860,860,870,866,866,867,866,786,761,703,736,797,776,729,760,815,808,723,736,771,858,721,750,724,735,702,790,702,776,776,822,726,720,710,780,756,708,731,707,736,815,710,747,708,776,781,720,704,697,700,794,815,704,718,784,753,0,781,709,759,799,730,714,737,773,685,781,724,727,680,754,692,755,803,707,715,776,817,680,852,780,737,809,720,742,772,780,807,749,753,764,820,770,807,759,709,754,723,714,819,828,727,757,727,863,794,851,841,804,797,845,850,866,879,855,882,846,863,868,863,866,866,870,875,875,866,875,875,862,861,862,858,872,862,881,876,879,870,871,868,868,877,874,878,879,882,881,878,
RegressionTest0::test059 ,144,128,139,149,144,144,145,144,144,224,674,288,115,129,133,239,83,113,400,316,161,126,713,259,385,368,666,117,429,154,154,111,348,318,470,123,211,686,321,458,134,91,679,233,145,127,124,695,468,403,503,113,93,676,391,120,235,781,0,501,195,106,136,690,136,134,435,2,356,412,492,215,519,188,115,649,636,128,96,236,122,158,687,106,425,730,165,158,94,309,236,187,114,185,106,746,349,221,673,481,91,107,322,761,312,146,165,146,128,145,147,145,131,145,158,141,161,134,143,148,143,145,145,149,154,153,145,154,153,145,144,145,139,151,144,160,154,157,149,149,148,148,154,152,157,158,161,160,157,
RegressionTest0::test060 ,590,573,585,598,590,590,590,590,387,289,265,321,559,424,507,416,493,544,193,271,395,569,388,403,167,256,256,553,213,416,415,545,259,284,38,429,301,276,258,43,522,510,269,279,513,423,428,433,33,404,243,460,512,267,236,433,278,709,501,0,383,464,519,276,504,419,398,501,287,265,317,425,105,446,560,316,227,422,514,459,566,418,477,538,314,441,415,418,517,340,382,405,546,402,538,454,359,419,407,317,513,535,337,495,346,588,541,573,551,514,543,566,567,591,603,580,610,572,587,590,587,586,591,596,598,598,591,598,598,589,585,590,581,598,589,604,599,602,593,594,590,590,599,597,601,603,605,605,602,
